# #SDC0
1 0 6 6 0 0.0837037 -0.00273707 0.00012926 -2.63054e-06 1.73991e-08
2 0 6 6 0 0.0921453 -0.00369713 0.000174573 -3.58094e-06 2.46226e-08
3 0 6 6 0 0.107463 -0.00549228 0.000257686 -5.26035e-06 3.68948e-08
4 0 6 6 0 0.0908176 -0.00379216 0.000182586 -3.75059e-06 2.5786e-08
# #SDC1
# 5 0 6 6 0 0.0752848 -0.000680275 1.2443e-05 -1.13487e-07 3.48391e-10
# 6 0 6 6 0 0.0762148 -0.000724306 1.34308e-05 -1.23245e-07 3.82076e-10
# 7 0 6 6 0 0.0728595 -0.000530293 9.26142e-06 -8.4797e-08 2.55422e-10
# 8 0 6 6 0 0.0785474 -0.000758703 1.33009e-05 -1.17636e-07 3.53491e-10
# 9 0 6 6 0 0.0801939 -0.00085141 1.46821e-05 -1.26618e-07 3.77957e-10
# 10 0 6 6 0 0.0836051 -0.000885547 1.44176e-05 -1.21028e-07 3.53464e-10
# #SDC0
# 1 0 6 6 0 0.151032 -0.00729412 0.000251552 -4.01462e-06 2.27684e-08
# 2 0 6 6 0 0.0725118 -0.000969549 3.95305e-05 -8.87304e-07 5.9776e-09
# 3 0 6 6 0 0.0654155 -0.000367189 1.72075e-05 -5.38014e-07 4.02667e-09
# 4 0 6 6 0 0.0717064 -0.0011769 5.16242e-05 -1.10621e-06 7.26801e-09
#SDC0
# 1 0 6 6 0 0.0837105 -0.00273819 0.000129318 -2.63177e-06 1.74083e-08
# 2 0 6 6 0 0.0921437 -0.00369679 0.000174551 -3.58039e-06 2.46181e-08
# 3 0 6 6 0 0.107467 -0.00549188 0.000257652 -5.25964e-06 3.689e-08
# 4 0 6 6 0 0.0908259 -0.00379285 0.000182633 -3.752e-06 2.57995e-08
#SDC1
5 0 6 6 0 0.0581973 -6.42447e-05 8.48731e-07 -1.49982e-08 4.34195e-11
6 0 6 6 0 0.0572257 1.29165e-05 -1.43377e-07 -1.05291e-08 3.68857e-11
7 0 6 6 0 0.0513085 0.000128026 -9.56571e-07 -7.93359e-09 3.34168e-11
8 0 6 6 0 0.053713 8.30242e-05 -6.01282e-07 -9.58558e-09 3.71535e-11
9 0 6 6 0 0.0576097 -5.76821e-05 9.18234e-07 -1.59407e-08 4.59451e-11
10 0 6 6 0 0.0581727 -3.16251e-05 3.65362e-07 -1.27456e-08 3.99809e-11
#SDC2
31 0 6 6 0 0.0671611 -0.000213316 5.61451e-07 -3.60572e-10 -1.35081e-12
32 0 6 6 0 0.0566251 3.5045e-06 -1.14154e-06 5.38924e-09 -8.30773e-12
33 0 6 6 0 0.0561502 2.23684e-05 -1.33882e-06 6.16846e-09 -9.35874e-12
34 0 6 6 0 0.0629543 -0.00013497 -6.90394e-08 1.80973e-09 -4.00781e-12
35 0 6 6 0 0.0599976 -6.53736e-05 -6.29279e-07 3.76797e-09 -6.48297e-12
#SDC3
36 0 6 6 0 0.0638932 -0.000129746 -1.75235e-07 2.19387e-09 -4.42135e-12
37 0 6 6 0 0.0568665 5.98538e-06 -1.2367e-06 5.91028e-09 -9.1245e-12
38 0 6 6 0 0.0587954 -2.76101e-05 -9.99046e-07 5.16304e-09 -8.27123e-12
39 0 6 6 0 0.0577624 -6.96652e-06 -1.24487e-06 6.34111e-09 -1.01632e-11
40 0 6 6 0 0.0651928 -0.000162223 1.02647e-07 1.31381e-09 -3.51463e-12
