##
#  file: DCDriftParam_hyps_run01413
#  date: 2024-12-06
#  note: first version using run01413
#        DCDriftParam SdcIn ... done
#        DCDriftParam SdcOut ... done 
#
#######################################################################
# Id	WireId	Type	NParam	p0	p1	...
### SDC0
1	0	6	6	0.0000e+00	2.683240e-02 2.145865e-03 -5.472173e-05 4.522345e-07 -1.192813e-09
2	0	6	6	0.0000e+00	2.284419e-02 2.272605e-03 -5.588360e-05 4.522888e-07 -1.163025e-09
3	0	6	6	0.0000e+00	2.408411e-02 2.082078e-03 -4.858027e-05 3.508405e-07 -6.937856e-10
4	0	6	6	0.0000e+00	1.804576e-02 2.227192e-03 -4.761584e-05 3.062441e-07 -4.235541e-10
### SDC1
5	0	6	6	0.0000e+00	4.941959e-02 1.448056e-04 -1.700814e-06 -2.419941e-10 1.347936e-11
6	0	6	6	0.0000e+00	5.223952e-02 9.769258e-05 -1.384961e-06 -1.580810e-09 1.644956e-11
7	0	6	6	0.0000e+00	4.831974e-02 2.446127e-04 -2.840164e-06 4.014055e-09 8.955853e-12
8	0	6	6	0.0000e+00	4.623827e-02 3.714164e-04 -4.759881e-06 1.499560e-08 -1.255069e-11
9	0	6	6	0.0000e+00	5.795993e-02 2.600365e-06 -5.059273e-07 -6.159253e-09 2.571090e-11
10	0	6	6	0.0000e+00	5.303923e-02 2.062648e-04 -2.905834e-06 5.116612e-09 6.954280e-12
### SDC2
31	0	6	6	0.0000e+00	1.125391e-02	7.468815e-04	-6.316176e-06	2.169705e-08	-2.710604e-11
32	0	6	6	0.0000e+00	1.254694e-02	7.215363e-04	-6.088807e-06	2.083722e-08	-2.598684e-11
33	0	6	6	0.0000e+00	1.231766e-02	7.222062e-04	-6.090014e-06	2.085091e-08	-2.601547e-11
34	0	6	6	0.0000e+00	1.137121e-02	7.433026e-04	-6.309642e-06	2.173943e-08	-2.719906e-11
35	0	6	6	0.0000e+00	1.256592e-02	7.259183e-04	-6.144436e-06	2.114087e-08	-2.653870e-11
### SDC3				  		  		   		  		   	
36	0	6	6	0.0000e+00	1.216311e-02	7.377666e-04	-6.259595e-06	2.153026e-08	-2.695012e-11
37	0	6	6	0.0000e+00	1.476695e-02	6.939865e-04	-5.872052e-06	2.005332e-08	-2.503277e-11
38	0	6	6	0.0000e+00	1.467811e-02	6.927036e-04	-5.852106e-06	1.997438e-08	-2.493238e-11
39	0	6	6	0.0000e+00	2.759400e-02	4.709487e-04	-4.381181e-06	1.564266e-08	-2.021837e-11
40	0	6	6	0.0000e+00	3.070619e-02	4.262745e-04	-3.926830e-06	1.373015e-08	-1.761668e-11
