#SDC0
1 0 6 6 0 0.0258066 0.00355096 -0.000154546 3.1971e-06 -2.65208e-08
2 0 6 6 0 0.035412 0.00239213 -9.49688e-05 1.80599e-06 -1.4527e-08
3 0 6 6 0 0.000640009 0.00555137 -0.000229427 4.58529e-06 -3.63248e-08
4 0 6 6 0 -0.00615192 0.00565594 -0.000215056 3.99866e-06 -2.97807e-08
#SDC1
5 0 6 6 0 0.0760238 -0.000737706 1.40008e-05 -1.30395e-07 4.11473e-10
6 0 6 6 0 0.0769645 -0.000786564 1.51452e-05 -1.41958e-07 4.52229e-10
7 0 6 6 0 0.0733773 -0.000570467 1.03229e-05 -9.6367e-08 2.99315e-10
8 0 6 6 0 0.0793412 -0.000819654 1.49104e-05 -1.35062e-07 4.191e-10
9 0 6 6 0 0.0811666 -0.000935623 1.69814e-05 -1.5167e-07 4.72173e-10
10 0 6 6 0 0.0844758 -0.000953961 1.62627e-05 -1.41068e-07 4.28557e-10
#SDC2
31 0 6 6 0 0.0699513 -0.000268913 1.12422e-06 -3.069e-09 3.58438e-12
32 0 6 6 0 0.0618483 -7.98468e-05 -5.35947e-07 3.1747e-09 -4.8899e-12
33 0 6 6 0 0.0615557 -6.58506e-05 -6.73332e-07 3.6954e-09 -5.59504e-12
34 0 6 6 0 0.0700515 -0.000235915 6.27989e-07 -5.24789e-10 -7.65619e-13
35 0 6 6 0 0.0621233 -6.16206e-05 -8.9186e-07 5.35681e-09 -9.09805e-12
#SDC3
36 0 6 6 0 0.0720792 -0.000286146 1.20611e-06 -3.47861e-09 4.46591e-12
37 0 6 6 0 0.0630852 -0.000106032 -3.08561e-07 2.25317e-09 -3.48983e-12
38 0 6 6 0 0.0657862 -0.000149983 -1.64858e-08 1.3965e-09 -2.59819e-12
39 0 6 6 0 0.0665899 -0.000188067 3.33203e-07 2.53309e-10 -1.37823e-12
40 0 6 6 0 0.0678586 -0.000175239 -4.24266e-10 2.32875e-09 -5.414e-12
