##
#  file: DCDriftParam_hyps_run01413
#  date: 2024-12-06
#  note: first version using run01413
#        DCDriftParam SdcIn ... done
#        DCDriftParam SdcOut ... done 
#
#######################################################################
# Id	WireId	Type	NParam	p0	p1	...
### SDC0
1	0	6	6	0.0000e+00	2.216321e-02 1.356283e-03 -2.238222e-05 2.850571e-08 7.072235e-10
2	0	6	6	0.0000e+00	2.323688e-02 1.283339e-03 -2.030130e-05 8.538982e-10 8.447151e-10
3	0	6	6	0.0000e+00	2.463970e-02 1.088280e-03 -1.277598e-05 -1.094781e-07 1.396781e-09
4	0	6	6	0.0000e+00	2.475508e-02 8.611601e-04 -4.000065e-06 -2.269080e-07 1.932959e-09
### SDC1
5	0	6	6	0.0000e+00	2.108413e-02 8.922156e-04 -1.144025e-05 5.737406e-08 -1.073686e-10
6	0	6	6	0.0000e+00	1.830211e-02 8.483500e-04 -1.006076e-05 4.779034e-08 -8.661063e-11
7	0	6	6	0.0000e+00	1.939147e-02 9.137971e-04 -1.129899e-05 5.489864e-08 -1.000983e-10
8	0	6	6	0.0000e+00	1.988363e-02 8.814422e-04 -1.069655e-05 5.082450e-08 -9.099337e-11
9	0	6	6	0.0000e+00	1.784225e-02 9.188399e-04 -1.118613e-05 5.409245e-08 -9.853082e-11
10	0	6	6	0.0000e+00	2.241007e-02 8.833620e-04 -1.124529e-05 5.506089e-08 -1.003074e-10
### SDC2
31	0	6	6	0.0000e+00	4.803397e-02 1.371466e-04 -2.202734e-06 8.619676e-09 -1.113130e-11
32	0	6	6	0.0000e+00	3.459423e-02 4.022133e-04 -4.180359e-06 1.518010e-08 -1.922209e-11
33	0	6	6	0.0000e+00	3.453355e-02 4.007981e-04 -4.157844e-06 1.508045e-08 -1.908199e-11
34	0	6	6	0.0000e+00	3.355284e-02 3.990177e-04 -4.106784e-06 1.487480e-08 -1.876578e-11
35	0	6	6	0.0000e+00	3.451927e-02 4.105686e-04 -4.321322e-06 1.598613e-08 -2.064500e-11
### SDC3				  	
36	0	6	6	0.0000e+00	3.275845e-02 4.130512e-04 -4.199508e-06 1.501572e-08 -1.862733e-11
37	0	6	6	0.0000e+00	3.509512e-02 4.000060e-04 -4.209492e-06 1.543554e-08 -1.973617e-11
38	0	6	6	0.0000e+00	3.541387e-02 3.961486e-04 -4.183554e-06 1.533896e-08 -1.959787e-11
39	0	6	6	0.0000e+00	4.927566e-02 1.277234e-04 -2.198209e-06 8.935397e-09 -1.205385e-11
40	0	6	6	0.0000e+00	5.220025e-02 1.094459e-04 -2.154246e-06 9.062661e-09 -1.266843e-11
