#SDC0
1 0 6 6 0 0.187632 -0.0162025 0.000911357 -2.30143e-05 2.09722e-07
2 0 6 6 0 0.163156 -0.0131404 0.000749006 -1.90784e-05 1.74372e-07
3 0 6 6 0 0.140666 -0.0112711 0.000666166 -1.70807e-05 1.55583e-07
4 0 6 6 0 0.139927 -0.0107501 0.000628924 -1.61103e-05 1.46771e-07
#SDC1
5 0 6 6 0 0.0815207 -0.00107211 2.13269e-05 -1.96465e-07 6.2122e-10
6 0 6 6 0 0.0689484 -0.000728759 1.69228e-05 -1.658e-07 5.32736e-10
7 0 6 6 0 0.0543346 -0.000133126 5.95317e-06 -7.01391e-08 2.22597e-10
8 0 6 6 0 0.0632454 -0.000451003 1.22163e-05 -1.28484e-07 4.1565e-10
9 0 6 6 0 0.0834015 -0.00115398 2.31887e-05 -2.13007e-07 6.68738e-10
10 0 6 6 0 0.081661 -0.0010163 2.03946e-05 -1.88232e-07 5.84825e-10
#SDC2
31 0 6 6 0 0.0411449 0.000227728 -2.30997e-06 7.7676e-09 -9.30555e-12
32 0 6 6 0 0.0345586 0.000404932 -4.05647e-06 1.51128e-08 -2.03749e-11
33 0 6 6 0 0.0330269 0.000453101 -4.48121e-06 1.66058e-08 -2.22463e-11
34 0 6 6 0 0.0344237 0.000418337 -4.19404e-06 1.55746e-08 -2.08554e-11
35 0 6 6 0 0.0368961 0.000379668 -4.01507e-06 1.55751e-08 -2.18275e-11
#SDC3
36 0 6 6 0 0.0433852 0.000216288 -2.30387e-06 7.62081e-09 -8.68183e-12
37 0 6 6 0 0.0370072 0.000366892 -3.78549e-06 1.4062e-08 -1.87289e-11
38 0 6 6 0 0.0398033 0.000322408 -3.49669e-06 1.32075e-08 -1.77817e-11
39 0 6 6 0 0.0419308 0.000257592 -2.89551e-06 1.09225e-08 -1.46601e-11
40 0 6 6 0 0.0428322 0.000280324 -3.30343e-06 1.31783e-08 -1.87708e-11
