##
#  file: DCDriftParam_hyps_run01413
#  date: 2024-12-06
#  note: first version using run01413
#        DCDriftParam SdcIn ... done
#        DCDriftParam SdcOut ... done 
#
#######################################################################
# Id	WireId	Type	NParam	p0	p1	...
### SDC0
1	0	6	6	0.0000e+00	8.238536e-03 2.440757e-03 -4.677611e-05 2.436638e-07 5.686642e-11
2	0	6	6	0.0000e+00	8.915801e-03 2.465864e-03 -4.796543e-05 2.551469e-07 3.464502e-11
3	0	6	6	0.0000e+00	1.476560e-02 1.761682e-03 -2.196384e-05 -1.224128e-07 1.930175e-09
4	0	6	6	0.0000e+00	1.151727e-02 2.104312e-03 -3.327836e-05 3.173477e-08 1.179213e-09
### SDC1
5	0	6	6	0.0000e+00	1.596390e-02 6.127059e-04 -5.004042e-06 1.387202e-08 -1.242875e-11
6	0	6	6	0.0000e+00	1.294336e-02 4.691099e-04 -2.430974e-06 3.490954e-10 1.066878e-11
7	0	6	6	0.0000e+00	1.209755e-02 5.404021e-04 -3.521176e-06 6.408930e-09 -7.209705e-13
8	0	6	6	0.0000e+00	1.626845e-02 5.155704e-04 -3.452775e-06 5.538347e-09 2.431359e-12
9	0	6	6	0.0000e+00	1.708240e-02 6.155353e-04 -5.226768e-06 1.545859e-08 -1.581236e-11
10	0	6	6	0.0000e+00	2.082922e-02 6.504995e-04 -6.120897e-06 2.008002e-08 -2.321351e-11
### SDC2
31	0	6	6	0.0000e+00	4.113943e-02 1.883563e-04 -2.278444e-06 8.830178e-09 -1.210563e-11
32	0	6	6	0.0000e+00	2.878924e-02 4.077705e-04 -3.799985e-06 1.350746e-08 -1.739113e-11
33	0	6	6	0.0000e+00	2.911520e-02 4.011642e-04 -3.748769e-06 1.332855e-08 -1.715976e-11
34	0	6	6	0.0000e+00	2.769810e-02 4.254262e-04 -3.934493e-06 1.400167e-08 -1.806091e-11
35	0	6	6	0.0000e+00	2.949199e-02 3.988050e-04 -3.690835e-06 1.307273e-08 -1.690246e-11
### SDC3				  		  		   		  		   	
36	0	6	6	0.0000e+00	2.609276e-02 4.605603e-04 -4.231728e-06 1.504681e-08 -1.934281e-11
37	0	6	6	0.0000e+00	2.858052e-02 4.163379e-04 -3.839777e-06 1.358836e-08 -1.750406e-11
38	0	6	6	0.0000e+00	2.903046e-02 4.060384e-04 -3.747877e-06 1.324435e-08 -1.705283e-11
39	0	6	6	0.0000e+00	4.280965e-02 1.545150e-04 -1.951227e-06 7.571676e-09 -1.049974e-11
40	0	6	6	0.0000e+00	4.727791e-02 9.609217e-05 -1.391738e-06 5.201408e-09 -7.194132e-12
