##
#  file: DCDriftParam_hyps_run01413
#  date: 2024-12-06
#  note: first version using run01413
#        DCDriftParam SdcIn ... done
#        DCDriftParam SdcOut ... done 
#
#######################################################################
# Id	WireId	Type	NParam	p0	p1	...
### SDC0
1	0	6	6	0.0000e+00	-2.259719e-02 2.590319e-03 -2.862588e-05 -1.495209e-08 9.055612e-10
2	0	6	6	0.0000e+00	-2.339616e-02 2.627333e-03 -2.930211e-05 -9.082367e-09 8.853585e-10
3	0	6	6	0.0000e+00	-1.943291e-02 2.475068e-03 -2.586619e-05 -5.117780e-08 1.076516e-09
4	0	6	6	0.0000e+00	-1.981480e-02 2.376809e-03 -2.163338e-05 -1.060953e-07 1.304817e-09
### SDC1
5	0	6	6	0.0000e+00	-1.018782e-02	1.329338e-03	-1.179208e-05	4.154173e-08	-5.416171e-11
6	0	6	6	0.0000e+00	-9.193227e-03	1.237360e-03	-1.075487e-05	3.747659e-08	-4.892567e-11
7	0	6	6	0.0000e+00	-1.157873e-02	1.435134e-03	-1.310091e-05	4.736687e-08	-6.292574e-11
8	0	6	6	0.0000e+00	-1.124972e-02	1.455912e-03	-1.330238e-05	4.755250e-08	-6.163438e-11
9	0	6	6	0.0000e+00	-1.335123e-02	1.497976e-03	-1.376196e-05	5.015824e-08	-6.709389e-11
10	0	6	6	0.0000e+00	-1.727421e-02	1.677355e-03	-1.562461e-05	5.726043e-08	-7.599579e-11
### SDC2
31	0	6	6	0.0000e+00	1.125391e-02	7.468815e-04	-6.316176e-06	2.169705e-08	-2.710604e-11
32	0	6	6	0.0000e+00	1.254694e-02	7.215363e-04	-6.088807e-06	2.083722e-08	-2.598684e-11
33	0	6	6	0.0000e+00	1.231766e-02	7.222062e-04	-6.090014e-06	2.085091e-08	-2.601547e-11
34	0	6	6	0.0000e+00	1.137121e-02	7.433026e-04	-6.309642e-06	2.173943e-08	-2.719906e-11
35	0	6	6	0.0000e+00	1.256592e-02	7.259183e-04	-6.144436e-06	2.114087e-08	-2.653870e-11
### SDC3				  		  		   		  		   	
36	0	6	6	0.0000e+00	1.216311e-02	7.377666e-04	-6.259595e-06	2.153026e-08	-2.695012e-11
37	0	6	6	0.0000e+00	1.476695e-02	6.939865e-04	-5.872052e-06	2.005332e-08	-2.503277e-11
38	0	6	6	0.0000e+00	1.467811e-02	6.927036e-04	-5.852106e-06	1.997438e-08	-2.493238e-11
39	0	6	6	0.0000e+00	2.759400e-02	4.709487e-04	-4.381181e-06	1.564266e-08	-2.021837e-11
40	0	6	6	0.0000e+00	3.070619e-02	4.262745e-04	-3.926830e-06	1.373015e-08	-1.761668e-11
