##
#  file: DCTdcCalib_e70_20230526
#  date: 2021-05-26
#  note: first version
#        Changed WireId to 0-based
#
#
#######################################################################
# Id	WireId	p1	p0
#
#SDC0 TDC layer 0
1 0 0.833 -362.5
1 1 0.833 -362.5
1 2 0.833 -362.5
1 3 0.833 -357.5
1 4 0.833 -359.5
1 5 0.833 -357.5
1 6 0.833 -357.5
1 7 0.833 -360.5
1 8 0.833 -357.5
1 9 0.833 -357.5
1 10 0.833 -362.5
1 11 0.833 -357.5
1 12 0.833 -357.5
1 13 0.833 -357.5
1 14 0.833 -358.5
1 15 0.833 -354.5
1 16 0.833 -357.5
1 17 0.833 -358.5
1 18 0.833 -359.5
1 19 0.833 -359.5
1 20 0.833 -359.5
1 21 0.833 -362.5
1 22 0.833 -362.5
1 23 0.833 -360.5
1 24 0.833 -359.5
1 25 0.833 -362.5
1 26 0.833 -362.5
1 27 0.833 -362.5
1 28 0.833 -360.5
1 29 0.833 -362.5
1 30 0.833 -362.5
1 31 0.833 -361.5
1 32 0.833 -362.5
1 33 0.833 -362.5
1 34 0.833 -362.5
1 35 0.833 -362.5
1 36 0.833 -362.5
1 37 0.833 -362.5
1 38 0.833 -362.5
1 39 0.833 -362.5
1 40 0.833 -362.5
1 41 0.833 -362.5
1 42 0.833 -361.5
1 43 0.833 -362.5
1 44 0.833 -362.5
1 45 0.833 -360.5
1 46 0.833 -362.5
1 47 0.833 -362.5
1 48 0.833 -362.5
1 49 0.833 -362.5
1 50 0.833 -362.5
1 51 0.833 -362.5
1 52 0.833 -363.5
1 53 0.833 -362.5
1 54 0.833 -362.5
1 55 0.833 -362.5
1 56 0.833 -359.5
1 57 0.833 -362.5
1 58 0.833 -362.5
1 59 0.833 -362.5
1 60 0.833 -362.5
1 61 0.833 -362.5
1 62 0.833 -362.5
1 63 0.833 -362.5
1 64 0.833 -359.5
1 65 0.833 -359.5
1 66 0.833 -357.5
1 67 0.833 -357.5
1 68 0.833 -357.5
1 69 0.833 -357.5
1 70 0.833 -358.5
1 71 0.833 -358.5
1 72 0.833 -358.5
1 73 0.833 -362.5
1 74 0.833 -362.5
1 75 0.833 -360.5
1 76 0.833 -360.5
1 77 0.833 -360.5
1 78 0.833 -360.5
1 79 0.833 -358.5
1 80 0.833 -362.5
1 81 0.833 -362.5
1 82 0.833 -362.5
1 83 0.833 -362.5
1 84 0.833 -362.5
1 85 0.833 -362.5
1 86 0.833 -362.5
1 87 0.833 -362.5
1 88 0.833 -362.5
1 89 0.833 -362.5
1 90 0.833 -362.5
1 91 0.833 -362.5
1 92 0.833 -362.5
1 93 0.833 -362.5
1 94 0.833 -362.5
1 95 0.833 -362.5
1 96 0.833 -362.5
1 97 0.833 -362.5
1 98 0.833 -362.5
1 99 0.833 -360.5
1 100 0.833 -362.5
1 101 0.833 -360.5
1 102 0.833 -361.5
1 103 0.833 -361.5
1 104 0.833 -362.5
1 105 0.833 -362.5
1 106 0.833 -362.5
1 107 0.833 -362.5
1 108 0.833 -362.5
1 109 0.833 -362.5
1 110 0.833 -362.5
1 111 0.833 -362.5
#SDC0 TDC layer 1
2 0 0.833 -360.5
2 1 0.833 -359.5
2 2 0.833 -359.5
2 3 0.833 -361.5
2 4 0.833 -360.5
2 5 0.833 -360.5
2 6 0.833 -360.5
2 7 0.833 -358.5
2 8 0.833 -358.5
2 9 0.833 -361.5
2 10 0.833 -358.5
2 11 0.833 -358.5
2 12 0.833 -361.5
2 13 0.833 -360.5
2 14 0.833 -360.5
2 15 0.833 -358.5
2 16 0.833 -358.5
2 17 0.833 -360.5
2 18 0.833 -362.5
2 19 0.833 -360.5
2 20 0.833 -360.5
2 21 0.833 -358.5
2 22 0.833 -359.5
2 23 0.833 -360.5
2 24 0.833 -360.5
2 25 0.833 -360.5
2 26 0.833 -360.5
2 27 0.833 -359.5
2 28 0.833 -359.5
2 29 0.833 -359.5
2 30 0.833 -360.5
2 31 0.833 -362.5
2 32 0.833 -362.5
2 33 0.833 -363.5
2 34 0.833 -359.5
2 35 0.833 -362.5
2 36 0.833 -362.5
2 37 0.833 -362.5
2 38 0.833 -363.5
2 39 0.833 -363.5
2 40 0.833 -362.5
2 41 0.833 -363.5
2 42 0.833 -363.5
2 43 0.833 -362.5
2 44 0.833 -362.5
2 45 0.833 -362.5
2 46 0.833 -363.5
2 47 0.833 -363.5
2 48 0.833 -363.5
2 49 0.833 -358.5
2 50 0.833 -361.5
2 51 0.833 -361.5
2 52 0.833 -361.5
2 53 0.833 -362.5
2 54 0.833 -361.5
2 55 0.833 -360.5
2 56 0.833 -361.5
2 57 0.833 -362.5
2 58 0.833 -362.5
2 59 0.833 -362.5
2 60 0.833 -361.5
2 61 0.833 -362.5
2 62 0.833 -362.5
2 63 0.833 -361.5
2 64 0.833 -363.5
2 65 0.833 -363.5
2 66 0.833 -363.5
2 67 0.833 -363.5
2 68 0.833 -363.5
2 69 0.833 -363.5
2 70 0.833 -363.5
2 71 0.833 -360.5
2 72 0.833 -363.5
2 73 0.833 -362.5
2 74 0.833 -362.5
2 75 0.833 -362.5
2 76 0.833 -362.5
2 77 0.833 -362.5
2 78 0.833 -360.5
2 79 0.833 -361.5
2 80 0.833 -363.5
2 81 0.833 -363.5
2 82 0.833 -363.5
2 83 0.833 -363.5
2 84 0.833 -363.5
2 85 0.833 -362.5
2 86 0.833 -362.5
2 87 0.833 -360.5
2 88 0.833 -362.5
2 89 0.833 -363.5
2 90 0.833 -362.5
2 91 0.833 -363.5
2 92 0.833 -362.5
2 93 0.833 -363.5
2 94 0.833 -363.5
2 95 0.833 -360.5
2 96 0.833 -358.5
2 97 0.833 -363.5
2 98 0.833 -363.5
2 99 0.833 -363.5
2 100 0.833 -363.5
2 101 0.833 -363.5
2 102 0.833 -363.5
2 103 0.833 -363.5
2 104 0.833 -363.5
2 105 0.833 -363.5
2 106 0.833 -363.5
2 107 0.833 -363.5
2 108 0.833 -363.5
2 109 0.833 -363.5
2 110 0.833 -363.5
2 111 0.833 -363.5
#SDC0 TDC layer 2
3 0 0.833 -362
3 1 0.833 -362
3 2 0.833 -362
3 3 0.833 -362
3 4 0.833 -360
3 5 0.833 -359
3 6 0.833 -362
3 7 0.833 -359
3 8 0.833 -359
3 9 0.833 -359
3 10 0.833 -359
3 11 0.833 -360
3 12 0.833 -360
3 13 0.833 -358
3 14 0.833 -359
3 15 0.833 -359
3 16 0.833 -362
3 17 0.833 -361
3 18 0.833 -362
3 19 0.833 -362
3 20 0.833 -361
3 21 0.833 -362
3 22 0.833 -362
3 23 0.833 -362
3 24 0.833 -359
3 25 0.833 -361
3 26 0.833 -359
3 27 0.833 -360
3 28 0.833 -362
3 29 0.833 -362
3 30 0.833 -361
3 31 0.833 -362
3 32 0.833 -362
3 33 0.833 -362
3 34 0.833 -362
3 35 0.833 -362
3 36 0.833 -361
3 37 0.833 -362
3 38 0.833 -362
3 39 0.833 -362
3 40 0.833 -362
3 41 0.833 -362
3 42 0.833 -362
3 43 0.833 -362
3 44 0.833 -362
3 45 0.833 -362
3 46 0.833 -360
3 47 0.833 -361
3 48 0.833 -362
3 49 0.833 -362
3 50 0.833 -362
3 51 0.833 -363
3 52 0.833 -362
3 53 0.833 -362
3 54 0.833 -362
3 55 0.833 -362
3 56 0.833 -359
3 57 0.833 -361
3 58 0.833 -361
3 59 0.833 -361
3 60 0.833 -362
3 61 0.833 -362
3 62 0.833 -362
3 63 0.833 -362
3 64 0.833 -362
3 65 0.833 -362
3 66 0.833 -362
3 67 0.833 -362
3 68 0.833 -362
3 69 0.833 -362
3 70 0.833 -360
3 71 0.833 -360
3 72 0.833 -360
3 73 0.833 -360
3 74 0.833 -360
3 75 0.833 -360
3 76 0.833 -362
3 77 0.833 -359
3 78 0.833 -359
3 79 0.833 -358
3 80 0.833 -362
3 81 0.833 -362
3 82 0.833 -364
3 83 0.833 -362
3 84 0.833 -362
3 85 0.833 -362
3 86 0.833 -362
3 87 0.833 -362
3 88 0.833 -362
3 89 0.833 -362
3 90 0.833 -362
3 91 0.833 -362
3 92 0.833 -362
3 93 0.833 -362
3 94 0.833 -362
3 95 0.833 -362
3 96 0.833 -362
3 97 0.833 -362
3 98 0.833 -362
3 99 0.833 -362
3 100 0.833 -361
3 101 0.833 -362
3 102 0.833 -362
3 103 0.833 -362
3 104 0.833 -362
3 105 0.833 -362
3 106 0.833 -362
3 107 0.833 -362
3 108 0.833 -362
3 109 0.833 -362
3 110 0.833 -362
3 111 0.833 -360
#SDC0 TDC layer 3
4 0 0.833 -359
4 1 0.833 -359
4 2 0.833 -359
4 3 0.833 -359
4 4 0.833 -359
4 5 0.833 -359
4 6 0.833 -359
4 7 0.833 -357
4 8 0.833 -359
4 9 0.833 -359
4 10 0.833 -360
4 11 0.833 -359
4 12 0.833 -362
4 13 0.833 -359
4 14 0.833 -361
4 15 0.833 -362
4 16 0.833 -361
4 17 0.833 -361
4 18 0.833 -362
4 19 0.833 -362
4 20 0.833 -361
4 21 0.833 -362
4 22 0.833 -360
4 23 0.833 -360
4 24 0.833 -362
4 25 0.833 -361
4 26 0.833 -362
4 27 0.833 -361
4 28 0.833 -361
4 29 0.833 -361
4 30 0.833 -362
4 31 0.833 -362
4 32 0.833 -362
4 33 0.833 -362
4 34 0.833 -362
4 35 0.833 -361
4 36 0.833 -361
4 37 0.833 -362
4 38 0.833 -362
4 39 0.833 -362
4 40 0.833 -361
4 41 0.833 -362
4 42 0.833 -361
4 43 0.833 -361
4 44 0.833 -362
4 45 0.833 -362
4 46 0.833 -362
4 47 0.833 -362
4 48 0.833 -357
4 49 0.833 -360
4 50 0.833 -360
4 51 0.833 -360
4 52 0.833 -362
4 53 0.833 -362
4 54 0.833 -360
4 55 0.833 -362
4 56 0.833 -362
4 57 0.833 -362
4 58 0.833 -362
4 59 0.833 -362
4 60 0.833 -362
4 61 0.833 -362
4 62 0.833 -362
4 63 0.833 -361
4 64 0.833 -360
4 65 0.833 -356
4 66 0.833 -356
4 67 0.833 -361
4 68 0.833 -362
4 69 0.833 -362
4 70 0.833 -361
4 71 0.833 -361
4 72 0.833 -362
4 73 0.833 -362
4 74 0.833 -362
4 75 0.833 -361
4 76 0.833 -362
4 77 0.833 -361
4 78 0.833 -362
4 79 0.833 -362
4 80 0.833 -362
4 81 0.833 -362
4 82 0.833 -362
4 83 0.833 -362
4 84 0.833 -362
4 85 0.833 -362
4 86 0.833 -359
4 87 0.833 -361
4 88 0.833 -362
4 89 0.833 -363
4 90 0.833 -362
4 91 0.833 -362
4 92 0.833 -361
4 93 0.833 -360
4 94 0.833 -361
4 95 0.833 -362
4 96 0.833 -361
4 97 0.833 -361
4 98 0.833 -361
4 99 0.833 -362
4 100 0.833 -362
4 101 0.833 -362
4 102 0.833 -362
4 103 0.833 -362
4 104 0.833 -361
4 105 0.833 -364
4 106 0.833 -362
4 107 0.833 -362
4 108 0.833 -362
4 109 0.833 -361
4 110 0.833 -362
4 111 0.833 -362
#SDC1 TDC layer 0
5 0 0.833 -792
5 1 0.833 -795
5 2 0.833 -798
5 3 0.833 -798
5 4 0.833 -800
5 5 0.833 -800
5 6 0.833 -803
5 7 0.833 -803
5 8 0.833 -803
5 9 0.833 -801
5 10 0.833 -801
5 11 0.833 -799
5 12 0.833 -802
5 13 0.833 -801
5 14 0.833 -796
5 15 0.833 -798
5 16 0.833 -798
5 17 0.833 -798
5 18 0.833 -797
5 19 0.833 -798
5 20 0.833 -800
5 21 0.833 -803
5 22 0.833 -803
5 23 0.833 -803
5 24 0.833 -803
5 25 0.833 -802
5 26 0.833 -802
5 27 0.833 -801
5 28 0.833 -800
5 29 0.833 -796
5 30 0.833 -798
5 31 0.833 -796
5 32 0.833 -796
5 33 0.833 -796
5 34 0.833 -796
5 35 0.833 -796
5 36 0.833 -797
5 37 0.833 -803
5 38 0.833 -805
5 39 0.833 -803
5 40 0.833 -804
5 41 0.833 -803
5 42 0.833 -803
5 43 0.833 -802
5 44 0.833 -803
5 45 0.833 -796
5 46 0.833 -796
5 47 0.833 -791
#SDC1 TDC layer 1
6 0 0.833 -793
6 1 0.833 -798
6 2 0.833 -798
6 3 0.833 -800
6 4 0.833 -803
6 5 0.833 -801
6 6 0.833 -802
6 7 0.833 -805
6 8 0.833 -805
6 9 0.833 -805
6 10 0.833 -803
6 11 0.833 -801
6 12 0.833 -799
6 13 0.833 -798
6 14 0.833 -798
6 15 0.833 -798
6 16 0.833 -800
6 17 0.833 -799
6 18 0.833 -799
6 19 0.833 -801
6 20 0.833 -801
6 21 0.833 -803
6 22 0.833 -803
6 23 0.833 -803
6 24 0.833 -806
6 25 0.833 -807
6 26 0.833 -803
6 27 0.833 -801
6 28 0.833 -800
6 29 0.833 -797
6 30 0.833 -802
6 31 0.833 -803
6 32 0.833 -798
6 33 0.833 -798
6 34 0.833 -796
6 35 0.833 -803
6 36 0.833 -801
6 37 0.833 -800
6 38 0.833 -801
6 39 0.833 -803
6 40 0.833 -803
6 41 0.833 -805
6 42 0.833 -803
6 43 0.833 -803
6 44 0.833 -799
6 45 0.833 -800
6 46 0.833 -800
6 47 0.833 -798
#SDC1 TDC layer 2
7 0 0.833 -796
7 1 0.833 -801
7 2 0.833 -801
7 3 0.833 -804
7 4 0.833 -801
7 5 0.833 -801
7 6 0.833 -796
7 7 0.833 -796
7 8 0.833 -791
7 9 0.833 -795
7 10 0.833 -795
7 11 0.833 -796
7 12 0.833 -796
7 13 0.833 -794
7 14 0.833 -791
7 15 0.833 -791
7 16 0.833 -791
7 17 0.833 -793
7 18 0.833 -794
7 19 0.833 -794
7 20 0.833 -796
7 21 0.833 -790
7 22 0.833 -790
7 23 0.833 -791
7 24 0.833 -791
7 25 0.833 -797
7 26 0.833 -797
7 27 0.833 -797
7 28 0.833 -794
7 29 0.833 -791
7 30 0.833 -793
7 31 0.833 -793
7 32 0.833 -791
7 33 0.833 -796
7 34 0.833 -796
7 35 0.833 -796
7 36 0.833 -794
7 37 0.833 -794
7 38 0.833 -793
7 39 0.833 -794
7 40 0.833 -793
7 41 0.833 -797
7 42 0.833 -801
7 43 0.833 -801
7 44 0.833 -800
7 45 0.833 -800
7 46 0.833 -791
7 47 0.833 -791
#SDC1 TDC layer 3
8 0 0.833 -790
8 1 0.833 -795
8 2 0.833 -802
8 3 0.833 -800
8 4 0.833 -800
8 5 0.833 -800
8 6 0.833 -795
8 7 0.833 -780
8 8 0.833 -787
8 9 0.833 -790
8 10 0.833 -795
8 11 0.833 -791
8 12 0.833 -798
8 13 0.833 -797
8 14 0.833 -790
8 15 0.833 -790
8 16 0.833 -788
8 17 0.833 -788
8 18 0.833 -790
8 19 0.833 -790
8 20 0.833 -793
8 21 0.833 -790
8 22 0.833 -787
8 23 0.833 -788
8 24 0.833 -790
8 25 0.833 -792
8 26 0.833 -792
8 27 0.833 -790
8 28 0.833 -793
8 29 0.833 -793
8 30 0.833 -792
8 31 0.833 -793
8 32 0.833 -792
8 33 0.833 -792
8 34 0.833 -793
8 35 0.833 -793
8 36 0.833 -793
8 37 0.833 -790
8 38 0.833 -789
8 39 0.833 -792
8 40 0.833 -792
8 41 0.833 -792
8 42 0.833 -795
8 43 0.833 -796
8 44 0.833 -796
8 45 0.833 -795
8 46 0.833 -795
8 47 0.833 -790
#SDC1 TDC layer 4
9 0 0.833 -786
9 1 0.833 -791
9 2 0.833 -796
9 3 0.833 -797
9 4 0.833 -798
9 5 0.833 -797
9 6 0.833 -796
9 7 0.833 -795
9 8 0.833 -794
9 9 0.833 -794
9 10 0.833 -796
9 11 0.833 -799
9 12 0.833 -798
9 13 0.833 -800
9 14 0.833 -800
9 15 0.833 -794
9 16 0.833 -794
9 17 0.833 -791
9 18 0.833 -793
9 19 0.833 -801
9 20 0.833 -801
9 21 0.833 -801
9 22 0.833 -799
9 23 0.833 -791
9 24 0.833 -791
9 25 0.833 -793
9 26 0.833 -796
9 27 0.833 -799
9 28 0.833 -798
9 29 0.833 -796
9 30 0.833 -799
9 31 0.833 -793
9 32 0.833 -793
9 33 0.833 -793
9 34 0.833 -795
9 35 0.833 -797
9 36 0.833 -798
9 37 0.833 -794
9 38 0.833 -797
9 39 0.833 -794
9 40 0.833 -794
9 41 0.833 -794
9 42 0.833 -796
9 43 0.833 -800
9 44 0.833 -801
9 45 0.833 -800
9 46 0.833 -799
9 47 0.833 -788
#SDC1 TDC layer 5
10 0 0.833 -787
10 1 0.833 -788
10 2 0.833 -790
10 3 0.833 -796
10 4 0.833 -796
10 5 0.833 -793
10 6 0.833 -795
10 7 0.833 -794
10 8 0.833 -790
10 9 0.833 -793
10 10 0.833 -793
10 11 0.833 -794
10 12 0.833 -794
10 13 0.833 -794
10 14 0.833 -793
10 15 0.833 -789
10 16 0.833 -792
10 17 0.833 -791
10 18 0.833 -792
10 19 0.833 -800
10 20 0.833 -797
10 21 0.833 -792
10 22 0.833 -790
10 23 0.833 -790
10 24 0.833 -789
10 25 0.833 -792
10 26 0.833 -795
10 27 0.833 -799
10 28 0.833 -795
10 29 0.833 -793
10 30 0.833 -790
10 31 0.833 -791
10 32 0.833 -791
10 33 0.833 -791
10 34 0.833 -793
10 35 0.833 -798
10 36 0.833 -793
10 37 0.833 -795
10 38 0.833 -792
10 39 0.833 -792
10 40 0.833 -792
10 41 0.833 -792
10 42 0.833 -793
10 43 0.833 -797
10 44 0.833 -796
10 45 0.833 -797
10 46 0.833 -792
10 47 0.833 -782
#SDC2 TDC layer 0
31 0 0.833 -787.268
31 1 0.833 -784.947
31 2 0.833 -786.899
31 3 0.833 -783.677
31 4 0.833 -783.915
31 5 0.833 -782.279
31 6 0.833 -786.323
31 7 0.833 -791.16
31 8 0.833 -790.391
31 9 0.833 -790.061
31 10 0.833 -790.312
31 11 0.833 -789.692
31 12 0.833 -785.492
31 13 0.833 -787.769
31 14 0.833 -784.302
31 15 0.833 -786.585
31 16 0.833 -783.738
31 17 0.833 -787.122
31 18 0.833 -781.453
31 19 0.833 -781.074
31 20 0.833 -782.555
31 21 0.833 -783.061
31 22 0.833 -780.751
31 23 0.833 -784.73
31 24 0.833 -785.051
31 25 0.833 -782.671
31 26 0.833 -787.866
31 27 0.833 -786.979
31 28 0.833 -781.184
31 29 0.833 -777.29
31 30 0.833 -774.807
31 31 0.833 -774.993
31 32 0.833 -778.289
31 33 0.833 -779.806
31 34 0.833 -778.164
31 35 0.833 -778.894
31 36 0.833 -780.375
31 37 0.833 -775.378
31 38 0.833 -776.295
31 39 0.833 -780.226
31 40 0.833 -785.114
31 41 0.833 -782.318
31 42 0.833 -779.219
31 43 0.833 -778.688
31 44 0.833 -774.861
31 45 0.833 -776.417
31 46 0.833 -776.804
31 47 0.833 -776.399
31 48 0.833 -778.73
31 49 0.833 -783.873
31 50 0.833 -782.758
31 51 0.833 -780.883
31 52 0.833 -782.059
31 53 0.833 -781.271
31 54 0.833 -778.612
31 55 0.833 -784.962
31 56 0.833 -785.42
31 57 0.833 -787.16
31 58 0.833 -787.368
31 59 0.833 -789.043
31 60 0.833 -785.212
31 61 0.833 -786.462
31 62 0.833 -785.183
31 63 0.833 -782.179
31 64 0.833 -784.62
31 65 0.833 -787.919
31 66 0.833 -783.92
31 67 0.833 -784.605
31 68 0.833 -783.486
31 69 0.833 -784.851
31 70 0.833 -781.746
31 71 0.833 -785.224
31 72 0.833 -789.453
31 73 0.833 -784.342
31 74 0.833 -787.407
31 75 0.833 -786.668
31 76 0.833 -787.93
31 77 0.833 -784.173
31 78 0.833 -784.115
#SDC2 TDC layer 1
32 0 0.833 -789.545
32 1 0.833 -786.957
32 2 0.833 -784.243
32 3 0.833 -788.809
32 4 0.833 -787.618
32 5 0.833 -787.466
32 6 0.833 -786.197
32 7 0.833 -787.331
32 8 0.833 -788.824
32 9 0.833 -783.839
32 10 0.833 -782.453
32 11 0.833 -789.915
32 12 0.833 -791.211
32 13 0.833 -789.7
32 14 0.833 -786.857
32 15 0.833 -787.109
32 16 0.833 -789.38
32 17 0.833 -787.63
32 18 0.833 -785.828
32 19 0.833 -791.283
32 20 0.833 -789.368
32 21 0.833 -792.374
32 22 0.833 -787.193
32 23 0.833 -787.138
32 24 0.833 -784.471
32 25 0.833 -779.603
32 26 0.833 -779.154
32 27 0.833 -783.805
32 28 0.833 -780.901
32 29 0.833 -778.145
32 30 0.833 -777.983
32 31 0.833 -779.118
32 32 0.833 -780.98
32 33 0.833 -779.271
32 34 0.833 -779.534
32 35 0.833 -783.544
32 36 0.833 -787.486
32 37 0.833 -782.93
32 38 0.833 -783.055
32 39 0.833 -783.3
32 40 0.833 -789.873
32 41 0.833 -781.688
32 42 0.833 -779.643
32 43 0.833 -782.086
32 44 0.833 -783.285
32 45 0.833 -785.146
32 46 0.833 -784.071
32 47 0.833 -779.932
32 48 0.833 -783.701
32 49 0.833 -782.693
32 50 0.833 -779.885
32 51 0.833 -785.102
32 52 0.833 -787.055
32 53 0.833 -790.869
32 54 0.833 -787.013
32 55 0.833 -787.811
32 56 0.833 -788.593
32 57 0.833 -790.301
32 58 0.833 -784.633
32 59 0.833 -792.071
32 60 0.833 -792.796
32 61 0.833 -790.655
32 62 0.833 -790.11
32 63 0.833 -789.053
32 64 0.833 -789.284
32 65 0.833 -789.171
32 66 0.833 -788.583
32 67 0.833 -791.703
32 68 0.833 -791.493
32 69 0.833 -792.45
32 70 0.833 -791.009
32 71 0.833 -787.751
32 72 0.833 -787.407
32 73 0.833 -788.521
32 74 0.833 -786.083
32 75 0.833 -788.392
32 76 0.833 -791.379
32 77 0.833 -793.772
#SDC2 TDC layer 2
33 0 0.833 -791.863
33 1 0.833 -785.396
33 2 0.833 -786.146
33 3 0.833 -782.511
33 4 0.833 -790.947
33 5 0.833 -787.997
33 6 0.833 -786.564
33 7 0.833 -787.805
33 8 0.833 -786.647
33 9 0.833 -787.563
33 10 0.833 -785.335
33 11 0.833 -784.528
33 12 0.833 -788.134
33 13 0.833 -790.802
33 14 0.833 -787.387
33 15 0.833 -789.118
33 16 0.833 -786.751
33 17 0.833 -784.463
33 18 0.833 -785.749
33 19 0.833 -786.601
33 20 0.833 -788.457
33 21 0.833 -789.951
33 22 0.833 -788.732
33 23 0.833 -786.748
33 24 0.833 -782.351
33 25 0.833 -779.721
33 26 0.833 -782.684
33 27 0.833 -776.967
33 28 0.833 -781.421
33 29 0.833 -783.373
33 30 0.833 -778.772
33 31 0.833 -778.69
33 32 0.833 -777.804
33 33 0.833 -777.17
33 34 0.833 -779.472
33 35 0.833 -779.755
33 36 0.833 -786.575
33 37 0.833 -776.433
33 38 0.833 -783.317
33 39 0.833 -786.535
33 40 0.833 -788.365
33 41 0.833 -785.451
33 42 0.833 -781.273
33 43 0.833 -781.379
33 44 0.833 -780.186
33 45 0.833 -782.44
33 46 0.833 -781.575
33 47 0.833 -779.79
33 48 0.833 -781.368
33 49 0.833 -779.022
33 50 0.833 -785.28
33 51 0.833 -782.719
33 52 0.833 -785.286
33 53 0.833 -789.833
33 54 0.833 -785.627
33 55 0.833 -785.692
33 56 0.833 -788.207
33 57 0.833 -785.861
33 58 0.833 -787.597
33 59 0.833 -784.51
33 60 0.833 -789.562
33 61 0.833 -788.649
33 62 0.833 -786.715
33 63 0.833 -790.352
33 64 0.833 -785.43
33 65 0.833 -787.752
33 66 0.833 -788.814
33 67 0.833 -790.432
33 68 0.833 -783.317
33 69 0.833 -783.317
33 70 0.833 -787.919
33 71 0.833 -790.069
33 72 0.833 -788.862
33 73 0.833 -787.154
33 74 0.833 -788.359
33 75 0.833 -784.023
33 76 0.833 -791.444
33 77 0.833 -791.923
#SDC2 TDC layer 3
34 0 0.833 -782.646
34 1 0.833 -782.646
34 2 0.833 -785.166
34 3 0.833 -786.289
34 4 0.833 -786.249
34 5 0.833 -781.635
34 6 0.833 -784.761
34 7 0.833 -783.063
34 8 0.833 -781.191
34 9 0.833 -784.781
34 10 0.833 -787.328
34 11 0.833 -783.004
34 12 0.833 -781.593
34 13 0.833 -778.808
34 14 0.833 -780.09
34 15 0.833 -783.012
34 16 0.833 -780.698
34 17 0.833 -786.361
34 18 0.833 -786.036
34 19 0.833 -786.981
34 20 0.833 -781.073
34 21 0.833 -779.703
34 22 0.833 -781.933
34 23 0.833 -788.33
34 24 0.833 -781.296
34 25 0.833 -780.841
34 26 0.833 -782.72
34 27 0.833 -785.658
34 28 0.833 -781.887
34 29 0.833 -779.999
34 30 0.833 -781.697
34 31 0.833 -781.374
34 32 0.833 -782.805
34 33 0.833 -781.2
34 34 0.833 -785.03
34 35 0.833 -782.503
34 36 0.833 -784.032
34 37 0.833 -777.889
34 38 0.833 -779.927
34 39 0.833 -780.273
34 40 0.833 -786.792
34 41 0.833 -779.612
34 42 0.833 -784.58
34 43 0.833 -784.915
34 44 0.833 -780.529
34 45 0.833 -779.343
34 46 0.833 -776.456
34 47 0.833 -779.269
34 48 0.833 -786.32
34 49 0.833 -785.933
34 50 0.833 -785.037
34 51 0.833 -792.471
34 52 0.833 -788.474
34 53 0.833 -784.249
34 54 0.833 -785.425
34 55 0.833 -783.28
34 56 0.833 -778.855
34 57 0.833 -779.691
34 58 0.833 -779.795
34 59 0.833 -779.377
34 60 0.833 -780.139
34 61 0.833 -775.823
34 62 0.833 -777.882
34 63 0.833 -779.395
34 64 0.833 -782.751
34 65 0.833 -785.861
34 66 0.833 -786.136
34 67 0.833 -786.785
34 68 0.833 -786.228
34 69 0.833 -782.247
34 70 0.833 -783.939
34 71 0.833 -785.322
34 72 0.833 -783.686
34 73 0.833 -783.631
34 74 0.833 -786.979
34 75 0.833 -784.995
34 76 0.833 -784.03
34 77 0.833 -781.632
34 78 0.833 -780.628
34 79 0.833 -783.55
34 80 0.833 -784.958
34 81 0.833 -785.819
34 82 0.833 -788.162
34 83 0.833 -787.275
34 84 0.833 -784.937
34 85 0.833 -783.101
34 86 0.833 -781.579
34 87 0.833 -786.693
34 88 0.833 -780.922
34 89 0.833 -782.764
34 90 0.833 -785.757
34 91 0.833 -785.613
34 92 0.833 -783.419
34 93 0.833 -781.143
34 94 0.833 -779.619
34 95 0.833 -782.075
34 96 0.833 -780.834
34 97 0.833 -782.961
34 98 0.833 -785.962
34 99 0.833 -785.017
34 100 0.833 -782.086
34 101 0.833 -781.978
34 102 0.833 -781.831
34 103 0.833 -782.457
#SDC2 TDC layer 4
35 0 0.833 -782.792
35 1 0.833 -789.335
35 2 0.833 -788.121
35 3 0.833 -787.857
35 4 0.833 -786.901
35 5 0.833 -787.111
35 6 0.833 -787.027
35 7 0.833 -789.608
35 8 0.833 -782.312
35 9 0.833 -785.56
35 10 0.833 -787.156
35 11 0.833 -785.498
35 12 0.833 -782.917
35 13 0.833 -782.758
35 14 0.833 -780.686
35 15 0.833 -786.919
35 16 0.833 -784.68
35 17 0.833 -785.593
35 18 0.833 -787.464
35 19 0.833 -786.259
35 20 0.833 -781.379
35 21 0.833 -784.128
35 22 0.833 -782.725
35 23 0.833 -784.063
35 24 0.833 -780.562
35 25 0.833 -779.447
35 26 0.833 -783.588
35 27 0.833 -785.537
35 28 0.833 -780.855
35 29 0.833 -780.584
35 30 0.833 -779.117
35 31 0.833 -782.711
35 32 0.833 -783.287
35 33 0.833 -783.073
35 34 0.833 -784.421
35 35 0.833 -782.392
35 36 0.833 -779.159
35 37 0.833 -782.475
35 38 0.833 -778.57
35 39 0.833 -778.863
35 40 0.833 -779.377
35 41 0.833 -781.141
35 42 0.833 -783.439
35 43 0.833 -781.72
35 44 0.833 -779.234
35 45 0.833 -776.783
35 46 0.833 -780.664
35 47 0.833 -783.602
35 48 0.833 -785.074
35 49 0.833 -783.115
35 50 0.833 -787.596
35 51 0.833 -786.636
35 52 0.833 -781.963
35 53 0.833 -781.624
35 54 0.833 -785.92
35 55 0.833 -785.239
35 56 0.833 -784.191
35 57 0.833 -784.089
35 58 0.833 -780.24
35 59 0.833 -781.308
35 60 0.833 -777.179
35 61 0.833 -776.946
35 62 0.833 -777.992
35 63 0.833 -781.511
35 64 0.833 -786.631
35 65 0.833 -785.385
35 66 0.833 -787.631
35 67 0.833 -785.565
35 68 0.833 -784.726
35 69 0.833 -787.917
35 70 0.833 -785.718
35 71 0.833 -790.274
35 72 0.833 -782.878
35 73 0.833 -783.665
35 74 0.833 -788.006
35 75 0.833 -783.942
35 76 0.833 -781.882
35 77 0.833 -784.672
35 78 0.833 -781.367
35 79 0.833 -787.797
35 80 0.833 -786.693
35 81 0.833 -784.285
35 82 0.833 -788.915
35 83 0.833 -788.782
35 84 0.833 -782.628
35 85 0.833 -787.534
35 86 0.833 -783.642
35 87 0.833 -784.448
35 88 0.833 -785.848
35 89 0.833 -782.256
35 90 0.833 -787.147
35 91 0.833 -788.831
35 92 0.833 -781.069
35 93 0.833 -781.611
35 94 0.833 -783.939
35 95 0.833 -781.025
35 96 0.833 -783.083
35 97 0.833 -785.606
35 98 0.833 -788.542
35 99 0.833 -784.125
35 100 0.833 -782.792
35 101 0.833 -781.453
35 102 0.833 -785.175
35 103 0.833 -781.919
#SDC3 TDC layer 0
36 0 0.833 -788.312
36 1 0.833 -785.317
36 2 0.833 -783.844
36 3 0.833 -783.386
36 4 0.833 -786.825
36 5 0.833 -783.292
36 6 0.833 -786.004
36 7 0.833 -784.085
36 8 0.833 -788.842
36 9 0.833 -787.59
36 10 0.833 -788.311
36 11 0.833 -786.39
36 12 0.833 -785.393
36 13 0.833 -787.297
36 14 0.833 -783.873
36 15 0.833 -783.993
36 16 0.833 -788.023
36 17 0.833 -787.55
36 18 0.833 -787.711
36 19 0.833 -785.288
36 20 0.833 -785.2
36 21 0.833 -783.543
36 22 0.833 -782.367
36 23 0.833 -784.851
36 24 0.833 -786.162
36 25 0.833 -783.538
36 26 0.833 -779.071
36 27 0.833 -782.141
36 28 0.833 -778.72
36 29 0.833 -777.627
36 30 0.833 -777.734
36 31 0.833 -784.205
36 32 0.833 -782.297
36 33 0.833 -780.017
36 34 0.833 -784.242
36 35 0.833 -787.802
36 36 0.833 -781.885
36 37 0.833 -776.904
36 38 0.833 -781.499
36 39 0.833 -792.925
36 40 0.833 -787.155
36 41 0.833 -788.659
36 42 0.833 -786.81
36 43 0.833 -781.033
36 44 0.833 -779.271
36 45 0.833 -782.049
36 46 0.833 -778.925
36 47 0.833 -776.643
36 48 0.833 -783.564
36 49 0.833 -781.033
36 50 0.833 -779.929
36 51 0.833 -777.18
36 52 0.833 -778.007
36 53 0.833 -782.033
36 54 0.833 -781.077
36 55 0.833 -783.791
36 56 0.833 -785.748
36 57 0.833 -785.239
36 58 0.833 -786.493
36 59 0.833 -789.36
36 60 0.833 -788.078
36 61 0.833 -787.221
36 62 0.833 -784.269
36 63 0.833 -785.344
36 64 0.833 -787.034
36 65 0.833 -786.349
36 66 0.833 -786.226
36 67 0.833 -785.039
36 68 0.833 -786.119
36 69 0.833 -784.333
36 70 0.833 -786.356
36 71 0.833 -788.635
36 72 0.833 -786.871
36 73 0.833 -791.49
36 74 0.833 -790.49
36 75 0.833 -793.747
36 76 0.833 -786.359
36 77 0.833 -786.855
36 78 0.833 -788.138
#SDC3 TDC layer 1
37 0 0.833 -782.479
37 1 0.833 -779.494
37 2 0.833 -782.58
37 3 0.833 -783.49
37 4 0.833 -787.12
37 5 0.833 -782.648
37 6 0.833 -778.59
37 7 0.833 -781.63
37 8 0.833 -786.65
37 9 0.833 -781.458
37 10 0.833 -778.049
37 11 0.833 -785.251
37 12 0.833 -789.591
37 13 0.833 -788.41
37 14 0.833 -787.355
37 15 0.833 -783.514
37 16 0.833 -783.716
37 17 0.833 -782.591
37 18 0.833 -779.825
37 19 0.833 -782.343
37 20 0.833 -785.283
37 21 0.833 -787.123
37 22 0.833 -783.753
37 23 0.833 -778.703
37 24 0.833 -782.09
37 25 0.833 -776.866
37 26 0.833 -776.212
37 27 0.833 -780.659
37 28 0.833 -780.21
37 29 0.833 -781.226
37 30 0.833 -779.201
37 31 0.833 -778.496
37 32 0.833 -783.777
37 33 0.833 -778.998
37 34 0.833 -783.71
37 35 0.833 -785.492
37 36 0.833 -785.008
37 37 0.833 -788.815
37 38 0.833 -783.268
37 39 0.833 -776.779
37 40 0.833 -785.039
37 41 0.833 -781.705
37 42 0.833 -781.591
37 43 0.833 -780.799
37 44 0.833 -781.908
37 45 0.833 -785.061
37 46 0.833 -779.491
37 47 0.833 -780.068
37 48 0.833 -780.13
37 49 0.833 -778.446
37 50 0.833 -778.349
37 51 0.833 -779.316
37 52 0.833 -782.908
37 53 0.833 -786.826
37 54 0.833 -784.896
37 55 0.833 -784.981
37 56 0.833 -781.515
37 57 0.833 -780.925
37 58 0.833 -780.6
37 59 0.833 -786.556
37 60 0.833 -785.402
37 61 0.833 -784.31
37 62 0.833 -783.836
37 63 0.833 -781.927
37 64 0.833 -783.127
37 65 0.833 -781.685
37 66 0.833 -780.604
37 67 0.833 -782.768
37 68 0.833 -783.708
37 69 0.833 -787.637
37 70 0.833 -782.052
37 71 0.833 -782.101
37 72 0.833 -787.238
37 73 0.833 -780.487
37 74 0.833 -782.119
37 75 0.833 -784.75
37 76 0.833 -788.257
37 77 0.833 -789.714
#SDC3 TDC layer 2
38 0 0.833 -782.936
38 1 0.833 -780.81
38 2 0.833 -780.526
38 3 0.833 -779.297
38 4 0.833 -786.328
38 5 0.833 -782.126
38 6 0.833 -776.27
38 7 0.833 -778.848
38 8 0.833 -783.747
38 9 0.833 -782.371
38 10 0.833 -781.269
38 11 0.833 -779.974
38 12 0.833 -786.113
38 13 0.833 -785.09
38 14 0.833 -780.739
38 15 0.833 -782.032
38 16 0.833 -783.313
38 17 0.833 -782.093
38 18 0.833 -782.301
38 19 0.833 -779.403
38 20 0.833 -781.767
38 21 0.833 -782.938
38 22 0.833 -779.657
38 23 0.833 -780.466
38 24 0.833 -781.23
38 25 0.833 -778.312
38 26 0.833 -777.445
38 27 0.833 -777.374
38 28 0.833 -779.497
38 29 0.833 -779.789
38 30 0.833 -776.077
38 31 0.833 -778.055
38 32 0.833 -777.75
38 33 0.833 -776.404
38 34 0.833 -780.531
38 35 0.833 -782.798
38 36 0.833 -784.623
38 37 0.833 -783.881
38 38 0.833 -780.685
38 39 0.833 -776.698
38 40 0.833 -784.341
38 41 0.833 -780.417
38 42 0.833 -784.437
38 43 0.833 -779.617
38 44 0.833 -779.096
38 45 0.833 -781.044
38 46 0.833 -778.984
38 47 0.833 -779.599
38 48 0.833 -781.431
38 49 0.833 -777.816
38 50 0.833 -776.232
38 51 0.833 -777.581
38 52 0.833 -779.92
38 53 0.833 -784.615
38 54 0.833 -779.565
38 55 0.833 -784.469
38 56 0.833 -779.717
38 57 0.833 -778.339
38 58 0.833 -781.805
38 59 0.833 -777.354
38 60 0.833 -782.893
38 61 0.833 -782.861
38 62 0.833 -781.166
38 63 0.833 -781.679
38 64 0.833 -778.537
38 65 0.833 -783.055
38 66 0.833 -781.262
38 67 0.833 -778.941
38 68 0.833 -782.403
38 69 0.833 -786.569
38 70 0.833 -781.793
38 71 0.833 -781.823
38 72 0.833 -783.108
38 73 0.833 -780.695
38 74 0.833 -785.384
38 75 0.833 -782.461
38 76 0.833 -785.521
38 77 0.833 -786.624
#SDC3 TDC layer 3
39 0 0.833 -781.088
39 1 0.833 -780.694
39 2 0.833 -782.844
39 3 0.833 -782.929
39 4 0.833 -781.318
39 5 0.833 -779.786
39 6 0.833 -779.926
39 7 0.833 -782.852
39 8 0.833 -786.278
39 9 0.833 -785.698
39 10 0.833 -792.162
39 11 0.833 -786.624
39 12 0.833 -784.517
39 13 0.833 -783.104
39 14 0.833 -786.452
39 15 0.833 -786.118
39 16 0.833 -786.541
39 17 0.833 -785.213
39 18 0.833 -788.829
39 19 0.833 -789.527
39 20 0.833 -787.978
39 21 0.833 -782.876
39 22 0.833 -785.195
39 23 0.833 -786.691
39 24 0.833 -785.615
39 25 0.833 -786.777
39 26 0.833 -789.095
39 27 0.833 -787.037
39 28 0.833 -785.953
39 29 0.833 -782.56
39 30 0.833 -782.83
39 31 0.833 -785.886
39 32 0.833 -786.158
39 33 0.833 -784.296
39 34 0.833 -785.097
39 35 0.833 -784.722
39 36 0.833 -781.221
39 37 0.833 -776.304
39 38 0.833 -779.582
39 39 0.833 -781.019
39 40 0.833 -779.63
39 41 0.833 -781.641
39 42 0.833 -780.254
39 43 0.833 -783.158
39 44 0.833 -778.007
39 45 0.833 -773.807
39 46 0.833 -779.577
39 47 0.833 -785.205
39 48 0.833 -781.725
39 49 0.833 -782.321
39 50 0.833 -783.46
39 51 0.833 -785.702
39 52 0.833 -783.116
39 53 0.833 -781.117
39 54 0.833 -782.603
39 55 0.833 -782.605
39 56 0.833 -783.188
39 57 0.833 -776.475
39 58 0.833 -778.952
39 59 0.833 -783.46
39 60 0.833 -776.988
39 61 0.833 -774.277
39 62 0.833 -774.96
39 63 0.833 -778.334
39 64 0.833 -783.46
39 65 0.833 -775.613
39 66 0.833 -777.416
39 67 0.833 -778.559
39 68 0.833 -777.571
39 69 0.833 -779.294
39 70 0.833 -778.661
39 71 0.833 -781.99
39 72 0.833 -781.179
39 73 0.833 -785.743
39 74 0.833 -785.942
39 75 0.833 -788.896
39 76 0.833 -788.476
39 77 0.833 -783.374
39 78 0.833 -783.941
39 79 0.833 -786.153
39 80 0.833 -786.84
39 81 0.833 -785.973
39 82 0.833 -787.701
39 83 0.833 -789.95
39 84 0.833 -788.181
39 85 0.833 -782.809
39 86 0.833 -782.668
39 87 0.833 -787.729
39 88 0.833 -782.188
39 89 0.833 -783.118
39 90 0.833 -784.763
39 91 0.833 -785.924
39 92 0.833 -784.242
39 93 0.833 -780.662
39 94 0.833 -783.277
39 95 0.833 -784.441
39 96 0.833 -780.985
39 97 0.833 -781.548
39 98 0.833 -785.855
39 99 0.833 -783.392
39 100 0.833 -787.671
39 101 0.833 -783.47
39 102 0.833 -783.565
39 103 0.833 -784.263
#SDC3 TDC layer 4
40 0 0.833 -781.991
40 1 0.833 -780.405
40 2 0.833 -784.72
40 3 0.833 -777.838
40 4 0.833 -774.507
40 5 0.833 -781.343
40 6 0.833 -779.123
40 7 0.833 -780.801
40 8 0.833 -785.514
40 9 0.833 -784.58
40 10 0.833 -786.597
40 11 0.833 -784.575
40 12 0.833 -782.121
40 13 0.833 -782.341
40 14 0.833 -780.802
40 15 0.833 -781.352
40 16 0.833 -784.71
40 17 0.833 -781.556
40 18 0.833 -787.192
40 19 0.833 -784.654
40 20 0.833 -783.213
40 21 0.833 -782.856
40 22 0.833 -784.914
40 23 0.833 -784.146
40 24 0.833 -783.803
40 25 0.833 -784.299
40 26 0.833 -783.812
40 27 0.833 -781.481
40 28 0.833 -779.554
40 29 0.833 -778.747
40 30 0.833 -780.477
40 31 0.833 -779.813
40 32 0.833 -780.401
40 33 0.833 -778.846
40 34 0.833 -782.466
40 35 0.833 -781.64
40 36 0.833 -775.131
40 37 0.833 -776.22
40 38 0.833 -776.968
40 39 0.833 -776.734
40 40 0.833 -773.181
40 41 0.833 -775.255
40 42 0.833 -775.844
40 43 0.833 -776.097
40 44 0.833 -770.639
40 45 0.833 -776.638
40 46 0.833 -776.401
40 47 0.833 -780.153
40 48 0.833 -780.409
40 49 0.833 -785.969
40 50 0.833 -786.87
40 51 0.833 -779.861
40 52 0.833 -777.102
40 53 0.833 -779.297
40 54 0.833 -779.714
40 55 0.833 -781.742
40 56 0.833 -779.374
40 57 0.833 -773.683
40 58 0.833 -774.063
40 59 0.833 -774.543
40 60 0.833 -770.721
40 61 0.833 -772.301
40 62 0.833 -771.932
40 63 0.833 -774.112
40 64 0.833 -770.581
40 65 0.833 -776.869
40 66 0.833 -775.008
40 67 0.833 -773.373
40 68 0.833 -771.745
40 69 0.833 -777.513
40 70 0.833 -774.877
40 71 0.833 -780.946
40 72 0.833 -783.421
40 73 0.833 -785.091
40 74 0.833 -783.4
40 75 0.833 -784.674
40 76 0.833 -781.608
40 77 0.833 -783.426
40 78 0.833 -783.773
40 79 0.833 -782.607
40 80 0.833 -782.216
40 81 0.833 -784.735
40 82 0.833 -788.202
40 83 0.833 -783.765
40 84 0.833 -780.702
40 85 0.833 -779.979
40 86 0.833 -773.298
40 87 0.833 -783.854
40 88 0.833 -780.602
40 89 0.833 -779.849
40 90 0.833 -782.926
40 91 0.833 -780.098
40 92 0.833 -778.408
40 93 0.833 -781.114
40 94 0.833 -780.597
40 95 0.833 -780.978
40 96 0.833 -780.332
40 97 0.833 -781.452
40 98 0.833 -782.766
40 99 0.833 -783.753
40 100 0.833 -777.762
40 101 0.833 -781.742
40 102 0.833 -777.592
40 103 0.833 -780.245
