##
#  file: DCTdcCalib_e70_20230526
#  date: 2021-05-26
#  note: first version
#        Changed WireId to 0-based
#
#
#######################################################################
# Id	WireId	p1	p0
#
#SDC0 TDC layer 0
1 0 0.833 -357
1 1 0.833 -357
1 2 0.833 -357
1 3 0.833 -352
1 4 0.833 -354
1 5 0.833 -352
1 6 0.833 -352
1 7 0.833 -355
1 8 0.833 -352
1 9 0.833 -352
1 10 0.833 -357
1 11 0.833 -352
1 12 0.833 -352
1 13 0.833 -352
1 14 0.833 -353
1 15 0.833 -349
1 16 0.833 -352
1 17 0.833 -353
1 18 0.833 -354
1 19 0.833 -354
1 20 0.833 -354
1 21 0.833 -357
1 22 0.833 -357
1 23 0.833 -355
1 24 0.833 -354
1 25 0.833 -357
1 26 0.833 -357
1 27 0.833 -357
1 28 0.833 -355
1 29 0.833 -357
1 30 0.833 -357
1 31 0.833 -356
1 32 0.833 -357
1 33 0.833 -357
1 34 0.833 -357
1 35 0.833 -357
1 36 0.833 -357
1 37 0.833 -357
1 38 0.833 -357
1 39 0.833 -357
1 40 0.833 -357
1 41 0.833 -357
1 42 0.833 -356
1 43 0.833 -357
1 44 0.833 -357
1 45 0.833 -355
1 46 0.833 -357
1 47 0.833 -357
1 48 0.833 -357
1 49 0.833 -357
1 50 0.833 -357
1 51 0.833 -357
1 52 0.833 -358
1 53 0.833 -357
1 54 0.833 -357
1 55 0.833 -357
1 56 0.833 -354
1 57 0.833 -357
1 58 0.833 -357
1 59 0.833 -357
1 60 0.833 -357
1 61 0.833 -357
1 62 0.833 -357
1 63 0.833 -357
1 64 0.833 -354
1 65 0.833 -354
1 66 0.833 -352
1 67 0.833 -352
1 68 0.833 -352
1 69 0.833 -352
1 70 0.833 -353
1 71 0.833 -353
1 72 0.833 -353
1 73 0.833 -357
1 74 0.833 -357
1 75 0.833 -355
1 76 0.833 -355
1 77 0.833 -355
1 78 0.833 -355
1 79 0.833 -353
1 80 0.833 -357
1 81 0.833 -357
1 82 0.833 -357
1 83 0.833 -357
1 84 0.833 -357
1 85 0.833 -357
1 86 0.833 -357
1 87 0.833 -357
1 88 0.833 -357
1 89 0.833 -357
1 90 0.833 -357
1 91 0.833 -357
1 92 0.833 -357
1 93 0.833 -357
1 94 0.833 -357
1 95 0.833 -357
1 96 0.833 -357
1 97 0.833 -357
1 98 0.833 -357
1 99 0.833 -355
1 100 0.833 -357
1 101 0.833 -355
1 102 0.833 -356
1 103 0.833 -356
1 104 0.833 -357
1 105 0.833 -357
1 106 0.833 -357
1 107 0.833 -357
1 108 0.833 -357
1 109 0.833 -357
1 110 0.833 -357
1 111 0.833 -357
#SDC0 TDC layer 1
2 0 0.833 -353
2 1 0.833 -352
2 2 0.833 -352
2 3 0.833 -354
2 4 0.833 -353
2 5 0.833 -353
2 6 0.833 -353
2 7 0.833 -351
2 8 0.833 -351
2 9 0.833 -354
2 10 0.833 -351
2 11 0.833 -351
2 12 0.833 -354
2 13 0.833 -353
2 14 0.833 -353
2 15 0.833 -351
2 16 0.833 -351
2 17 0.833 -353
2 18 0.833 -355
2 19 0.833 -353
2 20 0.833 -353
2 21 0.833 -351
2 22 0.833 -352
2 23 0.833 -353
2 24 0.833 -353
2 25 0.833 -353
2 26 0.833 -353
2 27 0.833 -352
2 28 0.833 -352
2 29 0.833 -352
2 30 0.833 -353
2 31 0.833 -355
2 32 0.833 -355
2 33 0.833 -356
2 34 0.833 -352
2 35 0.833 -355
2 36 0.833 -355
2 37 0.833 -355
2 38 0.833 -356
2 39 0.833 -356
2 40 0.833 -355
2 41 0.833 -356
2 42 0.833 -356
2 43 0.833 -355
2 44 0.833 -355
2 45 0.833 -355
2 46 0.833 -356
2 47 0.833 -356
2 48 0.833 -356
2 49 0.833 -351
2 50 0.833 -354
2 51 0.833 -354
2 52 0.833 -354
2 53 0.833 -355
2 54 0.833 -354
2 55 0.833 -353
2 56 0.833 -354
2 57 0.833 -355
2 58 0.833 -355
2 59 0.833 -355
2 60 0.833 -354
2 61 0.833 -355
2 62 0.833 -355
2 63 0.833 -354
2 64 0.833 -356
2 65 0.833 -356
2 66 0.833 -356
2 67 0.833 -356
2 68 0.833 -356
2 69 0.833 -356
2 70 0.833 -356
2 71 0.833 -353
2 72 0.833 -356
2 73 0.833 -355
2 74 0.833 -355
2 75 0.833 -355
2 76 0.833 -355
2 77 0.833 -355
2 78 0.833 -353
2 79 0.833 -354
2 80 0.833 -356
2 81 0.833 -356
2 82 0.833 -356
2 83 0.833 -356
2 84 0.833 -356
2 85 0.833 -355
2 86 0.833 -355
2 87 0.833 -353
2 88 0.833 -355
2 89 0.833 -356
2 90 0.833 -355
2 91 0.833 -356
2 92 0.833 -355
2 93 0.833 -356
2 94 0.833 -356
2 95 0.833 -353
2 96 0.833 -351
2 97 0.833 -356
2 98 0.833 -356
2 99 0.833 -356
2 100 0.833 -356
2 101 0.833 -356
2 102 0.833 -356
2 103 0.833 -356
2 104 0.833 -356
2 105 0.833 -356
2 106 0.833 -356
2 107 0.833 -356
2 108 0.833 -356
2 109 0.833 -356
2 110 0.833 -356
2 111 0.833 -356
#SDC0 TDC layer 2
3 0 0.833 -357
3 1 0.833 -357
3 2 0.833 -357
3 3 0.833 -357
3 4 0.833 -355
3 5 0.833 -354
3 6 0.833 -357
3 7 0.833 -354
3 8 0.833 -354
3 9 0.833 -354
3 10 0.833 -354
3 11 0.833 -355
3 12 0.833 -355
3 13 0.833 -353
3 14 0.833 -354
3 15 0.833 -354
3 16 0.833 -357
3 17 0.833 -356
3 18 0.833 -357
3 19 0.833 -357
3 20 0.833 -356
3 21 0.833 -357
3 22 0.833 -357
3 23 0.833 -357
3 24 0.833 -354
3 25 0.833 -356
3 26 0.833 -354
3 27 0.833 -355
3 28 0.833 -357
3 29 0.833 -357
3 30 0.833 -356
3 31 0.833 -357
3 32 0.833 -357
3 33 0.833 -357
3 34 0.833 -357
3 35 0.833 -357
3 36 0.833 -356
3 37 0.833 -357
3 38 0.833 -357
3 39 0.833 -357
3 40 0.833 -357
3 41 0.833 -357
3 42 0.833 -357
3 43 0.833 -357
3 44 0.833 -357
3 45 0.833 -357
3 46 0.833 -355
3 47 0.833 -356
3 48 0.833 -357
3 49 0.833 -357
3 50 0.833 -357
3 51 0.833 -358
3 52 0.833 -357
3 53 0.833 -357
3 54 0.833 -357
3 55 0.833 -357
3 56 0.833 -354
3 57 0.833 -356
3 58 0.833 -356
3 59 0.833 -356
3 60 0.833 -357
3 61 0.833 -357
3 62 0.833 -357
3 63 0.833 -357
3 64 0.833 -357
3 65 0.833 -357
3 66 0.833 -357
3 67 0.833 -357
3 68 0.833 -357
3 69 0.833 -357
3 70 0.833 -355
3 71 0.833 -355
3 72 0.833 -355
3 73 0.833 -355
3 74 0.833 -355
3 75 0.833 -355
3 76 0.833 -357
3 77 0.833 -354
3 78 0.833 -354
3 79 0.833 -353
3 80 0.833 -357
3 81 0.833 -357
3 82 0.833 -359
3 83 0.833 -357
3 84 0.833 -357
3 85 0.833 -357
3 86 0.833 -357
3 87 0.833 -357
3 88 0.833 -357
3 89 0.833 -357
3 90 0.833 -357
3 91 0.833 -357
3 92 0.833 -357
3 93 0.833 -357
3 94 0.833 -357
3 95 0.833 -357
3 96 0.833 -357
3 97 0.833 -357
3 98 0.833 -357
3 99 0.833 -357
3 100 0.833 -356
3 101 0.833 -357
3 102 0.833 -357
3 103 0.833 -357
3 104 0.833 -357
3 105 0.833 -357
3 106 0.833 -357
3 107 0.833 -357
3 108 0.833 -357
3 109 0.833 -357
3 110 0.833 -357
3 111 0.833 -355
#SDC0 TDC layer 3
4 0 0.833 -353
4 1 0.833 -353
4 2 0.833 -353
4 3 0.833 -353
4 4 0.833 -353
4 5 0.833 -353
4 6 0.833 -353
4 7 0.833 -351
4 8 0.833 -353
4 9 0.833 -353
4 10 0.833 -354
4 11 0.833 -353
4 12 0.833 -356
4 13 0.833 -353
4 14 0.833 -355
4 15 0.833 -356
4 16 0.833 -355
4 17 0.833 -355
4 18 0.833 -356
4 19 0.833 -356
4 20 0.833 -355
4 21 0.833 -356
4 22 0.833 -354
4 23 0.833 -354
4 24 0.833 -356
4 25 0.833 -355
4 26 0.833 -356
4 27 0.833 -355
4 28 0.833 -355
4 29 0.833 -355
4 30 0.833 -356
4 31 0.833 -356
4 32 0.833 -356
4 33 0.833 -356
4 34 0.833 -356
4 35 0.833 -355
4 36 0.833 -355
4 37 0.833 -356
4 38 0.833 -356
4 39 0.833 -356
4 40 0.833 -355
4 41 0.833 -356
4 42 0.833 -355
4 43 0.833 -355
4 44 0.833 -356
4 45 0.833 -356
4 46 0.833 -356
4 47 0.833 -356
4 48 0.833 -351
4 49 0.833 -354
4 50 0.833 -354
4 51 0.833 -354
4 52 0.833 -356
4 53 0.833 -356
4 54 0.833 -354
4 55 0.833 -356
4 56 0.833 -356
4 57 0.833 -356
4 58 0.833 -356
4 59 0.833 -356
4 60 0.833 -356
4 61 0.833 -356
4 62 0.833 -356
4 63 0.833 -355
4 64 0.833 -354
4 65 0.833 -350
4 66 0.833 -350
4 67 0.833 -355
4 68 0.833 -356
4 69 0.833 -356
4 70 0.833 -355
4 71 0.833 -355
4 72 0.833 -356
4 73 0.833 -356
4 74 0.833 -356
4 75 0.833 -355
4 76 0.833 -356
4 77 0.833 -355
4 78 0.833 -356
4 79 0.833 -356
4 80 0.833 -356
4 81 0.833 -356
4 82 0.833 -356
4 83 0.833 -356
4 84 0.833 -356
4 85 0.833 -356
4 86 0.833 -353
4 87 0.833 -355
4 88 0.833 -356
4 89 0.833 -357
4 90 0.833 -356
4 91 0.833 -356
4 92 0.833 -355
4 93 0.833 -354
4 94 0.833 -355
4 95 0.833 -356
4 96 0.833 -355
4 97 0.833 -355
4 98 0.833 -355
4 99 0.833 -356
4 100 0.833 -356
4 101 0.833 -356
4 102 0.833 -356
4 103 0.833 -356
4 104 0.833 -355
4 105 0.833 -358
4 106 0.833 -356
4 107 0.833 -356
4 108 0.833 -356
4 109 0.833 -355
4 110 0.833 -356
4 111 0.833 -356
#SDC1 TDC layer 0
5 0 0.833 -774
5 1 0.833 -777
5 2 0.833 -780
5 3 0.833 -780
5 4 0.833 -782
5 5 0.833 -782
5 6 0.833 -785
5 7 0.833 -785
5 8 0.833 -785
5 9 0.833 -783
5 10 0.833 -783
5 11 0.833 -781
5 12 0.833 -784
5 13 0.833 -783
5 14 0.833 -778
5 15 0.833 -780
5 16 0.833 -780
5 17 0.833 -780
5 18 0.833 -779
5 19 0.833 -780
5 20 0.833 -782
5 21 0.833 -785
5 22 0.833 -785
5 23 0.833 -785
5 24 0.833 -785
5 25 0.833 -784
5 26 0.833 -784
5 27 0.833 -783
5 28 0.833 -782
5 29 0.833 -778
5 30 0.833 -780
5 31 0.833 -778
5 32 0.833 -778
5 33 0.833 -778
5 34 0.833 -778
5 35 0.833 -778
5 36 0.833 -779
5 37 0.833 -785
5 38 0.833 -787
5 39 0.833 -785
5 40 0.833 -786
5 41 0.833 -785
5 42 0.833 -785
5 43 0.833 -784
5 44 0.833 -785
5 45 0.833 -778
5 46 0.833 -778
5 47 0.833 -773
#SDC1 TDC layer 1
6 0 0.833 -780
6 1 0.833 -785
6 2 0.833 -785
6 3 0.833 -787
6 4 0.833 -790
6 5 0.833 -788
6 6 0.833 -789
6 7 0.833 -792
6 8 0.833 -792
6 9 0.833 -792
6 10 0.833 -790
6 11 0.833 -788
6 12 0.833 -786
6 13 0.833 -785
6 14 0.833 -785
6 15 0.833 -785
6 16 0.833 -787
6 17 0.833 -786
6 18 0.833 -786
6 19 0.833 -788
6 20 0.833 -788
6 21 0.833 -790
6 22 0.833 -790
6 23 0.833 -790
6 24 0.833 -793
6 25 0.833 -794
6 26 0.833 -790
6 27 0.833 -788
6 28 0.833 -787
6 29 0.833 -784
6 30 0.833 -789
6 31 0.833 -790
6 32 0.833 -785
6 33 0.833 -785
6 34 0.833 -783
6 35 0.833 -790
6 36 0.833 -788
6 37 0.833 -787
6 38 0.833 -788
6 39 0.833 -790
6 40 0.833 -790
6 41 0.833 -792
6 42 0.833 -790
6 43 0.833 -790
6 44 0.833 -786
6 45 0.833 -787
6 46 0.833 -787
6 47 0.833 -785
#SDC1 TDC layer 2
7 0 0.833 -783
7 1 0.833 -788
7 2 0.833 -788
7 3 0.833 -791
7 4 0.833 -788
7 5 0.833 -788
7 6 0.833 -783
7 7 0.833 -783
7 8 0.833 -778
7 9 0.833 -782
7 10 0.833 -782
7 11 0.833 -783
7 12 0.833 -783
7 13 0.833 -781
7 14 0.833 -778
7 15 0.833 -778
7 16 0.833 -778
7 17 0.833 -780
7 18 0.833 -781
7 19 0.833 -781
7 20 0.833 -783
7 21 0.833 -777
7 22 0.833 -777
7 23 0.833 -778
7 24 0.833 -778
7 25 0.833 -784
7 26 0.833 -784
7 27 0.833 -784
7 28 0.833 -781
7 29 0.833 -778
7 30 0.833 -780
7 31 0.833 -780
7 32 0.833 -778
7 33 0.833 -783
7 34 0.833 -783
7 35 0.833 -783
7 36 0.833 -781
7 37 0.833 -781
7 38 0.833 -780
7 39 0.833 -781
7 40 0.833 -780
7 41 0.833 -784
7 42 0.833 -788
7 43 0.833 -788
7 44 0.833 -787
7 45 0.833 -787
7 46 0.833 -778
7 47 0.833 -778
#SDC1 TDC layer 3
8 0 0.833 -780
8 1 0.833 -785
8 2 0.833 -792
8 3 0.833 -790
8 4 0.833 -790
8 5 0.833 -790
8 6 0.833 -785
8 7 0.833 -770
8 8 0.833 -777
8 9 0.833 -780
8 10 0.833 -785
8 11 0.833 -781
8 12 0.833 -788
8 13 0.833 -787
8 14 0.833 -780
8 15 0.833 -780
8 16 0.833 -778
8 17 0.833 -778
8 18 0.833 -780
8 19 0.833 -780
8 20 0.833 -783
8 21 0.833 -780
8 22 0.833 -777
8 23 0.833 -778
8 24 0.833 -780
8 25 0.833 -782
8 26 0.833 -782
8 27 0.833 -780
8 28 0.833 -783
8 29 0.833 -783
8 30 0.833 -782
8 31 0.833 -783
8 32 0.833 -782
8 33 0.833 -782
8 34 0.833 -783
8 35 0.833 -783
8 36 0.833 -783
8 37 0.833 -780
8 38 0.833 -779
8 39 0.833 -782
8 40 0.833 -782
8 41 0.833 -782
8 42 0.833 -785
8 43 0.833 -786
8 44 0.833 -786
8 45 0.833 -785
8 46 0.833 -785
8 47 0.833 -780
#SDC1 TDC layer 4
9 0 0.833 -771
9 1 0.833 -776
9 2 0.833 -781
9 3 0.833 -782
9 4 0.833 -783
9 5 0.833 -782
9 6 0.833 -781
9 7 0.833 -780
9 8 0.833 -779
9 9 0.833 -779
9 10 0.833 -781
9 11 0.833 -784
9 12 0.833 -783
9 13 0.833 -785
9 14 0.833 -785
9 15 0.833 -779
9 16 0.833 -779
9 17 0.833 -776
9 18 0.833 -778
9 19 0.833 -786
9 20 0.833 -786
9 21 0.833 -786
9 22 0.833 -784
9 23 0.833 -776
9 24 0.833 -776
9 25 0.833 -778
9 26 0.833 -781
9 27 0.833 -784
9 28 0.833 -783
9 29 0.833 -781
9 30 0.833 -784
9 31 0.833 -778
9 32 0.833 -778
9 33 0.833 -778
9 34 0.833 -780
9 35 0.833 -782
9 36 0.833 -783
9 37 0.833 -779
9 38 0.833 -782
9 39 0.833 -779
9 40 0.833 -779
9 41 0.833 -779
9 42 0.833 -781
9 43 0.833 -785
9 44 0.833 -786
9 45 0.833 -785
9 46 0.833 -784
9 47 0.833 -773
#SDC1 TDC layer 5
10 0 0.833 -774
10 1 0.833 -775
10 2 0.833 -777
10 3 0.833 -783
10 4 0.833 -783
10 5 0.833 -780
10 6 0.833 -782
10 7 0.833 -781
10 8 0.833 -777
10 9 0.833 -780
10 10 0.833 -780
10 11 0.833 -781
10 12 0.833 -781
10 13 0.833 -781
10 14 0.833 -780
10 15 0.833 -776
10 16 0.833 -779
10 17 0.833 -778
10 18 0.833 -779
10 19 0.833 -787
10 20 0.833 -784
10 21 0.833 -779
10 22 0.833 -777
10 23 0.833 -777
10 24 0.833 -776
10 25 0.833 -779
10 26 0.833 -782
10 27 0.833 -786
10 28 0.833 -782
10 29 0.833 -780
10 30 0.833 -777
10 31 0.833 -778
10 32 0.833 -778
10 33 0.833 -778
10 34 0.833 -780
10 35 0.833 -785
10 36 0.833 -780
10 37 0.833 -782
10 38 0.833 -779
10 39 0.833 -779
10 40 0.833 -779
10 41 0.833 -779
10 42 0.833 -780
10 43 0.833 -784
10 44 0.833 -783
10 45 0.833 -784
10 46 0.833 -779
10 47 0.833 -769
#SDC2 TDC layer 0
31 0 0.833 -796.268
31 1 0.833 -793.947
31 2 0.833 -795.899
31 3 0.833 -792.677
31 4 0.833 -792.915
31 5 0.833 -791.279
31 6 0.833 -795.323
31 7 0.833 -800.16
31 8 0.833 -799.391
31 9 0.833 -799.061
31 10 0.833 -799.312
31 11 0.833 -798.692
31 12 0.833 -794.492
31 13 0.833 -796.769
31 14 0.833 -793.302
31 15 0.833 -795.585
31 16 0.833 -792.738
31 17 0.833 -796.122
31 18 0.833 -790.453
31 19 0.833 -790.074
31 20 0.833 -791.555
31 21 0.833 -792.061
31 22 0.833 -789.751
31 23 0.833 -793.73
31 24 0.833 -794.051
31 25 0.833 -791.671
31 26 0.833 -796.866
31 27 0.833 -795.979
31 28 0.833 -790.184
31 29 0.833 -786.29
31 30 0.833 -783.807
31 31 0.833 -783.993
31 32 0.833 -787.289
31 33 0.833 -788.806
31 34 0.833 -787.164
31 35 0.833 -787.894
31 36 0.833 -789.375
31 37 0.833 -784.378
31 38 0.833 -785.295
31 39 0.833 -789.226
31 40 0.833 -794.114
31 41 0.833 -791.318
31 42 0.833 -788.219
31 43 0.833 -787.688
31 44 0.833 -783.861
31 45 0.833 -785.417
31 46 0.833 -785.804
31 47 0.833 -785.399
31 48 0.833 -787.73
31 49 0.833 -792.873
31 50 0.833 -791.758
31 51 0.833 -789.883
31 52 0.833 -791.059
31 53 0.833 -790.271
31 54 0.833 -787.612
31 55 0.833 -793.962
31 56 0.833 -794.42
31 57 0.833 -796.16
31 58 0.833 -796.368
31 59 0.833 -798.043
31 60 0.833 -794.212
31 61 0.833 -795.462
31 62 0.833 -794.183
31 63 0.833 -791.179
31 64 0.833 -793.62
31 65 0.833 -796.919
31 66 0.833 -792.92
31 67 0.833 -793.605
31 68 0.833 -792.486
31 69 0.833 -793.851
31 70 0.833 -790.746
31 71 0.833 -794.224
31 72 0.833 -798.453
31 73 0.833 -793.342
31 74 0.833 -796.407
31 75 0.833 -795.668
31 76 0.833 -796.93
31 77 0.833 -793.173
31 78 0.833 -793.115
#SDC2 TDC layer 1
32 0 0.833 -794.545
32 1 0.833 -791.957
32 2 0.833 -789.243
32 3 0.833 -793.809
32 4 0.833 -792.618
32 5 0.833 -792.466
32 6 0.833 -791.197
32 7 0.833 -792.331
32 8 0.833 -793.824
32 9 0.833 -788.839
32 10 0.833 -787.453
32 11 0.833 -794.915
32 12 0.833 -796.211
32 13 0.833 -794.7
32 14 0.833 -791.857
32 15 0.833 -792.109
32 16 0.833 -794.38
32 17 0.833 -792.63
32 18 0.833 -790.828
32 19 0.833 -796.283
32 20 0.833 -794.368
32 21 0.833 -797.374
32 22 0.833 -792.193
32 23 0.833 -792.138
32 24 0.833 -789.471
32 25 0.833 -784.603
32 26 0.833 -784.154
32 27 0.833 -788.805
32 28 0.833 -785.901
32 29 0.833 -783.145
32 30 0.833 -782.983
32 31 0.833 -784.118
32 32 0.833 -785.98
32 33 0.833 -784.271
32 34 0.833 -784.534
32 35 0.833 -788.544
32 36 0.833 -792.486
32 37 0.833 -787.93
32 38 0.833 -788.055
32 39 0.833 -788.3
32 40 0.833 -794.873
32 41 0.833 -786.688
32 42 0.833 -784.643
32 43 0.833 -787.086
32 44 0.833 -788.285
32 45 0.833 -790.146
32 46 0.833 -789.071
32 47 0.833 -784.932
32 48 0.833 -788.701
32 49 0.833 -787.693
32 50 0.833 -784.885
32 51 0.833 -790.102
32 52 0.833 -792.055
32 53 0.833 -795.869
32 54 0.833 -792.013
32 55 0.833 -792.811
32 56 0.833 -793.593
32 57 0.833 -795.301
32 58 0.833 -789.633
32 59 0.833 -797.071
32 60 0.833 -797.796
32 61 0.833 -795.655
32 62 0.833 -795.11
32 63 0.833 -794.053
32 64 0.833 -794.284
32 65 0.833 -794.171
32 66 0.833 -793.583
32 67 0.833 -796.703
32 68 0.833 -796.493
32 69 0.833 -797.45
32 70 0.833 -796.009
32 71 0.833 -792.751
32 72 0.833 -792.407
32 73 0.833 -793.521
32 74 0.833 -791.083
32 75 0.833 -793.392
32 76 0.833 -796.379
32 77 0.833 -798.772
#SDC2 TDC layer 2
33 0 0.833 -797.363
33 1 0.833 -790.896
33 2 0.833 -791.646
33 3 0.833 -788.011
33 4 0.833 -796.447
33 5 0.833 -793.497
33 6 0.833 -792.064
33 7 0.833 -793.305
33 8 0.833 -792.147
33 9 0.833 -793.063
33 10 0.833 -790.835
33 11 0.833 -790.028
33 12 0.833 -793.634
33 13 0.833 -796.302
33 14 0.833 -792.887
33 15 0.833 -794.618
33 16 0.833 -792.251
33 17 0.833 -789.963
33 18 0.833 -791.249
33 19 0.833 -792.101
33 20 0.833 -793.957
33 21 0.833 -795.451
33 22 0.833 -794.232
33 23 0.833 -792.248
33 24 0.833 -787.851
33 25 0.833 -785.221
33 26 0.833 -788.184
33 27 0.833 -782.467
33 28 0.833 -786.921
33 29 0.833 -788.873
33 30 0.833 -784.272
33 31 0.833 -784.19
33 32 0.833 -783.304
33 33 0.833 -782.67
33 34 0.833 -784.972
33 35 0.833 -785.255
33 36 0.833 -792.075
33 37 0.833 -781.933
33 38 0.833 -788.817
33 39 0.833 -792.035
33 40 0.833 -793.865
33 41 0.833 -790.951
33 42 0.833 -786.773
33 43 0.833 -786.879
33 44 0.833 -785.686
33 45 0.833 -787.94
33 46 0.833 -787.075
33 47 0.833 -785.29
33 48 0.833 -786.868
33 49 0.833 -784.522
33 50 0.833 -790.78
33 51 0.833 -788.219
33 52 0.833 -790.786
33 53 0.833 -795.333
33 54 0.833 -791.127
33 55 0.833 -791.192
33 56 0.833 -793.707
33 57 0.833 -791.361
33 58 0.833 -793.097
33 59 0.833 -790.01
33 60 0.833 -795.062
33 61 0.833 -794.149
33 62 0.833 -792.215
33 63 0.833 -795.852
33 64 0.833 -790.93
33 65 0.833 -793.252
33 66 0.833 -794.314
33 67 0.833 -795.932
33 68 0.833 -788.817
33 69 0.833 -788.817
33 70 0.833 -793.419
33 71 0.833 -795.569
33 72 0.833 -794.362
33 73 0.833 -792.654
33 74 0.833 -793.859
33 75 0.833 -789.523
33 76 0.833 -796.944
33 77 0.833 -797.423
#SDC2 TDC layer 3
34 0 0.833 -791.646
34 1 0.833 -791.646
34 2 0.833 -794.166
34 3 0.833 -795.289
34 4 0.833 -795.249
34 5 0.833 -790.635
34 6 0.833 -793.761
34 7 0.833 -792.063
34 8 0.833 -790.191
34 9 0.833 -793.781
34 10 0.833 -796.328
34 11 0.833 -792.004
34 12 0.833 -790.593
34 13 0.833 -787.808
34 14 0.833 -789.09
34 15 0.833 -792.012
34 16 0.833 -789.698
34 17 0.833 -795.361
34 18 0.833 -795.036
34 19 0.833 -795.981
34 20 0.833 -790.073
34 21 0.833 -788.703
34 22 0.833 -790.933
34 23 0.833 -797.33
34 24 0.833 -790.296
34 25 0.833 -789.841
34 26 0.833 -791.72
34 27 0.833 -794.658
34 28 0.833 -790.887
34 29 0.833 -788.999
34 30 0.833 -790.697
34 31 0.833 -790.374
34 32 0.833 -791.805
34 33 0.833 -790.2
34 34 0.833 -794.03
34 35 0.833 -791.503
34 36 0.833 -793.032
34 37 0.833 -786.889
34 38 0.833 -788.927
34 39 0.833 -789.273
34 40 0.833 -795.792
34 41 0.833 -788.612
34 42 0.833 -793.58
34 43 0.833 -793.915
34 44 0.833 -789.529
34 45 0.833 -788.343
34 46 0.833 -785.456
34 47 0.833 -788.269
34 48 0.833 -795.32
34 49 0.833 -794.933
34 50 0.833 -794.037
34 51 0.833 -801.471
34 52 0.833 -797.474
34 53 0.833 -793.249
34 54 0.833 -794.425
34 55 0.833 -792.28
34 56 0.833 -787.855
34 57 0.833 -788.691
34 58 0.833 -788.795
34 59 0.833 -788.377
34 60 0.833 -789.139
34 61 0.833 -784.823
34 62 0.833 -786.882
34 63 0.833 -788.395
34 64 0.833 -791.751
34 65 0.833 -794.861
34 66 0.833 -795.136
34 67 0.833 -795.785
34 68 0.833 -795.228
34 69 0.833 -791.247
34 70 0.833 -792.939
34 71 0.833 -794.322
34 72 0.833 -792.686
34 73 0.833 -792.631
34 74 0.833 -795.979
34 75 0.833 -793.995
34 76 0.833 -793.03
34 77 0.833 -790.632
34 78 0.833 -789.628
34 79 0.833 -792.55
34 80 0.833 -793.958
34 81 0.833 -794.819
34 82 0.833 -797.162
34 83 0.833 -796.275
34 84 0.833 -793.937
34 85 0.833 -792.101
34 86 0.833 -790.579
34 87 0.833 -795.693
34 88 0.833 -789.922
34 89 0.833 -791.764
34 90 0.833 -794.757
34 91 0.833 -794.613
34 92 0.833 -792.419
34 93 0.833 -790.143
34 94 0.833 -788.619
34 95 0.833 -791.075
34 96 0.833 -789.834
34 97 0.833 -791.961
34 98 0.833 -794.962
34 99 0.833 -794.017
34 100 0.833 -791.086
34 101 0.833 -790.978
34 102 0.833 -790.831
34 103 0.833 -791.457
#SDC2 TDC layer 4
35 0 0.833 -789.292
35 1 0.833 -795.835
35 2 0.833 -794.621
35 3 0.833 -794.357
35 4 0.833 -793.401
35 5 0.833 -793.611
35 6 0.833 -793.527
35 7 0.833 -796.108
35 8 0.833 -788.812
35 9 0.833 -792.06
35 10 0.833 -793.656
35 11 0.833 -791.998
35 12 0.833 -789.417
35 13 0.833 -789.258
35 14 0.833 -787.186
35 15 0.833 -793.419
35 16 0.833 -791.18
35 17 0.833 -792.093
35 18 0.833 -793.964
35 19 0.833 -792.759
35 20 0.833 -787.879
35 21 0.833 -790.628
35 22 0.833 -789.225
35 23 0.833 -790.563
35 24 0.833 -787.062
35 25 0.833 -785.947
35 26 0.833 -790.088
35 27 0.833 -792.037
35 28 0.833 -787.355
35 29 0.833 -787.084
35 30 0.833 -785.617
35 31 0.833 -789.211
35 32 0.833 -789.787
35 33 0.833 -789.573
35 34 0.833 -790.921
35 35 0.833 -788.892
35 36 0.833 -785.659
35 37 0.833 -788.975
35 38 0.833 -785.07
35 39 0.833 -785.363
35 40 0.833 -785.877
35 41 0.833 -787.641
35 42 0.833 -789.939
35 43 0.833 -788.22
35 44 0.833 -785.734
35 45 0.833 -783.283
35 46 0.833 -787.164
35 47 0.833 -790.102
35 48 0.833 -791.574
35 49 0.833 -789.615
35 50 0.833 -794.096
35 51 0.833 -793.136
35 52 0.833 -788.463
35 53 0.833 -788.124
35 54 0.833 -792.42
35 55 0.833 -791.739
35 56 0.833 -790.691
35 57 0.833 -790.589
35 58 0.833 -786.74
35 59 0.833 -787.808
35 60 0.833 -783.679
35 61 0.833 -783.446
35 62 0.833 -784.492
35 63 0.833 -788.011
35 64 0.833 -793.131
35 65 0.833 -791.885
35 66 0.833 -794.131
35 67 0.833 -792.065
35 68 0.833 -791.226
35 69 0.833 -794.417
35 70 0.833 -792.218
35 71 0.833 -796.774
35 72 0.833 -789.378
35 73 0.833 -790.165
35 74 0.833 -794.506
35 75 0.833 -790.442
35 76 0.833 -788.382
35 77 0.833 -791.172
35 78 0.833 -787.867
35 79 0.833 -794.297
35 80 0.833 -793.193
35 81 0.833 -790.785
35 82 0.833 -795.415
35 83 0.833 -795.282
35 84 0.833 -789.128
35 85 0.833 -794.034
35 86 0.833 -790.142
35 87 0.833 -790.948
35 88 0.833 -792.348
35 89 0.833 -788.756
35 90 0.833 -793.647
35 91 0.833 -795.331
35 92 0.833 -787.569
35 93 0.833 -788.111
35 94 0.833 -790.439
35 95 0.833 -787.525
35 96 0.833 -789.583
35 97 0.833 -792.106
35 98 0.833 -795.042
35 99 0.833 -790.625
35 100 0.833 -789.292
35 101 0.833 -787.953
35 102 0.833 -791.675
35 103 0.833 -788.419
#SDC3 TDC layer 0
36 0 0.833 -796.312
36 1 0.833 -793.317
36 2 0.833 -791.844
36 3 0.833 -791.386
36 4 0.833 -794.825
36 5 0.833 -791.292
36 6 0.833 -794.004
36 7 0.833 -792.085
36 8 0.833 -796.842
36 9 0.833 -795.59
36 10 0.833 -796.311
36 11 0.833 -794.39
36 12 0.833 -793.393
36 13 0.833 -795.297
36 14 0.833 -791.873
36 15 0.833 -791.993
36 16 0.833 -796.023
36 17 0.833 -795.55
36 18 0.833 -795.711
36 19 0.833 -793.288
36 20 0.833 -793.2
36 21 0.833 -791.543
36 22 0.833 -790.367
36 23 0.833 -792.851
36 24 0.833 -794.162
36 25 0.833 -791.538
36 26 0.833 -787.071
36 27 0.833 -790.141
36 28 0.833 -786.72
36 29 0.833 -785.627
36 30 0.833 -785.734
36 31 0.833 -792.205
36 32 0.833 -790.297
36 33 0.833 -788.017
36 34 0.833 -792.242
36 35 0.833 -795.802
36 36 0.833 -789.885
36 37 0.833 -784.904
36 38 0.833 -789.499
36 39 0.833 -800.925
36 40 0.833 -795.155
36 41 0.833 -796.659
36 42 0.833 -794.81
36 43 0.833 -789.033
36 44 0.833 -787.271
36 45 0.833 -790.049
36 46 0.833 -786.925
36 47 0.833 -784.643
36 48 0.833 -791.564
36 49 0.833 -789.033
36 50 0.833 -787.929
36 51 0.833 -785.18
36 52 0.833 -786.007
36 53 0.833 -790.033
36 54 0.833 -789.077
36 55 0.833 -791.791
36 56 0.833 -793.748
36 57 0.833 -793.239
36 58 0.833 -794.493
36 59 0.833 -797.36
36 60 0.833 -796.078
36 61 0.833 -795.221
36 62 0.833 -792.269
36 63 0.833 -793.344
36 64 0.833 -795.034
36 65 0.833 -794.349
36 66 0.833 -794.226
36 67 0.833 -793.039
36 68 0.833 -794.119
36 69 0.833 -792.333
36 70 0.833 -794.356
36 71 0.833 -796.635
36 72 0.833 -794.871
36 73 0.833 -799.49
36 74 0.833 -798.49
36 75 0.833 -801.747
36 76 0.833 -794.359
36 77 0.833 -794.855
36 78 0.833 -796.138
#SDC3 TDC layer 1
37 0 0.833 -787.479
37 1 0.833 -784.494
37 2 0.833 -787.58
37 3 0.833 -788.49
37 4 0.833 -792.12
37 5 0.833 -787.648
37 6 0.833 -783.59
37 7 0.833 -786.63
37 8 0.833 -791.65
37 9 0.833 -786.458
37 10 0.833 -783.049
37 11 0.833 -790.251
37 12 0.833 -794.591
37 13 0.833 -793.41
37 14 0.833 -792.355
37 15 0.833 -788.514
37 16 0.833 -788.716
37 17 0.833 -787.591
37 18 0.833 -784.825
37 19 0.833 -787.343
37 20 0.833 -790.283
37 21 0.833 -792.123
37 22 0.833 -788.753
37 23 0.833 -783.703
37 24 0.833 -787.09
37 25 0.833 -781.866
37 26 0.833 -781.212
37 27 0.833 -785.659
37 28 0.833 -785.21
37 29 0.833 -786.226
37 30 0.833 -784.201
37 31 0.833 -783.496
37 32 0.833 -788.777
37 33 0.833 -783.998
37 34 0.833 -788.71
37 35 0.833 -790.492
37 36 0.833 -790.008
37 37 0.833 -793.815
37 38 0.833 -788.268
37 39 0.833 -781.779
37 40 0.833 -790.039
37 41 0.833 -786.705
37 42 0.833 -786.591
37 43 0.833 -785.799
37 44 0.833 -786.908
37 45 0.833 -790.061
37 46 0.833 -784.491
37 47 0.833 -785.068
37 48 0.833 -785.13
37 49 0.833 -783.446
37 50 0.833 -783.349
37 51 0.833 -784.316
37 52 0.833 -787.908
37 53 0.833 -791.826
37 54 0.833 -789.896
37 55 0.833 -789.981
37 56 0.833 -786.515
37 57 0.833 -785.925
37 58 0.833 -785.6
37 59 0.833 -791.556
37 60 0.833 -790.402
37 61 0.833 -789.31
37 62 0.833 -788.836
37 63 0.833 -786.927
37 64 0.833 -788.127
37 65 0.833 -786.685
37 66 0.833 -785.604
37 67 0.833 -787.768
37 68 0.833 -788.708
37 69 0.833 -792.637
37 70 0.833 -787.052
37 71 0.833 -787.101
37 72 0.833 -792.238
37 73 0.833 -785.487
37 74 0.833 -787.119
37 75 0.833 -789.75
37 76 0.833 -793.257
37 77 0.833 -794.714
#SDC3 TDC layer 2
38 0 0.833 -787.936
38 1 0.833 -785.81
38 2 0.833 -785.526
38 3 0.833 -784.297
38 4 0.833 -791.328
38 5 0.833 -787.126
38 6 0.833 -781.27
38 7 0.833 -783.848
38 8 0.833 -788.747
38 9 0.833 -787.371
38 10 0.833 -786.269
38 11 0.833 -784.974
38 12 0.833 -791.113
38 13 0.833 -790.09
38 14 0.833 -785.739
38 15 0.833 -787.032
38 16 0.833 -788.313
38 17 0.833 -787.093
38 18 0.833 -787.301
38 19 0.833 -784.403
38 20 0.833 -786.767
38 21 0.833 -787.938
38 22 0.833 -784.657
38 23 0.833 -785.466
38 24 0.833 -786.23
38 25 0.833 -783.312
38 26 0.833 -782.445
38 27 0.833 -782.374
38 28 0.833 -784.497
38 29 0.833 -784.789
38 30 0.833 -781.077
38 31 0.833 -783.055
38 32 0.833 -782.75
38 33 0.833 -781.404
38 34 0.833 -785.531
38 35 0.833 -787.798
38 36 0.833 -789.623
38 37 0.833 -788.881
38 38 0.833 -785.685
38 39 0.833 -781.698
38 40 0.833 -789.341
38 41 0.833 -785.417
38 42 0.833 -789.437
38 43 0.833 -784.617
38 44 0.833 -784.096
38 45 0.833 -786.044
38 46 0.833 -783.984
38 47 0.833 -784.599
38 48 0.833 -786.431
38 49 0.833 -782.816
38 50 0.833 -781.232
38 51 0.833 -782.581
38 52 0.833 -784.92
38 53 0.833 -789.615
38 54 0.833 -784.565
38 55 0.833 -789.469
38 56 0.833 -784.717
38 57 0.833 -783.339
38 58 0.833 -786.805
38 59 0.833 -782.354
38 60 0.833 -787.893
38 61 0.833 -787.861
38 62 0.833 -786.166
38 63 0.833 -786.679
38 64 0.833 -783.537
38 65 0.833 -788.055
38 66 0.833 -786.262
38 67 0.833 -783.941
38 68 0.833 -787.403
38 69 0.833 -791.569
38 70 0.833 -786.793
38 71 0.833 -786.823
38 72 0.833 -788.108
38 73 0.833 -785.695
38 74 0.833 -790.384
38 75 0.833 -787.461
38 76 0.833 -790.521
38 77 0.833 -791.624
#SDC3 TDC layer 3
39 0 0.833 -785.088
39 1 0.833 -784.694
39 2 0.833 -786.844
39 3 0.833 -786.929
39 4 0.833 -785.318
39 5 0.833 -783.786
39 6 0.833 -783.926
39 7 0.833 -786.852
39 8 0.833 -790.278
39 9 0.833 -789.698
39 10 0.833 -796.162
39 11 0.833 -790.624
39 12 0.833 -788.517
39 13 0.833 -787.104
39 14 0.833 -790.452
39 15 0.833 -790.118
39 16 0.833 -790.541
39 17 0.833 -789.213
39 18 0.833 -792.829
39 19 0.833 -793.527
39 20 0.833 -791.978
39 21 0.833 -786.876
39 22 0.833 -789.195
39 23 0.833 -790.691
39 24 0.833 -789.615
39 25 0.833 -790.777
39 26 0.833 -793.095
39 27 0.833 -791.037
39 28 0.833 -789.953
39 29 0.833 -786.56
39 30 0.833 -786.83
39 31 0.833 -789.886
39 32 0.833 -790.158
39 33 0.833 -788.296
39 34 0.833 -789.097
39 35 0.833 -788.722
39 36 0.833 -785.221
39 37 0.833 -780.304
39 38 0.833 -783.582
39 39 0.833 -785.019
39 40 0.833 -783.63
39 41 0.833 -785.641
39 42 0.833 -784.254
39 43 0.833 -787.158
39 44 0.833 -782.007
39 45 0.833 -777.807
39 46 0.833 -783.577
39 47 0.833 -789.205
39 48 0.833 -785.725
39 49 0.833 -786.321
39 50 0.833 -787.46
39 51 0.833 -789.702
39 52 0.833 -787.116
39 53 0.833 -785.117
39 54 0.833 -786.603
39 55 0.833 -786.605
39 56 0.833 -787.188
39 57 0.833 -780.475
39 58 0.833 -782.952
39 59 0.833 -787.46
39 60 0.833 -780.988
39 61 0.833 -778.277
39 62 0.833 -778.96
39 63 0.833 -782.334
39 64 0.833 -787.46
39 65 0.833 -779.613
39 66 0.833 -781.416
39 67 0.833 -782.559
39 68 0.833 -781.571
39 69 0.833 -783.294
39 70 0.833 -782.661
39 71 0.833 -785.99
39 72 0.833 -785.179
39 73 0.833 -789.743
39 74 0.833 -789.942
39 75 0.833 -792.896
39 76 0.833 -792.476
39 77 0.833 -787.374
39 78 0.833 -787.941
39 79 0.833 -790.153
39 80 0.833 -790.84
39 81 0.833 -789.973
39 82 0.833 -791.701
39 83 0.833 -793.95
39 84 0.833 -792.181
39 85 0.833 -786.809
39 86 0.833 -786.668
39 87 0.833 -791.729
39 88 0.833 -786.188
39 89 0.833 -787.118
39 90 0.833 -788.763
39 91 0.833 -789.924
39 92 0.833 -788.242
39 93 0.833 -784.662
39 94 0.833 -787.277
39 95 0.833 -788.441
39 96 0.833 -784.985
39 97 0.833 -785.548
39 98 0.833 -789.855
39 99 0.833 -787.392
39 100 0.833 -791.671
39 101 0.833 -787.47
39 102 0.833 -787.565
39 103 0.833 -788.263
#SDC3 TDC layer 4
40 0 0.833 -786.991
40 1 0.833 -785.405
40 2 0.833 -789.72
40 3 0.833 -782.838
40 4 0.833 -779.507
40 5 0.833 -786.343
40 6 0.833 -784.123
40 7 0.833 -785.801
40 8 0.833 -790.514
40 9 0.833 -789.58
40 10 0.833 -791.597
40 11 0.833 -789.575
40 12 0.833 -787.121
40 13 0.833 -787.341
40 14 0.833 -785.802
40 15 0.833 -786.352
40 16 0.833 -789.71
40 17 0.833 -786.556
40 18 0.833 -792.192
40 19 0.833 -789.654
40 20 0.833 -788.213
40 21 0.833 -787.856
40 22 0.833 -789.914
40 23 0.833 -789.146
40 24 0.833 -788.803
40 25 0.833 -789.299
40 26 0.833 -788.812
40 27 0.833 -786.481
40 28 0.833 -784.554
40 29 0.833 -783.747
40 30 0.833 -785.477
40 31 0.833 -784.813
40 32 0.833 -785.401
40 33 0.833 -783.846
40 34 0.833 -787.466
40 35 0.833 -786.64
40 36 0.833 -780.131
40 37 0.833 -781.22
40 38 0.833 -781.968
40 39 0.833 -781.734
40 40 0.833 -778.181
40 41 0.833 -780.255
40 42 0.833 -780.844
40 43 0.833 -781.097
40 44 0.833 -775.639
40 45 0.833 -781.638
40 46 0.833 -781.401
40 47 0.833 -785.153
40 48 0.833 -785.409
40 49 0.833 -790.969
40 50 0.833 -791.87
40 51 0.833 -784.861
40 52 0.833 -782.102
40 53 0.833 -784.297
40 54 0.833 -784.714
40 55 0.833 -786.742
40 56 0.833 -784.374
40 57 0.833 -778.683
40 58 0.833 -779.063
40 59 0.833 -779.543
40 60 0.833 -775.721
40 61 0.833 -777.301
40 62 0.833 -776.932
40 63 0.833 -779.112
40 64 0.833 -775.581
40 65 0.833 -781.869
40 66 0.833 -780.008
40 67 0.833 -778.373
40 68 0.833 -776.745
40 69 0.833 -782.513
40 70 0.833 -779.877
40 71 0.833 -785.946
40 72 0.833 -788.421
40 73 0.833 -790.091
40 74 0.833 -788.4
40 75 0.833 -789.674
40 76 0.833 -786.608
40 77 0.833 -788.426
40 78 0.833 -788.773
40 79 0.833 -787.607
40 80 0.833 -787.216
40 81 0.833 -789.735
40 82 0.833 -793.202
40 83 0.833 -788.765
40 84 0.833 -785.702
40 85 0.833 -784.979
40 86 0.833 -778.298
40 87 0.833 -788.854
40 88 0.833 -785.602
40 89 0.833 -784.849
40 90 0.833 -787.926
40 91 0.833 -785.098
40 92 0.833 -783.408
40 93 0.833 -786.114
40 94 0.833 -785.597
40 95 0.833 -785.978
40 96 0.833 -785.332
40 97 0.833 -786.452
40 98 0.833 -787.766
40 99 0.833 -788.753
40 100 0.833 -782.762
40 101 0.833 -786.742
40 102 0.833 -782.592
40 103 0.833 -785.245
