##
#  file: DCTdcCalib_e70_20230526
#  date: 2021-05-26
#  note: first version
#        Changed WireId to 0-based
#
#
#######################################################################
# Id	WireId	p1	p0
#
#SDC0 TDC layer 0
1 0 0.833 -370
1 1 0.833 -370
1 2 0.833 -370
1 3 0.833 -365
1 4 0.833 -367
1 5 0.833 -365
1 6 0.833 -365
1 7 0.833 -368
1 8 0.833 -365
1 9 0.833 -365
1 10 0.833 -370
1 11 0.833 -365
1 12 0.833 -365
1 13 0.833 -365
1 14 0.833 -366
1 15 0.833 -362
1 16 0.833 -365
1 17 0.833 -366
1 18 0.833 -367
1 19 0.833 -367
1 20 0.833 -367
1 21 0.833 -370
1 22 0.833 -370
1 23 0.833 -368
1 24 0.833 -367
1 25 0.833 -370
1 26 0.833 -370
1 27 0.833 -370
1 28 0.833 -368
1 29 0.833 -370
1 30 0.833 -370
1 31 0.833 -369
1 32 0.833 -370
1 33 0.833 -370
1 34 0.833 -370
1 35 0.833 -370
1 36 0.833 -370
1 37 0.833 -370
1 38 0.833 -370
1 39 0.833 -370
1 40 0.833 -370
1 41 0.833 -370
1 42 0.833 -369
1 43 0.833 -370
1 44 0.833 -370
1 45 0.833 -368
1 46 0.833 -370
1 47 0.833 -370
1 48 0.833 -370
1 49 0.833 -370
1 50 0.833 -370
1 51 0.833 -370
1 52 0.833 -371
1 53 0.833 -370
1 54 0.833 -370
1 55 0.833 -370
1 56 0.833 -367
1 57 0.833 -370
1 58 0.833 -370
1 59 0.833 -370
1 60 0.833 -370
1 61 0.833 -370
1 62 0.833 -370
1 63 0.833 -370
1 64 0.833 -367
1 65 0.833 -367
1 66 0.833 -365
1 67 0.833 -365
1 68 0.833 -365
1 69 0.833 -365
1 70 0.833 -366
1 71 0.833 -366
1 72 0.833 -366
1 73 0.833 -370
1 74 0.833 -370
1 75 0.833 -368
1 76 0.833 -368
1 77 0.833 -368
1 78 0.833 -368
1 79 0.833 -366
1 80 0.833 -370
1 81 0.833 -370
1 82 0.833 -370
1 83 0.833 -370
1 84 0.833 -370
1 85 0.833 -370
1 86 0.833 -370
1 87 0.833 -370
1 88 0.833 -370
1 89 0.833 -370
1 90 0.833 -370
1 91 0.833 -370
1 92 0.833 -370
1 93 0.833 -370
1 94 0.833 -370
1 95 0.833 -370
1 96 0.833 -370
1 97 0.833 -370
1 98 0.833 -370
1 99 0.833 -368
1 100 0.833 -370
1 101 0.833 -368
1 102 0.833 -369
1 103 0.833 -369
1 104 0.833 -370
1 105 0.833 -370
1 106 0.833 -370
1 107 0.833 -370
1 108 0.833 -370
1 109 0.833 -370
1 110 0.833 -370
1 111 0.833 -370
#SDC0 TDC layer 1
2 0 0.833 -366
2 1 0.833 -365
2 2 0.833 -365
2 3 0.833 -367
2 4 0.833 -366
2 5 0.833 -366
2 6 0.833 -366
2 7 0.833 -364
2 8 0.833 -364
2 9 0.833 -367
2 10 0.833 -364
2 11 0.833 -364
2 12 0.833 -367
2 13 0.833 -366
2 14 0.833 -366
2 15 0.833 -364
2 16 0.833 -364
2 17 0.833 -366
2 18 0.833 -368
2 19 0.833 -366
2 20 0.833 -366
2 21 0.833 -364
2 22 0.833 -365
2 23 0.833 -366
2 24 0.833 -366
2 25 0.833 -366
2 26 0.833 -366
2 27 0.833 -365
2 28 0.833 -365
2 29 0.833 -365
2 30 0.833 -366
2 31 0.833 -368
2 32 0.833 -368
2 33 0.833 -369
2 34 0.833 -365
2 35 0.833 -368
2 36 0.833 -368
2 37 0.833 -368
2 38 0.833 -369
2 39 0.833 -369
2 40 0.833 -368
2 41 0.833 -369
2 42 0.833 -369
2 43 0.833 -368
2 44 0.833 -368
2 45 0.833 -368
2 46 0.833 -369
2 47 0.833 -369
2 48 0.833 -369
2 49 0.833 -364
2 50 0.833 -367
2 51 0.833 -367
2 52 0.833 -367
2 53 0.833 -368
2 54 0.833 -367
2 55 0.833 -366
2 56 0.833 -367
2 57 0.833 -368
2 58 0.833 -368
2 59 0.833 -368
2 60 0.833 -367
2 61 0.833 -368
2 62 0.833 -368
2 63 0.833 -367
2 64 0.833 -369
2 65 0.833 -369
2 66 0.833 -369
2 67 0.833 -369
2 68 0.833 -369
2 69 0.833 -369
2 70 0.833 -369
2 71 0.833 -366
2 72 0.833 -369
2 73 0.833 -368
2 74 0.833 -368
2 75 0.833 -368
2 76 0.833 -368
2 77 0.833 -368
2 78 0.833 -366
2 79 0.833 -367
2 80 0.833 -369
2 81 0.833 -369
2 82 0.833 -369
2 83 0.833 -369
2 84 0.833 -369
2 85 0.833 -368
2 86 0.833 -368
2 87 0.833 -366
2 88 0.833 -368
2 89 0.833 -369
2 90 0.833 -368
2 91 0.833 -369
2 92 0.833 -368
2 93 0.833 -369
2 94 0.833 -369
2 95 0.833 -366
2 96 0.833 -364
2 97 0.833 -369
2 98 0.833 -369
2 99 0.833 -369
2 100 0.833 -369
2 101 0.833 -369
2 102 0.833 -369
2 103 0.833 -369
2 104 0.833 -369
2 105 0.833 -369
2 106 0.833 -369
2 107 0.833 -369
2 108 0.833 -369
2 109 0.833 -369
2 110 0.833 -369
2 111 0.833 -369
#SDC0 TDC layer 2
3 0 0.833 -368
3 1 0.833 -368
3 2 0.833 -368
3 3 0.833 -368
3 4 0.833 -366
3 5 0.833 -365
3 6 0.833 -368
3 7 0.833 -365
3 8 0.833 -365
3 9 0.833 -365
3 10 0.833 -365
3 11 0.833 -366
3 12 0.833 -366
3 13 0.833 -364
3 14 0.833 -365
3 15 0.833 -365
3 16 0.833 -368
3 17 0.833 -367
3 18 0.833 -368
3 19 0.833 -368
3 20 0.833 -367
3 21 0.833 -368
3 22 0.833 -368
3 23 0.833 -368
3 24 0.833 -365
3 25 0.833 -367
3 26 0.833 -365
3 27 0.833 -366
3 28 0.833 -368
3 29 0.833 -368
3 30 0.833 -367
3 31 0.833 -368
3 32 0.833 -368
3 33 0.833 -368
3 34 0.833 -368
3 35 0.833 -368
3 36 0.833 -367
3 37 0.833 -368
3 38 0.833 -368
3 39 0.833 -368
3 40 0.833 -368
3 41 0.833 -368
3 42 0.833 -368
3 43 0.833 -368
3 44 0.833 -368
3 45 0.833 -368
3 46 0.833 -366
3 47 0.833 -367
3 48 0.833 -368
3 49 0.833 -368
3 50 0.833 -368
3 51 0.833 -369
3 52 0.833 -368
3 53 0.833 -368
3 54 0.833 -368
3 55 0.833 -368
3 56 0.833 -365
3 57 0.833 -367
3 58 0.833 -367
3 59 0.833 -367
3 60 0.833 -368
3 61 0.833 -368
3 62 0.833 -368
3 63 0.833 -368
3 64 0.833 -368
3 65 0.833 -368
3 66 0.833 -368
3 67 0.833 -368
3 68 0.833 -368
3 69 0.833 -368
3 70 0.833 -366
3 71 0.833 -366
3 72 0.833 -366
3 73 0.833 -366
3 74 0.833 -366
3 75 0.833 -366
3 76 0.833 -368
3 77 0.833 -365
3 78 0.833 -365
3 79 0.833 -364
3 80 0.833 -368
3 81 0.833 -368
3 82 0.833 -370
3 83 0.833 -368
3 84 0.833 -368
3 85 0.833 -368
3 86 0.833 -368
3 87 0.833 -368
3 88 0.833 -368
3 89 0.833 -368
3 90 0.833 -368
3 91 0.833 -368
3 92 0.833 -368
3 93 0.833 -368
3 94 0.833 -368
3 95 0.833 -368
3 96 0.833 -368
3 97 0.833 -368
3 98 0.833 -368
3 99 0.833 -368
3 100 0.833 -367
3 101 0.833 -368
3 102 0.833 -368
3 103 0.833 -368
3 104 0.833 -368
3 105 0.833 -368
3 106 0.833 -368
3 107 0.833 -368
3 108 0.833 -368
3 109 0.833 -368
3 110 0.833 -368
3 111 0.833 -366
#SDC0 TDC layer 3
4 0 0.833 -365
4 1 0.833 -365
4 2 0.833 -365
4 3 0.833 -365
4 4 0.833 -365
4 5 0.833 -365
4 6 0.833 -365
4 7 0.833 -363
4 8 0.833 -365
4 9 0.833 -365
4 10 0.833 -366
4 11 0.833 -365
4 12 0.833 -368
4 13 0.833 -365
4 14 0.833 -367
4 15 0.833 -368
4 16 0.833 -367
4 17 0.833 -367
4 18 0.833 -368
4 19 0.833 -368
4 20 0.833 -367
4 21 0.833 -368
4 22 0.833 -366
4 23 0.833 -366
4 24 0.833 -368
4 25 0.833 -367
4 26 0.833 -368
4 27 0.833 -367
4 28 0.833 -367
4 29 0.833 -367
4 30 0.833 -368
4 31 0.833 -368
4 32 0.833 -368
4 33 0.833 -368
4 34 0.833 -368
4 35 0.833 -367
4 36 0.833 -367
4 37 0.833 -368
4 38 0.833 -368
4 39 0.833 -368
4 40 0.833 -367
4 41 0.833 -368
4 42 0.833 -367
4 43 0.833 -367
4 44 0.833 -368
4 45 0.833 -368
4 46 0.833 -368
4 47 0.833 -368
4 48 0.833 -363
4 49 0.833 -366
4 50 0.833 -366
4 51 0.833 -366
4 52 0.833 -368
4 53 0.833 -368
4 54 0.833 -366
4 55 0.833 -368
4 56 0.833 -368
4 57 0.833 -368
4 58 0.833 -368
4 59 0.833 -368
4 60 0.833 -368
4 61 0.833 -368
4 62 0.833 -368
4 63 0.833 -367
4 64 0.833 -366
4 65 0.833 -362
4 66 0.833 -362
4 67 0.833 -367
4 68 0.833 -368
4 69 0.833 -368
4 70 0.833 -367
4 71 0.833 -367
4 72 0.833 -368
4 73 0.833 -368
4 74 0.833 -368
4 75 0.833 -367
4 76 0.833 -368
4 77 0.833 -367
4 78 0.833 -368
4 79 0.833 -368
4 80 0.833 -368
4 81 0.833 -368
4 82 0.833 -368
4 83 0.833 -368
4 84 0.833 -368
4 85 0.833 -368
4 86 0.833 -365
4 87 0.833 -367
4 88 0.833 -368
4 89 0.833 -369
4 90 0.833 -368
4 91 0.833 -368
4 92 0.833 -367
4 93 0.833 -366
4 94 0.833 -367
4 95 0.833 -368
4 96 0.833 -367
4 97 0.833 -367
4 98 0.833 -367
4 99 0.833 -368
4 100 0.833 -368
4 101 0.833 -368
4 102 0.833 -368
4 103 0.833 -368
4 104 0.833 -367
4 105 0.833 -370
4 106 0.833 -368
4 107 0.833 -368
4 108 0.833 -368
4 109 0.833 -367
4 110 0.833 -368
4 111 0.833 -368
#SDC1 TDC layer 0
5 0 0.833 -792
5 1 0.833 -795
5 2 0.833 -798
5 3 0.833 -798
5 4 0.833 -800
5 5 0.833 -800
5 6 0.833 -803
5 7 0.833 -803
5 8 0.833 -803
5 9 0.833 -801
5 10 0.833 -801
5 11 0.833 -799
5 12 0.833 -802
5 13 0.833 -801
5 14 0.833 -796
5 15 0.833 -798
5 16 0.833 -798
5 17 0.833 -798
5 18 0.833 -797
5 19 0.833 -798
5 20 0.833 -800
5 21 0.833 -803
5 22 0.833 -803
5 23 0.833 -803
5 24 0.833 -803
5 25 0.833 -802
5 26 0.833 -802
5 27 0.833 -801
5 28 0.833 -800
5 29 0.833 -796
5 30 0.833 -798
5 31 0.833 -796
5 32 0.833 -796
5 33 0.833 -796
5 34 0.833 -796
5 35 0.833 -796
5 36 0.833 -797
5 37 0.833 -803
5 38 0.833 -805
5 39 0.833 -803
5 40 0.833 -804
5 41 0.833 -803
5 42 0.833 -803
5 43 0.833 -802
5 44 0.833 -803
5 45 0.833 -796
5 46 0.833 -796
5 47 0.833 -791
#SDC1 TDC layer 1
6 0 0.833 -793
6 1 0.833 -798
6 2 0.833 -798
6 3 0.833 -800
6 4 0.833 -803
6 5 0.833 -801
6 6 0.833 -802
6 7 0.833 -805
6 8 0.833 -805
6 9 0.833 -805
6 10 0.833 -803
6 11 0.833 -801
6 12 0.833 -799
6 13 0.833 -798
6 14 0.833 -798
6 15 0.833 -798
6 16 0.833 -800
6 17 0.833 -799
6 18 0.833 -799
6 19 0.833 -801
6 20 0.833 -801
6 21 0.833 -803
6 22 0.833 -803
6 23 0.833 -803
6 24 0.833 -806
6 25 0.833 -807
6 26 0.833 -803
6 27 0.833 -801
6 28 0.833 -800
6 29 0.833 -797
6 30 0.833 -802
6 31 0.833 -803
6 32 0.833 -798
6 33 0.833 -798
6 34 0.833 -796
6 35 0.833 -803
6 36 0.833 -801
6 37 0.833 -800
6 38 0.833 -801
6 39 0.833 -803
6 40 0.833 -803
6 41 0.833 -805
6 42 0.833 -803
6 43 0.833 -803
6 44 0.833 -799
6 45 0.833 -800
6 46 0.833 -800
6 47 0.833 -798
#SDC1 TDC layer 2
7 0 0.833 -796
7 1 0.833 -801
7 2 0.833 -801
7 3 0.833 -804
7 4 0.833 -801
7 5 0.833 -801
7 6 0.833 -796
7 7 0.833 -796
7 8 0.833 -791
7 9 0.833 -795
7 10 0.833 -795
7 11 0.833 -796
7 12 0.833 -796
7 13 0.833 -794
7 14 0.833 -791
7 15 0.833 -791
7 16 0.833 -791
7 17 0.833 -793
7 18 0.833 -794
7 19 0.833 -794
7 20 0.833 -796
7 21 0.833 -790
7 22 0.833 -790
7 23 0.833 -791
7 24 0.833 -791
7 25 0.833 -797
7 26 0.833 -797
7 27 0.833 -797
7 28 0.833 -794
7 29 0.833 -791
7 30 0.833 -793
7 31 0.833 -793
7 32 0.833 -791
7 33 0.833 -796
7 34 0.833 -796
7 35 0.833 -796
7 36 0.833 -794
7 37 0.833 -794
7 38 0.833 -793
7 39 0.833 -794
7 40 0.833 -793
7 41 0.833 -797
7 42 0.833 -801
7 43 0.833 -801
7 44 0.833 -800
7 45 0.833 -800
7 46 0.833 -791
7 47 0.833 -791
#SDC1 TDC layer 3
8 0 0.833 -790
8 1 0.833 -795
8 2 0.833 -802
8 3 0.833 -800
8 4 0.833 -800
8 5 0.833 -800
8 6 0.833 -795
8 7 0.833 -780
8 8 0.833 -787
8 9 0.833 -790
8 10 0.833 -795
8 11 0.833 -791
8 12 0.833 -798
8 13 0.833 -797
8 14 0.833 -790
8 15 0.833 -790
8 16 0.833 -788
8 17 0.833 -788
8 18 0.833 -790
8 19 0.833 -790
8 20 0.833 -793
8 21 0.833 -790
8 22 0.833 -787
8 23 0.833 -788
8 24 0.833 -790
8 25 0.833 -792
8 26 0.833 -792
8 27 0.833 -790
8 28 0.833 -793
8 29 0.833 -793
8 30 0.833 -792
8 31 0.833 -793
8 32 0.833 -792
8 33 0.833 -792
8 34 0.833 -793
8 35 0.833 -793
8 36 0.833 -793
8 37 0.833 -790
8 38 0.833 -789
8 39 0.833 -792
8 40 0.833 -792
8 41 0.833 -792
8 42 0.833 -795
8 43 0.833 -796
8 44 0.833 -796
8 45 0.833 -795
8 46 0.833 -795
8 47 0.833 -790
#SDC1 TDC layer 4
9 0 0.833 -786
9 1 0.833 -791
9 2 0.833 -796
9 3 0.833 -797
9 4 0.833 -798
9 5 0.833 -797
9 6 0.833 -796
9 7 0.833 -795
9 8 0.833 -794
9 9 0.833 -794
9 10 0.833 -796
9 11 0.833 -799
9 12 0.833 -798
9 13 0.833 -800
9 14 0.833 -800
9 15 0.833 -794
9 16 0.833 -794
9 17 0.833 -791
9 18 0.833 -793
9 19 0.833 -801
9 20 0.833 -801
9 21 0.833 -801
9 22 0.833 -799
9 23 0.833 -791
9 24 0.833 -791
9 25 0.833 -793
9 26 0.833 -796
9 27 0.833 -799
9 28 0.833 -798
9 29 0.833 -796
9 30 0.833 -799
9 31 0.833 -793
9 32 0.833 -793
9 33 0.833 -793
9 34 0.833 -795
9 35 0.833 -797
9 36 0.833 -798
9 37 0.833 -794
9 38 0.833 -797
9 39 0.833 -794
9 40 0.833 -794
9 41 0.833 -794
9 42 0.833 -796
9 43 0.833 -800
9 44 0.833 -801
9 45 0.833 -800
9 46 0.833 -799
9 47 0.833 -788
#SDC1 TDC layer 5
10 0 0.833 -787
10 1 0.833 -788
10 2 0.833 -790
10 3 0.833 -796
10 4 0.833 -796
10 5 0.833 -793
10 6 0.833 -795
10 7 0.833 -794
10 8 0.833 -790
10 9 0.833 -793
10 10 0.833 -793
10 11 0.833 -794
10 12 0.833 -794
10 13 0.833 -794
10 14 0.833 -793
10 15 0.833 -789
10 16 0.833 -792
10 17 0.833 -791
10 18 0.833 -792
10 19 0.833 -800
10 20 0.833 -797
10 21 0.833 -792
10 22 0.833 -790
10 23 0.833 -790
10 24 0.833 -789
10 25 0.833 -792
10 26 0.833 -795
10 27 0.833 -799
10 28 0.833 -795
10 29 0.833 -793
10 30 0.833 -790
10 31 0.833 -791
10 32 0.833 -791
10 33 0.833 -791
10 34 0.833 -793
10 35 0.833 -798
10 36 0.833 -793
10 37 0.833 -795
10 38 0.833 -792
10 39 0.833 -792
10 40 0.833 -792
10 41 0.833 -792
10 42 0.833 -793
10 43 0.833 -797
10 44 0.833 -796
10 45 0.833 -797
10 46 0.833 -792
10 47 0.833 -782
#SDC2 TDC layer 0
31 0 0.833 -786.268
31 1 0.833 -783.947
31 2 0.833 -785.899
31 3 0.833 -782.677
31 4 0.833 -782.915
31 5 0.833 -781.279
31 6 0.833 -785.323
31 7 0.833 -790.16
31 8 0.833 -789.391
31 9 0.833 -789.061
31 10 0.833 -789.312
31 11 0.833 -788.692
31 12 0.833 -784.492
31 13 0.833 -786.769
31 14 0.833 -783.302
31 15 0.833 -785.585
31 16 0.833 -782.738
31 17 0.833 -786.122
31 18 0.833 -780.453
31 19 0.833 -780.074
31 20 0.833 -781.555
31 21 0.833 -782.061
31 22 0.833 -779.751
31 23 0.833 -783.73
31 24 0.833 -784.051
31 25 0.833 -781.671
31 26 0.833 -786.866
31 27 0.833 -785.979
31 28 0.833 -780.184
31 29 0.833 -776.29
31 30 0.833 -773.807
31 31 0.833 -773.993
31 32 0.833 -777.289
31 33 0.833 -778.806
31 34 0.833 -777.164
31 35 0.833 -777.894
31 36 0.833 -779.375
31 37 0.833 -774.378
31 38 0.833 -775.295
31 39 0.833 -779.226
31 40 0.833 -784.114
31 41 0.833 -781.318
31 42 0.833 -778.219
31 43 0.833 -777.688
31 44 0.833 -773.861
31 45 0.833 -775.417
31 46 0.833 -775.804
31 47 0.833 -775.399
31 48 0.833 -777.73
31 49 0.833 -782.873
31 50 0.833 -781.758
31 51 0.833 -779.883
31 52 0.833 -781.059
31 53 0.833 -780.271
31 54 0.833 -777.612
31 55 0.833 -783.962
31 56 0.833 -784.42
31 57 0.833 -786.16
31 58 0.833 -786.368
31 59 0.833 -788.043
31 60 0.833 -784.212
31 61 0.833 -785.462
31 62 0.833 -784.183
31 63 0.833 -781.179
31 64 0.833 -783.62
31 65 0.833 -786.919
31 66 0.833 -782.92
31 67 0.833 -783.605
31 68 0.833 -782.486
31 69 0.833 -783.851
31 70 0.833 -780.746
31 71 0.833 -784.224
31 72 0.833 -788.453
31 73 0.833 -783.342
31 74 0.833 -786.407
31 75 0.833 -785.668
31 76 0.833 -786.93
31 77 0.833 -783.173
31 78 0.833 -783.115
#SDC2 TDC layer 1
32 0 0.833 -789.545
32 1 0.833 -786.957
32 2 0.833 -784.243
32 3 0.833 -788.809
32 4 0.833 -787.618
32 5 0.833 -787.466
32 6 0.833 -786.197
32 7 0.833 -787.331
32 8 0.833 -788.824
32 9 0.833 -783.839
32 10 0.833 -782.453
32 11 0.833 -789.915
32 12 0.833 -791.211
32 13 0.833 -789.7
32 14 0.833 -786.857
32 15 0.833 -787.109
32 16 0.833 -789.38
32 17 0.833 -787.63
32 18 0.833 -785.828
32 19 0.833 -791.283
32 20 0.833 -789.368
32 21 0.833 -792.374
32 22 0.833 -787.193
32 23 0.833 -787.138
32 24 0.833 -784.471
32 25 0.833 -779.603
32 26 0.833 -779.154
32 27 0.833 -783.805
32 28 0.833 -780.901
32 29 0.833 -778.145
32 30 0.833 -777.983
32 31 0.833 -779.118
32 32 0.833 -780.98
32 33 0.833 -779.271
32 34 0.833 -779.534
32 35 0.833 -783.544
32 36 0.833 -787.486
32 37 0.833 -782.93
32 38 0.833 -783.055
32 39 0.833 -783.3
32 40 0.833 -789.873
32 41 0.833 -781.688
32 42 0.833 -779.643
32 43 0.833 -782.086
32 44 0.833 -783.285
32 45 0.833 -785.146
32 46 0.833 -784.071
32 47 0.833 -779.932
32 48 0.833 -783.701
32 49 0.833 -782.693
32 50 0.833 -779.885
32 51 0.833 -785.102
32 52 0.833 -787.055
32 53 0.833 -790.869
32 54 0.833 -787.013
32 55 0.833 -787.811
32 56 0.833 -788.593
32 57 0.833 -790.301
32 58 0.833 -784.633
32 59 0.833 -792.071
32 60 0.833 -792.796
32 61 0.833 -790.655
32 62 0.833 -790.11
32 63 0.833 -789.053
32 64 0.833 -789.284
32 65 0.833 -789.171
32 66 0.833 -788.583
32 67 0.833 -791.703
32 68 0.833 -791.493
32 69 0.833 -792.45
32 70 0.833 -791.009
32 71 0.833 -787.751
32 72 0.833 -787.407
32 73 0.833 -788.521
32 74 0.833 -786.083
32 75 0.833 -788.392
32 76 0.833 -791.379
32 77 0.833 -793.772
#SDC2 TDC layer 2
33 0 0.833 -792.363
33 1 0.833 -785.896
33 2 0.833 -786.646
33 3 0.833 -783.011
33 4 0.833 -791.447
33 5 0.833 -788.497
33 6 0.833 -787.064
33 7 0.833 -788.305
33 8 0.833 -787.147
33 9 0.833 -788.063
33 10 0.833 -785.835
33 11 0.833 -785.028
33 12 0.833 -788.634
33 13 0.833 -791.302
33 14 0.833 -787.887
33 15 0.833 -789.618
33 16 0.833 -787.251
33 17 0.833 -784.963
33 18 0.833 -786.249
33 19 0.833 -787.101
33 20 0.833 -788.957
33 21 0.833 -790.451
33 22 0.833 -789.232
33 23 0.833 -787.248
33 24 0.833 -782.851
33 25 0.833 -780.221
33 26 0.833 -783.184
33 27 0.833 -777.467
33 28 0.833 -781.921
33 29 0.833 -783.873
33 30 0.833 -779.272
33 31 0.833 -779.19
33 32 0.833 -778.304
33 33 0.833 -777.67
33 34 0.833 -779.972
33 35 0.833 -780.255
33 36 0.833 -787.075
33 37 0.833 -776.933
33 38 0.833 -783.817
33 39 0.833 -787.035
33 40 0.833 -788.865
33 41 0.833 -785.951
33 42 0.833 -781.773
33 43 0.833 -781.879
33 44 0.833 -780.686
33 45 0.833 -782.94
33 46 0.833 -782.075
33 47 0.833 -780.29
33 48 0.833 -781.868
33 49 0.833 -779.522
33 50 0.833 -785.78
33 51 0.833 -783.219
33 52 0.833 -785.786
33 53 0.833 -790.333
33 54 0.833 -786.127
33 55 0.833 -786.192
33 56 0.833 -788.707
33 57 0.833 -786.361
33 58 0.833 -788.097
33 59 0.833 -785.01
33 60 0.833 -790.062
33 61 0.833 -789.149
33 62 0.833 -787.215
33 63 0.833 -790.852
33 64 0.833 -785.93
33 65 0.833 -788.252
33 66 0.833 -789.314
33 67 0.833 -790.932
33 68 0.833 -783.817
33 69 0.833 -783.817
33 70 0.833 -788.419
33 71 0.833 -790.569
33 72 0.833 -789.362
33 73 0.833 -787.654
33 74 0.833 -788.859
33 75 0.833 -784.523
33 76 0.833 -791.944
33 77 0.833 -792.423
#SDC2 TDC layer 3
34 0 0.833 -781.646
34 1 0.833 -781.646
34 2 0.833 -784.166
34 3 0.833 -785.289
34 4 0.833 -785.249
34 5 0.833 -780.635
34 6 0.833 -783.761
34 7 0.833 -782.063
34 8 0.833 -780.191
34 9 0.833 -783.781
34 10 0.833 -786.328
34 11 0.833 -782.004
34 12 0.833 -780.593
34 13 0.833 -777.808
34 14 0.833 -779.09
34 15 0.833 -782.012
34 16 0.833 -779.698
34 17 0.833 -785.361
34 18 0.833 -785.036
34 19 0.833 -785.981
34 20 0.833 -780.073
34 21 0.833 -778.703
34 22 0.833 -780.933
34 23 0.833 -787.33
34 24 0.833 -780.296
34 25 0.833 -779.841
34 26 0.833 -781.72
34 27 0.833 -784.658
34 28 0.833 -780.887
34 29 0.833 -778.999
34 30 0.833 -780.697
34 31 0.833 -780.374
34 32 0.833 -781.805
34 33 0.833 -780.2
34 34 0.833 -784.03
34 35 0.833 -781.503
34 36 0.833 -783.032
34 37 0.833 -776.889
34 38 0.833 -778.927
34 39 0.833 -779.273
34 40 0.833 -785.792
34 41 0.833 -778.612
34 42 0.833 -783.58
34 43 0.833 -783.915
34 44 0.833 -779.529
34 45 0.833 -778.343
34 46 0.833 -775.456
34 47 0.833 -778.269
34 48 0.833 -785.32
34 49 0.833 -784.933
34 50 0.833 -784.037
34 51 0.833 -791.471
34 52 0.833 -787.474
34 53 0.833 -783.249
34 54 0.833 -784.425
34 55 0.833 -782.28
34 56 0.833 -777.855
34 57 0.833 -778.691
34 58 0.833 -778.795
34 59 0.833 -778.377
34 60 0.833 -779.139
34 61 0.833 -774.823
34 62 0.833 -776.882
34 63 0.833 -778.395
34 64 0.833 -781.751
34 65 0.833 -784.861
34 66 0.833 -785.136
34 67 0.833 -785.785
34 68 0.833 -785.228
34 69 0.833 -781.247
34 70 0.833 -782.939
34 71 0.833 -784.322
34 72 0.833 -782.686
34 73 0.833 -782.631
34 74 0.833 -785.979
34 75 0.833 -783.995
34 76 0.833 -783.03
34 77 0.833 -780.632
34 78 0.833 -779.628
34 79 0.833 -782.55
34 80 0.833 -783.958
34 81 0.833 -784.819
34 82 0.833 -787.162
34 83 0.833 -786.275
34 84 0.833 -783.937
34 85 0.833 -782.101
34 86 0.833 -780.579
34 87 0.833 -785.693
34 88 0.833 -779.922
34 89 0.833 -781.764
34 90 0.833 -784.757
34 91 0.833 -784.613
34 92 0.833 -782.419
34 93 0.833 -780.143
34 94 0.833 -778.619
34 95 0.833 -781.075
34 96 0.833 -779.834
34 97 0.833 -781.961
34 98 0.833 -784.962
34 99 0.833 -784.017
34 100 0.833 -781.086
34 101 0.833 -780.978
34 102 0.833 -780.831
34 103 0.833 -781.457
#SDC2 TDC layer 4
35 0 0.833 -784.292
35 1 0.833 -790.835
35 2 0.833 -789.621
35 3 0.833 -789.357
35 4 0.833 -788.401
35 5 0.833 -788.611
35 6 0.833 -788.527
35 7 0.833 -791.108
35 8 0.833 -783.812
35 9 0.833 -787.06
35 10 0.833 -788.656
35 11 0.833 -786.998
35 12 0.833 -784.417
35 13 0.833 -784.258
35 14 0.833 -782.186
35 15 0.833 -788.419
35 16 0.833 -786.18
35 17 0.833 -787.093
35 18 0.833 -788.964
35 19 0.833 -787.759
35 20 0.833 -782.879
35 21 0.833 -785.628
35 22 0.833 -784.225
35 23 0.833 -785.563
35 24 0.833 -782.062
35 25 0.833 -780.947
35 26 0.833 -785.088
35 27 0.833 -787.037
35 28 0.833 -782.355
35 29 0.833 -782.084
35 30 0.833 -780.617
35 31 0.833 -784.211
35 32 0.833 -784.787
35 33 0.833 -784.573
35 34 0.833 -785.921
35 35 0.833 -783.892
35 36 0.833 -780.659
35 37 0.833 -783.975
35 38 0.833 -780.07
35 39 0.833 -780.363
35 40 0.833 -780.877
35 41 0.833 -782.641
35 42 0.833 -784.939
35 43 0.833 -783.22
35 44 0.833 -780.734
35 45 0.833 -778.283
35 46 0.833 -782.164
35 47 0.833 -785.102
35 48 0.833 -786.574
35 49 0.833 -784.615
35 50 0.833 -789.096
35 51 0.833 -788.136
35 52 0.833 -783.463
35 53 0.833 -783.124
35 54 0.833 -787.42
35 55 0.833 -786.739
35 56 0.833 -785.691
35 57 0.833 -785.589
35 58 0.833 -781.74
35 59 0.833 -782.808
35 60 0.833 -778.679
35 61 0.833 -778.446
35 62 0.833 -779.492
35 63 0.833 -783.011
35 64 0.833 -788.131
35 65 0.833 -786.885
35 66 0.833 -789.131
35 67 0.833 -787.065
35 68 0.833 -786.226
35 69 0.833 -789.417
35 70 0.833 -787.218
35 71 0.833 -791.774
35 72 0.833 -784.378
35 73 0.833 -785.165
35 74 0.833 -789.506
35 75 0.833 -785.442
35 76 0.833 -783.382
35 77 0.833 -786.172
35 78 0.833 -782.867
35 79 0.833 -789.297
35 80 0.833 -788.193
35 81 0.833 -785.785
35 82 0.833 -790.415
35 83 0.833 -790.282
35 84 0.833 -784.128
35 85 0.833 -789.034
35 86 0.833 -785.142
35 87 0.833 -785.948
35 88 0.833 -787.348
35 89 0.833 -783.756
35 90 0.833 -788.647
35 91 0.833 -790.331
35 92 0.833 -782.569
35 93 0.833 -783.111
35 94 0.833 -785.439
35 95 0.833 -782.525
35 96 0.833 -784.583
35 97 0.833 -787.106
35 98 0.833 -790.042
35 99 0.833 -785.625
35 100 0.833 -784.292
35 101 0.833 -782.953
35 102 0.833 -786.675
35 103 0.833 -783.419
#SDC3 TDC layer 0
36 0 0.833 -786.312
36 1 0.833 -783.317
36 2 0.833 -781.844
36 3 0.833 -781.386
36 4 0.833 -784.825
36 5 0.833 -781.292
36 6 0.833 -784.004
36 7 0.833 -782.085
36 8 0.833 -786.842
36 9 0.833 -785.59
36 10 0.833 -786.311
36 11 0.833 -784.39
36 12 0.833 -783.393
36 13 0.833 -785.297
36 14 0.833 -781.873
36 15 0.833 -781.993
36 16 0.833 -786.023
36 17 0.833 -785.55
36 18 0.833 -785.711
36 19 0.833 -783.288
36 20 0.833 -783.2
36 21 0.833 -781.543
36 22 0.833 -780.367
36 23 0.833 -782.851
36 24 0.833 -784.162
36 25 0.833 -781.538
36 26 0.833 -777.071
36 27 0.833 -780.141
36 28 0.833 -776.72
36 29 0.833 -775.627
36 30 0.833 -775.734
36 31 0.833 -782.205
36 32 0.833 -780.297
36 33 0.833 -778.017
36 34 0.833 -782.242
36 35 0.833 -785.802
36 36 0.833 -779.885
36 37 0.833 -774.904
36 38 0.833 -779.499
36 39 0.833 -790.925
36 40 0.833 -785.155
36 41 0.833 -786.659
36 42 0.833 -784.81
36 43 0.833 -779.033
36 44 0.833 -777.271
36 45 0.833 -780.049
36 46 0.833 -776.925
36 47 0.833 -774.643
36 48 0.833 -781.564
36 49 0.833 -779.033
36 50 0.833 -777.929
36 51 0.833 -775.18
36 52 0.833 -776.007
36 53 0.833 -780.033
36 54 0.833 -779.077
36 55 0.833 -781.791
36 56 0.833 -783.748
36 57 0.833 -783.239
36 58 0.833 -784.493
36 59 0.833 -787.36
36 60 0.833 -786.078
36 61 0.833 -785.221
36 62 0.833 -782.269
36 63 0.833 -783.344
36 64 0.833 -785.034
36 65 0.833 -784.349
36 66 0.833 -784.226
36 67 0.833 -783.039
36 68 0.833 -784.119
36 69 0.833 -782.333
36 70 0.833 -784.356
36 71 0.833 -786.635
36 72 0.833 -784.871
36 73 0.833 -789.49
36 74 0.833 -788.49
36 75 0.833 -791.747
36 76 0.833 -784.359
36 77 0.833 -784.855
36 78 0.833 -786.138
#SDC3 TDC layer 1
37 0 0.833 -782.479
37 1 0.833 -779.494
37 2 0.833 -782.58
37 3 0.833 -783.49
37 4 0.833 -787.12
37 5 0.833 -782.648
37 6 0.833 -778.59
37 7 0.833 -781.63
37 8 0.833 -786.65
37 9 0.833 -781.458
37 10 0.833 -778.049
37 11 0.833 -785.251
37 12 0.833 -789.591
37 13 0.833 -788.41
37 14 0.833 -787.355
37 15 0.833 -783.514
37 16 0.833 -783.716
37 17 0.833 -782.591
37 18 0.833 -779.825
37 19 0.833 -782.343
37 20 0.833 -785.283
37 21 0.833 -787.123
37 22 0.833 -783.753
37 23 0.833 -778.703
37 24 0.833 -782.09
37 25 0.833 -776.866
37 26 0.833 -776.212
37 27 0.833 -780.659
37 28 0.833 -780.21
37 29 0.833 -781.226
37 30 0.833 -779.201
37 31 0.833 -778.496
37 32 0.833 -783.777
37 33 0.833 -778.998
37 34 0.833 -783.71
37 35 0.833 -785.492
37 36 0.833 -785.008
37 37 0.833 -788.815
37 38 0.833 -783.268
37 39 0.833 -776.779
37 40 0.833 -785.039
37 41 0.833 -781.705
37 42 0.833 -781.591
37 43 0.833 -780.799
37 44 0.833 -781.908
37 45 0.833 -785.061
37 46 0.833 -779.491
37 47 0.833 -780.068
37 48 0.833 -780.13
37 49 0.833 -778.446
37 50 0.833 -778.349
37 51 0.833 -779.316
37 52 0.833 -782.908
37 53 0.833 -786.826
37 54 0.833 -784.896
37 55 0.833 -784.981
37 56 0.833 -781.515
37 57 0.833 -780.925
37 58 0.833 -780.6
37 59 0.833 -786.556
37 60 0.833 -785.402
37 61 0.833 -784.31
37 62 0.833 -783.836
37 63 0.833 -781.927
37 64 0.833 -783.127
37 65 0.833 -781.685
37 66 0.833 -780.604
37 67 0.833 -782.768
37 68 0.833 -783.708
37 69 0.833 -787.637
37 70 0.833 -782.052
37 71 0.833 -782.101
37 72 0.833 -787.238
37 73 0.833 -780.487
37 74 0.833 -782.119
37 75 0.833 -784.75
37 76 0.833 -788.257
37 77 0.833 -789.714
#SDC3 TDC layer 2
38 0 0.833 -782.936
38 1 0.833 -780.81
38 2 0.833 -780.526
38 3 0.833 -779.297
38 4 0.833 -786.328
38 5 0.833 -782.126
38 6 0.833 -776.27
38 7 0.833 -778.848
38 8 0.833 -783.747
38 9 0.833 -782.371
38 10 0.833 -781.269
38 11 0.833 -779.974
38 12 0.833 -786.113
38 13 0.833 -785.09
38 14 0.833 -780.739
38 15 0.833 -782.032
38 16 0.833 -783.313
38 17 0.833 -782.093
38 18 0.833 -782.301
38 19 0.833 -779.403
38 20 0.833 -781.767
38 21 0.833 -782.938
38 22 0.833 -779.657
38 23 0.833 -780.466
38 24 0.833 -781.23
38 25 0.833 -778.312
38 26 0.833 -777.445
38 27 0.833 -777.374
38 28 0.833 -779.497
38 29 0.833 -779.789
38 30 0.833 -776.077
38 31 0.833 -778.055
38 32 0.833 -777.75
38 33 0.833 -776.404
38 34 0.833 -780.531
38 35 0.833 -782.798
38 36 0.833 -784.623
38 37 0.833 -783.881
38 38 0.833 -780.685
38 39 0.833 -776.698
38 40 0.833 -784.341
38 41 0.833 -780.417
38 42 0.833 -784.437
38 43 0.833 -779.617
38 44 0.833 -779.096
38 45 0.833 -781.044
38 46 0.833 -778.984
38 47 0.833 -779.599
38 48 0.833 -781.431
38 49 0.833 -777.816
38 50 0.833 -776.232
38 51 0.833 -777.581
38 52 0.833 -779.92
38 53 0.833 -784.615
38 54 0.833 -779.565
38 55 0.833 -784.469
38 56 0.833 -779.717
38 57 0.833 -778.339
38 58 0.833 -781.805
38 59 0.833 -777.354
38 60 0.833 -782.893
38 61 0.833 -782.861
38 62 0.833 -781.166
38 63 0.833 -781.679
38 64 0.833 -778.537
38 65 0.833 -783.055
38 66 0.833 -781.262
38 67 0.833 -778.941
38 68 0.833 -782.403
38 69 0.833 -786.569
38 70 0.833 -781.793
38 71 0.833 -781.823
38 72 0.833 -783.108
38 73 0.833 -780.695
38 74 0.833 -785.384
38 75 0.833 -782.461
38 76 0.833 -785.521
38 77 0.833 -786.624
#SDC3 TDC layer 3
39 0 0.833 -780.088
39 1 0.833 -779.694
39 2 0.833 -781.844
39 3 0.833 -781.929
39 4 0.833 -780.318
39 5 0.833 -778.786
39 6 0.833 -778.926
39 7 0.833 -781.852
39 8 0.833 -785.278
39 9 0.833 -784.698
39 10 0.833 -791.162
39 11 0.833 -785.624
39 12 0.833 -783.517
39 13 0.833 -782.104
39 14 0.833 -785.452
39 15 0.833 -785.118
39 16 0.833 -785.541
39 17 0.833 -784.213
39 18 0.833 -787.829
39 19 0.833 -788.527
39 20 0.833 -786.978
39 21 0.833 -781.876
39 22 0.833 -784.195
39 23 0.833 -785.691
39 24 0.833 -784.615
39 25 0.833 -785.777
39 26 0.833 -788.095
39 27 0.833 -786.037
39 28 0.833 -784.953
39 29 0.833 -781.56
39 30 0.833 -781.83
39 31 0.833 -784.886
39 32 0.833 -785.158
39 33 0.833 -783.296
39 34 0.833 -784.097
39 35 0.833 -783.722
39 36 0.833 -780.221
39 37 0.833 -775.304
39 38 0.833 -778.582
39 39 0.833 -780.019
39 40 0.833 -778.63
39 41 0.833 -780.641
39 42 0.833 -779.254
39 43 0.833 -782.158
39 44 0.833 -777.007
39 45 0.833 -772.807
39 46 0.833 -778.577
39 47 0.833 -784.205
39 48 0.833 -780.725
39 49 0.833 -781.321
39 50 0.833 -782.46
39 51 0.833 -784.702
39 52 0.833 -782.116
39 53 0.833 -780.117
39 54 0.833 -781.603
39 55 0.833 -781.605
39 56 0.833 -782.188
39 57 0.833 -775.475
39 58 0.833 -777.952
39 59 0.833 -782.46
39 60 0.833 -775.988
39 61 0.833 -773.277
39 62 0.833 -773.96
39 63 0.833 -777.334
39 64 0.833 -782.46
39 65 0.833 -774.613
39 66 0.833 -776.416
39 67 0.833 -777.559
39 68 0.833 -776.571
39 69 0.833 -778.294
39 70 0.833 -777.661
39 71 0.833 -780.99
39 72 0.833 -780.179
39 73 0.833 -784.743
39 74 0.833 -784.942
39 75 0.833 -787.896
39 76 0.833 -787.476
39 77 0.833 -782.374
39 78 0.833 -782.941
39 79 0.833 -785.153
39 80 0.833 -785.84
39 81 0.833 -784.973
39 82 0.833 -786.701
39 83 0.833 -788.95
39 84 0.833 -787.181
39 85 0.833 -781.809
39 86 0.833 -781.668
39 87 0.833 -786.729
39 88 0.833 -781.188
39 89 0.833 -782.118
39 90 0.833 -783.763
39 91 0.833 -784.924
39 92 0.833 -783.242
39 93 0.833 -779.662
39 94 0.833 -782.277
39 95 0.833 -783.441
39 96 0.833 -779.985
39 97 0.833 -780.548
39 98 0.833 -784.855
39 99 0.833 -782.392
39 100 0.833 -786.671
39 101 0.833 -782.47
39 102 0.833 -782.565
39 103 0.833 -783.263
#SDC3 TDC layer 4
40 0 0.833 -781.991
40 1 0.833 -780.405
40 2 0.833 -784.72
40 3 0.833 -777.838
40 4 0.833 -774.507
40 5 0.833 -781.343
40 6 0.833 -779.123
40 7 0.833 -780.801
40 8 0.833 -785.514
40 9 0.833 -784.58
40 10 0.833 -786.597
40 11 0.833 -784.575
40 12 0.833 -782.121
40 13 0.833 -782.341
40 14 0.833 -780.802
40 15 0.833 -781.352
40 16 0.833 -784.71
40 17 0.833 -781.556
40 18 0.833 -787.192
40 19 0.833 -784.654
40 20 0.833 -783.213
40 21 0.833 -782.856
40 22 0.833 -784.914
40 23 0.833 -784.146
40 24 0.833 -783.803
40 25 0.833 -784.299
40 26 0.833 -783.812
40 27 0.833 -781.481
40 28 0.833 -779.554
40 29 0.833 -778.747
40 30 0.833 -780.477
40 31 0.833 -779.813
40 32 0.833 -780.401
40 33 0.833 -778.846
40 34 0.833 -782.466
40 35 0.833 -781.64
40 36 0.833 -775.131
40 37 0.833 -776.22
40 38 0.833 -776.968
40 39 0.833 -776.734
40 40 0.833 -773.181
40 41 0.833 -775.255
40 42 0.833 -775.844
40 43 0.833 -776.097
40 44 0.833 -770.639
40 45 0.833 -776.638
40 46 0.833 -776.401
40 47 0.833 -780.153
40 48 0.833 -780.409
40 49 0.833 -785.969
40 50 0.833 -786.87
40 51 0.833 -779.861
40 52 0.833 -777.102
40 53 0.833 -779.297
40 54 0.833 -779.714
40 55 0.833 -781.742
40 56 0.833 -779.374
40 57 0.833 -773.683
40 58 0.833 -774.063
40 59 0.833 -774.543
40 60 0.833 -770.721
40 61 0.833 -772.301
40 62 0.833 -771.932
40 63 0.833 -774.112
40 64 0.833 -770.581
40 65 0.833 -776.869
40 66 0.833 -775.008
40 67 0.833 -773.373
40 68 0.833 -771.745
40 69 0.833 -777.513
40 70 0.833 -774.877
40 71 0.833 -780.946
40 72 0.833 -783.421
40 73 0.833 -785.091
40 74 0.833 -783.4
40 75 0.833 -784.674
40 76 0.833 -781.608
40 77 0.833 -783.426
40 78 0.833 -783.773
40 79 0.833 -782.607
40 80 0.833 -782.216
40 81 0.833 -784.735
40 82 0.833 -788.202
40 83 0.833 -783.765
40 84 0.833 -780.702
40 85 0.833 -779.979
40 86 0.833 -773.298
40 87 0.833 -783.854
40 88 0.833 -780.602
40 89 0.833 -779.849
40 90 0.833 -782.926
40 91 0.833 -780.098
40 92 0.833 -778.408
40 93 0.833 -781.114
40 94 0.833 -780.597
40 95 0.833 -780.978
40 96 0.833 -780.332
40 97 0.833 -781.452
40 98 0.833 -782.766
40 99 0.833 -783.753
40 100 0.833 -777.762
40 101 0.833 -781.742
40 102 0.833 -777.592
40 103 0.833 -780.245
