##
#  file: DCTdcCalib_e70_20230526
#  date: 2021-05-26
#  note: first version
#        Changed WireId to 0-based
#
#
#######################################################################
# Id	WireId	p1	p0
#SDC0 TDC layer 0
1	0	0.833	-366.002
1	1	0.833	-374.316
1	2	0.833	-366.002
1	3	0.833	-365.888
1	4	0.833	-367.911
1	5	0.833	-366.546
1	6	0.833	-369.351
1	7	0.833	-369.65
1	8	0.833	-367.429
1	9	0.833	-369.611
1	10	0.833	-371.629
1	11	0.833	-370.194
1	12	0.833	-370.59
1	13	0.833	-368.999
1	14	0.833	-370.07
1	15	0.833	-367.861
1	16	0.833	-372.852
1	17	0.833	-372.471
1	18	0.833	-373.053
1	19	0.833	-373.647
1	20	0.833	-373.515
1	21	0.833	-372.982
1	22	0.833	-373.688
1	23	0.833	-373.071
1	24	0.833	-373.323
1	25	0.833	-374.826
1	26	0.833	-375.216
1	27	0.833	-375.285
1	28	0.833	-374.418
1	29	0.833	-374.692
1	30	0.833	-375.291
1	31	0.833	-375.126
1	32	0.833	-376.145
1	33	0.833	-376.898
1	34	0.833	-376.31
1	35	0.833	-376.236
1	36	0.833	-375.976
1	37	0.833	-375.711
1	38	0.833	-376.287
1	39	0.833	-376.989
1	40	0.833	-375.524
1	41	0.833	-375.262
1	42	0.833	-376.265
1	43	0.833	-375.486
1	44	0.833	-376.382
1	45	0.833	-376.05
1	46	0.833	-376.573
1	47	0.833	-375.553
1	48	0.833	-375.148
1	49	0.833	-375.148
1	50	0.833	-375.641
1	51	0.833	-374.983
1	52	0.833	-375.089
1	53	0.833	-373.502
1	54	0.833	-373.924
1	55	0.833	-374.15
1	56	0.833	-372.837
1	57	0.833	-376.105
1	58	0.833	-376.359
1	59	0.833	-377.171
1	60	0.833	-377.254
1	61	0.833	-377.633
1	62	0.833	-377.364
1	63	0.833	-376.969
1	64	0.833	-372.486
1	65	0.833	-372.067
1	66	0.833	-371.836
1	67	0.833	-371.198
1	68	0.833	-371.266
1	69	0.833	-370.492
1	70	0.833	-371.544
1	71	0.833	-371.643
1	72	0.833	-370.579
1	73	0.833	-371.887
1	74	0.833	-373.005
1	75	0.833	-371.366
1	76	0.833	-371.757
1	77	0.833	-371.039
1	78	0.833	-371.706
1	79	0.833	-370.024
1	80	0.833	-373.677
1	81	0.833	-373.698
1	82	0.833	-374.308
1	83	0.833	-374.951
1	84	0.833	-374.528
1	85	0.833	-374.018
1	86	0.833	-375.147
1	87	0.833	-374.204
1	88	0.833	-373.878
1	89	0.833	-375.316
1	90	0.833	-376.025
1	91	0.833	-376.347
1	92	0.833	-374.113
1	93	0.833	-375.136
1	94	0.833	-375.196
1	95	0.833	-375.813
1	96	0.833	-370.716
1	97	0.833	-370.9
1	98	0.833	-372.712
1	99	0.833	-371.539
1	100	0.833	-373.462
1	101	0.833	-369.906
1	102	0.833	-372.999
1	103	0.833	-372.263
1	104	0.833	-372.24
1	105	0.833	-372.927
1	106	0.833	-373.544
1	107	0.833	-375.215
1	108	0.833	-373.764
1	109	0.833	-372.988
1	110	0.833	-376.007
1	111	0.833	-373.017
#SDC0 TDC layer 1
2	0	0.833	-371.651
2	1	0.833	-371.372
2	2	0.833	-371.819
2	3	0.833	-370.197
2	4	0.833	-373.549
2	5	0.833	-371.137
2	6	0.833	-371.328
2	7	0.833	-367.542
2	8	0.833	-368.856
2	9	0.833	-374.685
2	10	0.833	-370.561
2	11	0.833	-370.979
2	12	0.833	-370.803
2	13	0.833	-370.17
2	14	0.833	-369.457
2	15	0.833	-369.887
2	16	0.833	-373.209
2	17	0.833	-373.929
2	18	0.833	-372.454
2	19	0.833	-373.251
2	20	0.833	-373.522
2	21	0.833	-372.073
2	22	0.833	-372.843
2	23	0.833	-373.832
2	24	0.833	-366.002
2	25	0.833	-366.002
2	26	0.833	-372.032
2	27	0.833	-372.366
2	28	0.833	-371.663
2	29	0.833	-372.56
2	30	0.833	-372.488
2	31	0.833	-372.9
2	32	0.833	-375.633
2	33	0.833	-375.718
2	34	0.833	-370.515
2	35	0.833	-374.804
2	36	0.833	-375.559
2	37	0.833	-375.48
2	38	0.833	-375.639
2	39	0.833	-374.176
2	40	0.833	-375.028
2	41	0.833	-375.449
2	42	0.833	-375.362
2	43	0.833	-376.351
2	44	0.833	-374.635
2	45	0.833	-375.344
2	46	0.833	-374.549
2	47	0.833	-374.889
2	48	0.833	-371.333
2	49	0.833	-372.832
2	50	0.833	-372.559
2	51	0.833	-370.101
2	52	0.833	-369.74
2	53	0.833	-370.283
2	54	0.833	-368.763
2	55	0.833	-369.936
2	56	0.833	-371.839
2	57	0.833	-372.309
2	58	0.833	-374.649
2	59	0.833	-371.444
2	60	0.833	-371.116
2	61	0.833	-372.404
2	62	0.833	-371.775
2	63	0.833	-372.231
2	64	0.833	-375.828
2	65	0.833	-374.518
2	66	0.833	-375.685
2	67	0.833	-375.7
2	68	0.833	-375.542
2	69	0.833	-374.128
2	70	0.833	-374.767
2	71	0.833	-371.742
2	72	0.833	-373.128
2	73	0.833	-373.02
2	74	0.833	-372.559
2	75	0.833	-373.262
2	76	0.833	-373.18
2	77	0.833	-372.331
2	78	0.833	-371.36
2	79	0.833	-371.441
2	80	0.833	-372.987
2	81	0.833	-374.933
2	82	0.833	-373.589
2	83	0.833	-376.425
2	84	0.833	-373.502
2	85	0.833	-373.455
2	86	0.833	-373.227
2	87	0.833	-372.468
2	88	0.833	-370.323
2	89	0.833	-372.491
2	90	0.833	-371.221
2	91	0.833	-371.357
2	92	0.833	-371.823
2	93	0.833	-373.517
2	94	0.833	-372.241
2	95	0.833	-371.322
2	96	0.833	-369.144
2	97	0.833	-376.085
2	98	0.833	-375.756
2	99	0.833	-376.142
2	100	0.833	-371.481
2	101	0.833	-373.695
2	102	0.833	-376.793
2	103	0.833	-374.961
2	104	0.833	-373.028
2	105	0.833	-375.675
2	106	0.833	-373.333
2	107	0.833	-373.14
2	108	0.833	-372.778
2	109	0.833	-374.209
2	110	0.833	-373.435
2	111	0.833	-375.628
#SDC0 TDC layer 2
3	0	0.833	-370.974
3	1	0.833	-366.002
3	2	0.833	-366.002
3	3	0.833	-373.783
3	4	0.833	-372.23
3	5	0.833	-372.782
3	6	0.833	-371.877
3	7	0.833	-372.526
3	8	0.833	-371.088
3	9	0.833	-370.888
3	10	0.833	-371.374
3	11	0.833	-370.426
3	12	0.833	-371.355
3	13	0.833	-370.764
3	14	0.833	-371.592
3	15	0.833	-371.503
3	16	0.833	-376.021
3	17	0.833	-374.559
3	18	0.833	-374.607
3	19	0.833	-375.1
3	20	0.833	-374.712
3	21	0.833	-376.038
3	22	0.833	-375.705
3	23	0.833	-375.002
3	24	0.833	-373.26
3	25	0.833	-374.971
3	26	0.833	-373.843
3	27	0.833	-373.936
3	28	0.833	-374.337
3	29	0.833	-374.218
3	30	0.833	-373.601
3	31	0.833	-373.832
3	32	0.833	-375.379
3	33	0.833	-376.105
3	34	0.833	-375.385
3	35	0.833	-375.5
3	36	0.833	-374.793
3	37	0.833	-377.107
3	38	0.833	-378.409
3	39	0.833	-376.72
3	40	0.833	-374.652
3	41	0.833	-376.518
3	42	0.833	-375.663
3	43	0.833	-375.084
3	44	0.833	-375.665
3	45	0.833	-375.153
3	46	0.833	-374.186
3	47	0.833	-374.279
3	48	0.833	-376.933
3	49	0.833	-375.296
3	50	0.833	-374.732
3	51	0.833	-376.934
3	52	0.833	-372.416
3	53	0.833	-371.301
3	54	0.833	-371.133
3	55	0.833	-369.443
3	56	0.833	-365.803
3	57	0.833	-372.814
3	58	0.833	-371.352
3	59	0.833	-373.012
3	60	0.833	-375.156
3	61	0.833	-375.472
3	62	0.833	-374.932
3	63	0.833	-370.974
3	64	0.833	-374.55
3	65	0.833	-373.798
3	66	0.833	-373.485
3	67	0.833	-374.29
3	68	0.833	-373.188
3	69	0.833	-373.838
3	70	0.833	-372.844
3	71	0.833	-371.797
3	72	0.833	-371.666
3	73	0.833	-371.1
3	74	0.833	-370.27
3	75	0.833	-370.484
3	76	0.833	-366.002
3	77	0.833	-370.361
3	78	0.833	-371.038
3	79	0.833	-369.631
3	80	0.833	-373.118
3	81	0.833	-374.482
3	82	0.833	-374.241
3	83	0.833	-373.386
3	84	0.833	-372.186
3	85	0.833	-372.221
3	86	0.833	-373.579
3	87	0.833	-372.598
3	88	0.833	-373.087
3	89	0.833	-374.158
3	90	0.833	-373.205
3	91	0.833	-372.528
3	92	0.833	-374.985
3	93	0.833	-372.78
3	94	0.833	-373.363
3	95	0.833	-374.286
3	96	0.833	-372.708
3	97	0.833	-373.593
3	98	0.833	-374.511
3	99	0.833	-373.145
3	100	0.833	-373.163
3	101	0.833	-374.3
3	102	0.833	-373.518
3	103	0.833	-372.819
3	104	0.833	-372.912
3	105	0.833	-374.911
3	106	0.833	-374.696
3	107	0.833	-373.949
3	108	0.833	-371.8
3	109	0.833	-374.426
3	110	0.833	-372.359
3	111	0.833	-372.198
#SDC0 TDC layer 3
4	0	0.833	-371.457
4	1	0.833	-368.383
4	2	0.833	-372.271
4	3	0.833	-370.685
4	4	0.833	-372.348
4	5	0.833	-372.016
4	6	0.833	-370.534
4	7	0.833	-370.497
4	8	0.833	-371.846
4	9	0.833	-372.647
4	10	0.833	-371.964
4	11	0.833	-368.584
4	12	0.833	-374.068
4	13	0.833	-374.181
4	14	0.833	-374.239
4	15	0.833	-374.416
4	16	0.833	-372.713
4	17	0.833	-373.238
4	18	0.833	-372.318
4	19	0.833	-373.09
4	20	0.833	-372.397
4	21	0.833	-372.662
4	22	0.833	-373.307
4	23	0.833	-374.123
4	24	0.833	-373.911
4	25	0.833	-373.09
4	26	0.833	-373.253
4	27	0.833	-373.215
4	28	0.833	-373.359
4	29	0.833	-372.244
4	30	0.833	-369.855
4	31	0.833	-369.855
4	32	0.833	-374.117
4	33	0.833	-374.274
4	34	0.833	-374.553
4	35	0.833	-373.209
4	36	0.833	-373.116
4	37	0.833	-372.547
4	38	0.833	-374.503
4	39	0.833	-373.888
4	40	0.833	-373.714
4	41	0.833	-375.412
4	42	0.833	-374.734
4	43	0.833	-373.901
4	44	0.833	-374.459
4	45	0.833	-373.928
4	46	0.833	-374.484
4	47	0.833	-374.81
4	48	0.833	-372.204
4	49	0.833	-369.855
4	50	0.833	-369.855
4	51	0.833	-369.855
4	52	0.833	-369.855
4	53	0.833	-369.855
4	54	0.833	-367.885
4	55	0.833	-369.042
4	56	0.833	-370.832
4	57	0.833	-372.426
4	58	0.833	-369.855
4	59	0.833	-372.725
4	60	0.833	-372.451
4	61	0.833	-371.691
4	62	0.833	-371.845
4	63	0.833	-371.876
4	64	0.833	-371.025
4	65	0.833	-365.935
4	66	0.833	-367.448
4	67	0.833	-371.145
4	68	0.833	-372.521
4	69	0.833	-372.178
4	70	0.833	-369.797
4	71	0.833	-370.411
4	72	0.833	-372.071
4	73	0.833	-374.008
4	74	0.833	-373.065
4	75	0.833	-371.199
4	76	0.833	-373.727
4	77	0.833	-373.17
4	78	0.833	-374.643
4	79	0.833	-371.793
4	80	0.833	-372.789
4	81	0.833	-373.093
4	82	0.833	-373.296
4	83	0.833	-372.117
4	84	0.833	-372.296
4	85	0.833	-372.363
4	86	0.833	-371.627
4	87	0.833	-369.943
4	88	0.833	-372.765
4	89	0.833	-373.82
4	90	0.833	-371.452
4	91	0.833	-372.739
4	92	0.833	-370.987
4	93	0.833	-368.798
4	94	0.833	-371.996
4	95	0.833	-372.042
4	96	0.833	-368.942
4	97	0.833	-372.528
4	98	0.833	-369.844
4	99	0.833	-372.694
4	100	0.833	-373.655
4	101	0.833	-371.474
4	102	0.833	-372.507
4	103	0.833	-372.31
4	104	0.833	-372.44
4	105	0.833	-375.73
4	106	0.833	-374.503
4	107	0.833	-374.542
4	108	0.833	-374.901
4	109	0.833	-372.891
4	110	0.833	-376.059
4	111	0.833	-366.002
#SDC1 TDC layer 0
5	0	0.833	-801.225
5	1	0.833	-809.038
5	2	0.833	-813.422
5	3	0.833	-810.174
5	4	0.833	-813.667
5	5	0.833	-812.492
5	6	0.833	-820.955
5	7	0.833	-817.586
5	8	0.833	-817.699
5	9	0.833	-815.611
5	10	0.833	-815.715
5	11	0.833	-813.315
5	12	0.833	-815.646
5	13	0.833	-814.167
5	14	0.833	-809.044
5	15	0.833	-810.789
5	16	0.833	-812.096
5	17	0.833	-811.703
5	18	0.833	-809.123
5	19	0.833	-806.693
5	20	0.833	-810.32
5	21	0.833	-811.28
5	22	0.833	-797.007
5	23	0.833	-795.946
5	24	0.833	-808.918
5	25	0.833	-811.162
5	26	0.833	-810.085
5	27	0.833	-807.461
5	28	0.833	-809.8
5	29	0.833	-806.171
5	30	0.833	-809.201
5	31	0.833	-808.181
5	32	0.833	-806.318
5	33	0.833	-807.707
5	34	0.833	-806.975
5	35	0.833	-805.843
5	36	0.833	-812.42
5	37	0.833	-815.38
5	38	0.833	-817.731
5	39	0.833	-817.59
5	40	0.833	-817.847
5	41	0.833	-814.099
5	42	0.833	-812.403
5	43	0.833	-814.131
5	44	0.833	-815.212
5	45	0.833	-807.993
5	46	0.833	-809.582
5	47	0.833	-799.637
#SDC1 TDC layer 1
6	0	0.833	-802.891
6	1	0.833	-810.878
6	2	0.833	-813.648
6	3	0.833	-816.976
6	4	0.833	-815.984
6	5	0.833	-817.207
6	6	0.833	-817.112
6	7	0.833	-819.485
6	8	0.833	-820.358
6	9	0.833	-819.504
6	10	0.833	-816.469
6	11	0.833	-815.724
6	12	0.833	-812.796
6	13	0.833	-813.512
6	14	0.833	-813.303
6	15	0.833	-811.363
6	16	0.833	-814.814
6	17	0.833	-814.344
6	18	0.833	-813.578
6	19	0.833	-814.04
6	20	0.833	-806.443
6	21	0.833	-813.095
6	22	0.833	-804.871
6	23	0.833	-811.093
6	24	0.833	-808.923
6	25	0.833	-818.39
6	26	0.833	-801.911
6	27	0.833	-810.835
6	28	0.833	-813.147
6	29	0.833	-813.121
6	30	0.833	-815.016
6	31	0.833	-815.822
6	32	0.833	-810.043
6	33	0.833	-812.262
6	34	0.833	-809.557
6	35	0.833	-817.375
6	36	0.833	-814.692
6	37	0.833	-814.906
6	38	0.833	-814.585
6	39	0.833	-818.388
6	40	0.833	-818.351
6	41	0.833	-818.448
6	42	0.833	-811.319
6	43	0.833	-816.346
6	44	0.833	-812.99
6	45	0.833	-810.236
6	46	0.833	-811.082
6	47	0.833	-811.093
#SDC1 TDC layer 2
7	0	0.833	-807.067
7	1	0.833	-814.788
7	2	0.833	-815.225
7	3	0.833	-818.605
7	4	0.833	-817.7
7	5	0.833	-815.185
7	6	0.833	-810.274
7	7	0.833	-810.163
7	8	0.833	-805.281
7	9	0.833	-806.985
7	10	0.833	-808.898
7	11	0.833	-812.416
7	12	0.833	-810.539
7	13	0.833	-806.578
7	14	0.833	-803.777
7	15	0.833	-802.939
7	16	0.833	-801.482
7	17	0.833	-806.394
7	18	0.833	-803.29
7	19	0.833	-804.004
7	20	0.833	-809.355
7	21	0.833	-801.209
7	22	0.833	-792.806
7	23	0.833	-801.583
7	24	0.833	-795.556
7	25	0.833	-801.989
7	26	0.833	-807.105
7	27	0.833	-803.91
7	28	0.833	-808.803
7	29	0.833	-805.404
7	30	0.833	-804.047
7	31	0.833	-804.615
7	32	0.833	-804.437
7	33	0.833	-809.46
7	34	0.833	-809.98
7	35	0.833	-811.592
7	36	0.833	-810.578
7	37	0.833	-808.152
7	38	0.833	-804.084
7	39	0.833	-805.139
7	40	0.833	-805.599
7	41	0.833	-809.936
7	42	0.833	-814.25
7	43	0.833	-810.969
7	44	0.833	-810.42
7	45	0.833	-806.762
7	46	0.833	-808.031
7	47	0.833	-805.544
#SDC1 TDC layer 3
8	0	0.833	-798.289
8	1	0.833	-805.774
8	2	0.833	-813.598
8	3	0.833	-814.974
8	4	0.833	-797.236
8	5	0.833	-797.236
8	6	0.833	-810.181
8	7	0.833	-796.579
8	8	0.833	-803.893
8	9	0.833	-805.3
8	10	0.833	-810.457
8	11	0.833	-806.493
8	12	0.833	-811.435
8	13	0.833	-811.815
8	14	0.833	-802.605
8	15	0.833	-802.333
8	16	0.833	-801.256
8	17	0.833	-802.531
8	18	0.833	-804.728
8	19	0.833	-802.687
8	20	0.833	-802.076
8	21	0.833	-804.607
8	22	0.833	-791.978
8	23	0.833	-787.478
8	24	0.833	-779.894
8	25	0.833	-792.927
8	26	0.833	-796.514
8	27	0.833	-798.19
8	28	0.833	-805.249
8	29	0.833	-805.859
8	30	0.833	-803.824
8	31	0.833	-803.839
8	32	0.833	-803.855
8	33	0.833	-803.1
8	34	0.833	-809.707
8	35	0.833	-805.899
8	36	0.833	-811.242
8	37	0.833	-806.475
8	38	0.833	-805.355
8	39	0.833	-805.04
8	40	0.833	-808.249
8	41	0.833	-807.223
8	42	0.833	-809.722
8	43	0.833	-811.141
8	44	0.833	-808.506
8	45	0.833	-808.999
8	46	0.833	-780.24
8	47	0.833	-791.177
#SDC1 TDC layer 4
9	0	0.833	-785.148
9	1	0.833	-803.241
9	2	0.833	-811.315
9	3	0.833	-813.289
9	4	0.833	-812.471
9	5	0.833	-810.319
9	6	0.833	-811.399
9	7	0.833	-807.511
9	8	0.833	-809.284
9	9	0.833	-806.069
9	10	0.833	-810.511
9	11	0.833	-815.921
9	12	0.833	-812.69
9	13	0.833	-813.265
9	14	0.833	-813.441
9	15	0.833	-805.662
9	16	0.833	-807.168
9	17	0.833	-804.345
9	18	0.833	-806.835
9	19	0.833	-809.176
9	20	0.833	-802.811
9	21	0.833	-806.171
9	22	0.833	-791.186
9	23	0.833	-782.177
9	24	0.833	-790.193
9	25	0.833	-799.021
9	26	0.833	-801.367
9	27	0.833	-803.444
9	28	0.833	-807.875
9	29	0.833	-807.313
9	30	0.833	-812.373
9	31	0.833	-805.642
9	32	0.833	-805.401
9	33	0.833	-805.93
9	34	0.833	-809.894
9	35	0.833	-812.475
9	36	0.833	-814.637
9	37	0.833	-809.184
9	38	0.833	-810.312
9	39	0.833	-806.971
9	40	0.833	-807.002
9	41	0.833	-808.689
9	42	0.833	-811.31
9	43	0.833	-813.264
9	44	0.833	-816.077
9	45	0.833	-812.513
9	46	0.833	-812.043
9	47	0.833	-800.369
#SDC1 TDC layer 5
10	0	0.833	-794.78
10	1	0.833	-803.336
10	2	0.833	-806.798
10	3	0.833	-812.405
10	4	0.833	-809.533
10	5	0.833	-811.515
10	6	0.833	-805.658
10	7	0.833	-807.404
10	8	0.833	-805.146
10	9	0.833	-808.99
10	10	0.833	-807.212
10	11	0.833	-810.81
10	12	0.833	-809.302
10	13	0.833	-809.901
10	14	0.833	-805.596
10	15	0.833	-802.855
10	16	0.833	-805.474
10	17	0.833	-801.623
10	18	0.833	-803.918
10	19	0.833	-806.878
10	20	0.833	-808.863
10	21	0.833	-799.559
10	22	0.833	-778.268
10	23	0.833	-778.203
10	24	0.833	-793.697
10	25	0.833	-798.174
10	26	0.833	-800.665
10	27	0.833	-803.727
10	28	0.833	-804.55
10	29	0.833	-806.488
10	30	0.833	-802.564
10	31	0.833	-804.05
10	32	0.833	-803.998
10	33	0.833	-803.741
10	34	0.833	-808.375
10	35	0.833	-812.44
10	36	0.833	-809.982
10	37	0.833	-808.546
10	38	0.833	-804.807
10	39	0.833	-803.863
10	40	0.833	-804.087
10	41	0.833	-804.93
10	42	0.833	-807.67
10	43	0.833	-813.268
10	44	0.833	-810.642
10	45	0.833	-810.813
10	46	0.833	-804.161
10	47	0.833	-783.184
#SDC2 TDC layer 0
31	0	0.833	-796.905
31	1	0.833	-796.891
31	2	0.833	-797.33
31	3	0.833	-791.511
31	4	0.833	-794.78
31	5	0.833	-793.369
31	6	0.833	-796.768
31	7	0.833	-801.259
31	8	0.833	-801.605
31	9	0.833	-799.801
31	10	0.833	-800.323
31	11	0.833	-799.386
31	12	0.833	-795.025
31	13	0.833	-797.163
31	14	0.833	-794.287
31	15	0.833	-796.119
31	16	0.833	-793.521
31	17	0.833	-797.175
31	18	0.833	-790.82
31	19	0.833	-790.975
31	20	0.833	-791.5
31	21	0.833	-790.96
31	22	0.833	-788.597
31	23	0.833	-794.504
31	24	0.833	-794.049
31	25	0.833	-794.054
31	26	0.833	-798.739
31	27	0.833	-798.392
31	28	0.833	-792.937
31	29	0.833	-790.144
31	30	0.833	-789.76
31	31	0.833	-788.855
31	32	0.833	-790.194
31	33	0.833	-792.703
31	34	0.833	-789.67
31	35	0.833	-789.252
31	36	0.833	-790.413
31	37	0.833	-776.139
31	38	0.833	-786.987
31	39	0.833	-791.066
31	40	0.833	-794.712
31	41	0.833	-791.333
31	42	0.833	-792.682
31	43	0.833	-791.021
31	44	0.833	-782.914
31	45	0.833	-789.924
31	46	0.833	-788.939
31	47	0.833	-792.148
31	48	0.833	-794.626
31	49	0.833	-797.666
31	50	0.833	-794.948
31	51	0.833	-793.058
31	52	0.833	-793.288
31	53	0.833	-792.514
31	54	0.833	-789.371
31	55	0.833	-795.843
31	56	0.833	-795.98
31	57	0.833	-797.559
31	58	0.833	-796.858
31	59	0.833	-798.955
31	60	0.833	-794.924
31	61	0.833	-795.03
31	62	0.833	-795.01
31	63	0.833	-791.974
31	64	0.833	-792.696
31	65	0.833	-797.527
31	66	0.833	-793.466
31	67	0.833	-794.713
31	68	0.833	-792.973
31	69	0.833	-794.46
31	70	0.833	-791.735
31	71	0.833	-795.548
31	72	0.833	-797.633
31	73	0.833	-794.78
31	74	0.833	-796.245
31	75	0.833	-796.457
31	76	0.833	-796.872
31	77	0.833	-793.174
31	78	0.833	-793.994
#SDC2 TDC layer 1
32	0	0.833	-799.607
32	1	0.833	-791.229
32	2	0.833	-793.641
32	3	0.833	-800.688
32	4	0.833	-799.374
32	5	0.833	-799.592
32	6	0.833	-799.188
32	7	0.833	-797.6
32	8	0.833	-799.728
32	9	0.833	-795.241
32	10	0.833	-793.93
32	11	0.833	-802.19
32	12	0.833	-802.077
32	13	0.833	-801.527
32	14	0.833	-797.169
32	15	0.833	-798.697
32	16	0.833	-800.274
32	17	0.833	-798.042
32	18	0.833	-796.29
32	19	0.833	-801.535
32	20	0.833	-798.206
32	21	0.833	-803.361
32	22	0.833	-798.016
32	23	0.833	-798.076
32	24	0.833	-795.357
32	25	0.833	-792.153
32	26	0.833	-792.017
32	27	0.833	-796.926
32	28	0.833	-794.407
32	29	0.833	-795.211
32	30	0.833	-794.262
32	31	0.833	-793.152
32	32	0.833	-795.402
32	33	0.833	-790.721
32	34	0.833	-792.68
32	35	0.833	-796.526
32	36	0.833	-797.37
32	37	0.833	-795.663
32	38	0.833	-795.762
32	39	0.833	-794.057
32	40	0.833	-800.016
32	41	0.833	-795.729
32	42	0.833	-793.14
32	43	0.833	-795.583
32	44	0.833	-796.553
32	45	0.833	-801.063
32	46	0.833	-799.393
32	47	0.833	-798.835
32	48	0.833	-799.741
32	49	0.833	-797.528
32	50	0.833	-793.757
32	51	0.833	-798.374
32	52	0.833	-801.197
32	53	0.833	-804.298
32	54	0.833	-799.609
32	55	0.833	-800.519
32	56	0.833	-799.306
32	57	0.833	-801.835
32	58	0.833	-795.329
32	59	0.833	-803.495
32	60	0.833	-804.126
32	61	0.833	-802.942
32	62	0.833	-800.885
32	63	0.833	-800.413
32	64	0.833	-801.278
32	65	0.833	-798.269
32	66	0.833	-800.327
32	67	0.833	-803.39
32	68	0.833	-802.178
32	69	0.833	-803.25
32	70	0.833	-801.759
32	71	0.833	-797.846
32	72	0.833	-799.6
32	73	0.833	-797.24
32	74	0.833	-797.174
32	75	0.833	-799.566
32	76	0.833	-803.497
32	77	0.833	-804.792
#SDC2 TDC layer 2
33	0	0.833	-803.725
33	1	0.833	-797.799
33	2	0.833	-796.725
33	3	0.833	-794.428
33	4	0.833	-802.484
33	5	0.833	-800.607
33	6	0.833	-797.166
33	7	0.833	-798.376
33	8	0.833	-799.554
33	9	0.833	-799.614
33	10	0.833	-796.338
33	11	0.833	-797.946
33	12	0.833	-800.382
33	13	0.833	-802.296
33	14	0.833	-798.88
33	15	0.833	-801.213
33	16	0.833	-797.191
33	17	0.833	-794.485
33	18	0.833	-797.664
33	19	0.833	-797.771
33	20	0.833	-798.988
33	21	0.833	-801.24
33	22	0.833	-799.381
33	23	0.833	-799.186
33	24	0.833	-794.874
33	25	0.833	-792.398
33	26	0.833	-795.602
33	27	0.833	-788.052
33	28	0.833	-795.759
33	29	0.833	-799.758
33	30	0.833	-796.615
33	31	0.833	-793.756
33	32	0.833	-796.715
33	33	0.833	-791.236
33	34	0.833	-792.768
33	35	0.833	-793.105
33	36	0.833	-796.018
33	37	0.833	-788.638
33	38	0.833	-791.843
33	39	0.833	-796.768
33	40	0.833	-799.037
33	41	0.833	-793.136
33	42	0.833	-795.861
33	43	0.833	-793.357
33	44	0.833	-792.361
33	45	0.833	-795.672
33	46	0.833	-795.115
33	47	0.833	-798.702
33	48	0.833	-801.046
33	49	0.833	-794.153
33	50	0.833	-800.061
33	51	0.833	-796.934
33	52	0.833	-799.129
33	53	0.833	-803.967
33	54	0.833	-799.5
33	55	0.833	-798.864
33	56	0.833	-801.034
33	57	0.833	-797.772
33	58	0.833	-798.432
33	59	0.833	-797.566
33	60	0.833	-801.126
33	61	0.833	-800.944
33	62	0.833	-797.844
33	63	0.833	-801.525
33	64	0.833	-797.85
33	65	0.833	-798.53
33	66	0.833	-799.336
33	67	0.833	-801.982
33	68	0.833	-804.744
33	69	0.833	-807.192
33	70	0.833	-798.819
33	71	0.833	-801.578
33	72	0.833	-800.848
33	73	0.833	-798.523
33	74	0.833	-800.458
33	75	0.833	-796.059
33	76	0.833	-803.379
33	77	0.833	-804.059
#SDC2 TDC layer 3
34	0	0.833	-798.441
34	1	0.833	-798.441
34	2	0.833	-800.185
34	3	0.833	-802.946
34	4	0.833	-802.63
34	5	0.833	-798.821
34	6	0.833	-800.352
34	7	0.833	-800.615
34	8	0.833	-796.905
34	9	0.833	-800.532
34	10	0.833	-802.272
34	11	0.833	-799.727
34	12	0.833	-797.075
34	13	0.833	-795.2
34	14	0.833	-798.441
34	15	0.833	-798.081
34	16	0.833	-797.332
34	17	0.833	-802.693
34	18	0.833	-800.745
34	19	0.833	-802.358
34	20	0.833	-795.938
34	21	0.833	-795.731
34	22	0.833	-798.45
34	23	0.833	-804.144
34	24	0.833	-796.45
34	25	0.833	-795.519
34	26	0.833	-797.356
34	27	0.833	-800.614
34	28	0.833	-795.507
34	29	0.833	-792.56
34	30	0.833	-794.643
34	31	0.833	-795.733
34	32	0.833	-797.125
34	33	0.833	-795.593
34	34	0.833	-800.254
34	35	0.833	-798.087
34	36	0.833	-800.136
34	37	0.833	-793.906
34	38	0.833	-796.289
34	39	0.833	-797.284
34	40	0.833	-804.836
34	41	0.833	-801.567
34	42	0.833	-806.164
34	43	0.833	-804.995
34	44	0.833	-798.067
34	45	0.833	-795.306
34	46	0.833	-792.453
34	47	0.833	-797.961
34	48	0.833	-803.693
34	49	0.833	-800.436
34	50	0.833	-797.473
34	51	0.833	-806.843
34	52	0.833	-805.014
34	53	0.833	-799.818
34	54	0.833	-800.027
34	55	0.833	-802.518
34	56	0.833	-796.736
34	57	0.833	-797.426
34	58	0.833	-796.841
34	59	0.833	-796.148
34	60	0.833	-797.74
34	61	0.833	-794.599
34	62	0.833	-799.738
34	63	0.833	-799.416
34	64	0.833	-799.936
34	65	0.833	-802.365
34	66	0.833	-802.548
34	67	0.833	-802.993
34	68	0.833	-802.417
34	69	0.833	-798.297
34	70	0.833	-799.784
34	71	0.833	-801.18
34	72	0.833	-798.687
34	73	0.833	-798.719
34	74	0.833	-801.189
34	75	0.833	-800.05
34	76	0.833	-798.63
34	77	0.833	-796.172
34	78	0.833	-794.184
34	79	0.833	-798.419
34	80	0.833	-799.885
34	81	0.833	-801.065
34	82	0.833	-804.063
34	83	0.833	-801.95
34	84	0.833	-799.937
34	85	0.833	-797.701
34	86	0.833	-795.616
34	87	0.833	-800.614
34	88	0.833	-795.195
34	89	0.833	-797.842
34	90	0.833	-800.345
34	91	0.833	-800.199
34	92	0.833	-798.546
34	93	0.833	-795.519
34	94	0.833	-794.433
34	95	0.833	-797.566
34	96	0.833	-795.255
34	97	0.833	-798.448
34	98	0.833	-801.487
34	99	0.833	-799.88
34	100	0.833	-796.778
34	101	0.833	-796.867
34	102	0.833	-794.687
34	103	0.833	-797.883
#SDC2 TDC layer 4
35	0	0.833	-796.053
35	1	0.833	-800.304
35	2	0.833	-800.516
35	3	0.833	-799.503
35	4	0.833	-800.582
35	5	0.833	-797.784
35	6	0.833	-797.833
35	7	0.833	-802.19
35	8	0.833	-794.227
35	9	0.833	-795.615
35	10	0.833	-800.499
35	11	0.833	-798.256
35	12	0.833	-796.244
35	13	0.833	-790.7
35	14	0.833	-792.778
35	15	0.833	-801.255
35	16	0.833	-797.802
35	17	0.833	-797.343
35	18	0.833	-800.881
35	19	0.833	-797.161
35	20	0.833	-793.927
35	21	0.833	-795.703
35	22	0.833	-795.547
35	23	0.833	-796.963
35	24	0.833	-794.991
35	25	0.833	-791.187
35	26	0.833	-795.751
35	27	0.833	-797.642
35	28	0.833	-792.633
35	29	0.833	-788.452
35	30	0.833	-790.034
35	31	0.833	-795.385
35	32	0.833	-794.612
35	33	0.833	-795.381
35	34	0.833	-796.82
35	35	0.833	-795.253
35	36	0.833	-792.064
35	37	0.833	-796.061
35	38	0.833	-792.397
35	39	0.833	-793.365
35	40	0.833	-797.523
35	41	0.833	-798.808
35	42	0.833	-801.931
35	43	0.833	-797.764
35	44	0.833	-793.102
35	45	0.833	-793.033
35	46	0.833	-795.173
35	47	0.833	-799.056
35	48	0.833	-798.285
35	49	0.833	-795.532
35	50	0.833	-801.281
35	51	0.833	-799.869
35	52	0.833	-794.349
35	53	0.833	-795.96
35	54	0.833	-798.284
35	55	0.833	-800.827
35	56	0.833	-798.862
35	57	0.833	-799.623
35	58	0.833	-794.183
35	59	0.833	-795.831
35	60	0.833	-790.301
35	61	0.833	-794.619
35	62	0.833	-797.94
35	63	0.833	-798.354
35	64	0.833	-801.536
35	65	0.833	-799.436
35	66	0.833	-801.598
35	67	0.833	-799.058
35	68	0.833	-798.428
35	69	0.833	-801.45
35	70	0.833	-798.628
35	71	0.833	-802.716
35	72	0.833	-794.187
35	73	0.833	-795.744
35	74	0.833	-800.035
35	75	0.833	-795.355
35	76	0.833	-793.049
35	77	0.833	-796.918
35	78	0.833	-793.3
35	79	0.833	-799.451
35	80	0.833	-798.522
35	81	0.833	-797.379
35	82	0.833	-800.586
35	83	0.833	-799.971
35	84	0.833	-796.053
35	85	0.833	-799.308
35	86	0.833	-795.144
35	87	0.833	-797.176
35	88	0.833	-796.985
35	89	0.833	-793.05
35	90	0.833	-799.049
35	91	0.833	-800.636
35	92	0.833	-792.182
35	93	0.833	-793.523
35	94	0.833	-795.829
35	95	0.833	-794.835
35	96	0.833	-795.962
35	97	0.833	-799.366
35	98	0.833	-800.029
35	99	0.833	-794.834
35	100	0.833	-791.39
35	101	0.833	-793.454
35	102	0.833	-796.489
35	103	0.833	-796.813
#SDC3 TDC layer 0
36	0	0.833	-802.053
36	1	0.833	-800.13
36	2	0.833	-798.999
36	3	0.833	-798.391
36	4	0.833	-800.379
36	5	0.833	-797.142
36	6	0.833	-799.732
36	7	0.833	-799.502
36	8	0.833	-804.683
36	9	0.833	-803.121
36	10	0.833	-802.26
36	11	0.833	-800.622
36	12	0.833	-799.697
36	13	0.833	-801.376
36	14	0.833	-798.013
36	15	0.833	-798.43
36	16	0.833	-802.76
36	17	0.833	-802.069
36	18	0.833	-803.728
36	19	0.833	-801.744
36	20	0.833	-801.022
36	21	0.833	-799.873
36	22	0.833	-799.324
36	23	0.833	-802.001
36	24	0.833	-803.368
36	25	0.833	-801.157
36	26	0.833	-799.644
36	27	0.833	-803.167
36	28	0.833	-799.141
36	29	0.833	-794.768
36	30	0.833	-791.246
36	31	0.833	-788.856
36	32	0.833	-800.651
36	33	0.833	-797.629
36	34	0.833	-801.468
36	35	0.833	-801.175
36	36	0.833	-799.204
36	37	0.833	-786.793
36	38	0.833	-799.12
36	39	0.833	-805.599
36	40	0.833	-800.488
36	41	0.833	-803.072
36	42	0.833	-801.757
36	43	0.833	-800.194
36	44	0.833	-797.63
36	45	0.833	-798.978
36	46	0.833	-794.985
36	47	0.833	-794.581
36	48	0.833	-798.957
36	49	0.833	-798.63
36	50	0.833	-798.79
36	51	0.833	-799.501
36	52	0.833	-799.311
36	53	0.833	-799.487
36	54	0.833	-797.914
36	55	0.833	-800.698
36	56	0.833	-802.533
36	57	0.833	-800.964
36	58	0.833	-803.172
36	59	0.833	-805.861
36	60	0.833	-803.819
36	61	0.833	-803.315
36	62	0.833	-800.094
36	63	0.833	-800.28
36	64	0.833	-802.069
36	65	0.833	-801.422
36	66	0.833	-800.758
36	67	0.833	-800.256
36	68	0.833	-800.754
36	69	0.833	-799.052
36	70	0.833	-800.26
36	71	0.833	-802.46
36	72	0.833	-801.615
36	73	0.833	-805.339
36	74	0.833	-803.438
36	75	0.833	-808.348
36	76	0.833	-801.156
36	77	0.833	-801.549
36	78	0.833	-802.465
#SDC3 TDC layer 1
37	0	0.833	-794.75
37	1	0.833	-790.449
37	2	0.833	-793.725
37	3	0.833	-795.924
37	4	0.833	-799.102
37	5	0.833	-794.921
37	6	0.833	-792.796
37	7	0.833	-793.427
37	8	0.833	-798.443
37	9	0.833	-793.958
37	10	0.833	-790.105
37	11	0.833	-797.264
37	12	0.833	-801.365
37	13	0.833	-800.807
37	14	0.833	-799.238
37	15	0.833	-795.123
37	16	0.833	-795.713
37	17	0.833	-796.2
37	18	0.833	-793.224
37	19	0.833	-794.85
37	20	0.833	-798.763
37	21	0.833	-801.491
37	22	0.833	-798.316
37	23	0.833	-793.228
37	24	0.833	-797.947
37	25	0.833	-794.237
37	26	0.833	-794.14
37	27	0.833	-797.938
37	28	0.833	-796.949
37	29	0.833	-795.243
37	30	0.833	-791.952
37	31	0.833	-791.715
37	32	0.833	-797.033
37	33	0.833	-794.152
37	34	0.833	-795.889
37	35	0.833	-798.766
37	36	0.833	-794.402
37	37	0.833	-799.689
37	38	0.833	-788.091
37	39	0.833	-797.237
37	40	0.833	-797.592
37	41	0.833	-791.662
37	42	0.833	-792.866
37	43	0.833	-795.479
37	44	0.833	-796.179
37	45	0.833	-797.899
37	46	0.833	-792.785
37	47	0.833	-795.425
37	48	0.833	-793.976
37	49	0.833	-795.425
37	50	0.833	-794.874
37	51	0.833	-798.503
37	52	0.833	-800.334
37	53	0.833	-802.755
37	54	0.833	-799.6
37	55	0.833	-799.112
37	56	0.833	-793.795
37	57	0.833	-794.613
37	58	0.833	-793.591
37	59	0.833	-799.754
37	60	0.833	-797.881
37	61	0.833	-797.139
37	62	0.833	-797.418
37	63	0.833	-794.239
37	64	0.833	-794.981
37	65	0.833	-794.378
37	66	0.833	-793.718
37	67	0.833	-795.985
37	68	0.833	-795.565
37	69	0.833	-799.6
37	70	0.833	-791.919
37	71	0.833	-792.693
37	72	0.833	-798.566
37	73	0.833	-792.951
37	74	0.833	-794.386
37	75	0.833	-796.328
37	76	0.833	-799.614
37	77	0.833	-802.395
#SDC3 TDC layer 2
38	0	0.833	-797.002
38	1	0.833	-791.157
38	2	0.833	-793.571
38	3	0.833	-794.708
38	4	0.833	-799.046
38	5	0.833	-794.639
38	6	0.833	-794.708
38	7	0.833	-792.661
38	8	0.833	-797.076
38	9	0.833	-795.43
38	10	0.833	-793.783
38	11	0.833	-792.447
38	12	0.833	-799.075
38	13	0.833	-798.149
38	14	0.833	-794.41
38	15	0.833	-795.157
38	16	0.833	-797.159
38	17	0.833	-795.701
38	18	0.833	-796.121
38	19	0.833	-794.708
38	20	0.833	-796.821
38	21	0.833	-797.734
38	22	0.833	-794.684
38	23	0.833	-795.827
38	24	0.833	-797.662
38	25	0.833	-795.357
38	26	0.833	-796.336
38	27	0.833	-794.708
38	28	0.833	-796.884
38	29	0.833	-794.826
38	30	0.833	-790.75
38	31	0.833	-792.472
38	32	0.833	-791.534
38	33	0.833	-791.925
38	34	0.833	-794.985
38	35	0.833	-794.993
38	36	0.833	-798.572
38	37	0.833	-791.267
38	38	0.833	-795.531
38	39	0.833	-794.648
38	40	0.833	-797.324
38	41	0.833	-797.453
38	42	0.833	-792.159
38	43	0.833	-792.948
38	44	0.833	-793.948
38	45	0.833	-796.898
38	46	0.833	-793.995
38	47	0.833	-793.299
38	48	0.833	-796.556
38	49	0.833	-791.555
38	50	0.833	-792.225
38	51	0.833	-794.968
38	52	0.833	-799.804
38	53	0.833	-802.105
38	54	0.833	-795.628
38	55	0.833	-799.841
38	56	0.833	-794.462
38	57	0.833	-792.998
38	58	0.833	-795.672
38	59	0.833	-791.876
38	60	0.833	-797.403
38	61	0.833	-796.589
38	62	0.833	-794.805
38	63	0.833	-794.708
38	64	0.833	-790.89
38	65	0.833	-796.196
38	66	0.833	-793.901
38	67	0.833	-792.455
38	68	0.833	-794.673
38	69	0.833	-799.886
38	70	0.833	-794.634
38	71	0.833	-795.342
38	72	0.833	-796.104
38	73	0.833	-793.944
38	74	0.833	-798.998
38	75	0.833	-795.461
38	76	0.833	-797.952
38	77	0.833	-799.379
#SDC3 TDC layer 3
39	0	0.833	-789.69
39	1	0.833	-788.161
39	2	0.833	-791.044
39	3	0.833	-790.844
39	4	0.833	-790.245
39	5	0.833	-785.878
39	6	0.833	-788.24
39	7	0.833	-789.972
39	8	0.833	-793.59
39	9	0.833	-792.902
39	10	0.833	-800.186
39	11	0.833	-794.216
39	12	0.833	-792.081
39	13	0.833	-791.664
39	14	0.833	-793.799
39	15	0.833	-793.221
39	16	0.833	-794.496
39	17	0.833	-793.785
39	18	0.833	-797.73
39	19	0.833	-797.411
39	20	0.833	-795.818
39	21	0.833	-790.754
39	22	0.833	-793.124
39	23	0.833	-794.487
39	24	0.833	-792.867
39	25	0.833	-794.637
39	26	0.833	-797.094
39	27	0.833	-795.634
39	28	0.833	-794.252
39	29	0.833	-790.38
39	30	0.833	-791.273
39	31	0.833	-794.87
39	32	0.833	-795.765
39	33	0.833	-793.987
39	34	0.833	-794.826
39	35	0.833	-795.325
39	36	0.833	-794.985
39	37	0.833	-790.751
39	38	0.833	-792.585
39	39	0.833	-792.171
39	40	0.833	-789.676
39	41	0.833	-791.763
39	42	0.833	-788.759
39	43	0.833	-792.846
39	44	0.833	-787.743
39	45	0.833	-780.353
39	46	0.833	-791.249
39	47	0.833	-793.519
39	48	0.833	-789.498
39	49	0.833	-790.837
39	50	0.833	-789.86
39	51	0.833	-791.497
39	52	0.833	-790.15
39	53	0.833	-788.997
39	54	0.833	-791.989
39	55	0.833	-790.459
39	56	0.833	-789.556
39	57	0.833	-786.926
39	58	0.833	-787.198
39	59	0.833	-791.032
39	60	0.833	-791.032
39	61	0.833	-783.94
39	62	0.833	-783.343
39	63	0.833	-787.851
39	64	0.833	-791.032
39	65	0.833	-786.015
39	66	0.833	-790.422
39	67	0.833	-791.25
39	68	0.833	-790.177
39	69	0.833	-789.67
39	70	0.833	-787.259
39	71	0.833	-790.595
39	72	0.833	-790.013
39	73	0.833	-795.273
39	74	0.833	-794.64
39	75	0.833	-797.219
39	76	0.833	-796.444
39	77	0.833	-791.8
39	78	0.833	-791.479
39	79	0.833	-794.174
39	80	0.833	-795.561
39	81	0.833	-794.527
39	82	0.833	-795.657
39	83	0.833	-798.149
39	84	0.833	-796.043
39	85	0.833	-790.508
39	86	0.833	-791.023
39	87	0.833	-795.42
39	88	0.833	-788.9
39	89	0.833	-786.057
39	90	0.833	-793.21
39	91	0.833	-792.717
39	92	0.833	-792.245
39	93	0.833	-786.962
39	94	0.833	-790.833
39	95	0.833	-790.111
39	96	0.833	-788.905
39	97	0.833	-789.528
39	98	0.833	-793.372
39	99	0.833	-792.327
39	100	0.833	-794.584
39	101	0.833	-790.781
39	102	0.833	-789.561
39	103	0.833	-790.036
#SDC3 TDC layer 4
40	0	0.833	-789.723
40	1	0.833	-790.822
40	2	0.833	-793.5
40	3	0.833	-788.464
40	4	0.833	-782.435
40	5	0.833	-788.397
40	6	0.833	-788.397
40	7	0.833	-790.352
40	8	0.833	-793.343
40	9	0.833	-792.532
40	10	0.833	-796.097
40	11	0.833	-793.844
40	12	0.833	-790.998
40	13	0.833	-790.7
40	14	0.833	-789.811
40	15	0.833	-785.98
40	16	0.833	-792.76
40	17	0.833	-788.257
40	18	0.833	-794.592
40	19	0.833	-792.517
40	20	0.833	-792.818
40	21	0.833	-791.196
40	22	0.833	-793.964
40	23	0.833	-792.712
40	24	0.833	-792.672
40	25	0.833	-793.054
40	26	0.833	-792.999
40	27	0.833	-790.893
40	28	0.833	-787.676
40	29	0.833	-788.179
40	30	0.833	-789.763
40	31	0.833	-789.87
40	32	0.833	-789.635
40	33	0.833	-788.486
40	34	0.833	-792.901
40	35	0.833	-794.583
40	36	0.833	-790.574
40	37	0.833	-789.98
40	38	0.833	-790.234
40	39	0.833	-788.024
40	40	0.833	-783.452
40	41	0.833	-785.808
40	42	0.833	-786.659
40	43	0.833	-784.448
40	44	0.833	-780.233
40	45	0.833	-784.216
40	46	0.833	-785.483
40	47	0.833	-786.767
40	48	0.833	-790.456
40	49	0.833	-792.987
40	50	0.833	-794.776
40	51	0.833	-789.164
40	52	0.833	-783.188
40	53	0.833	-789.845
40	54	0.833	-790.159
40	55	0.833	-785.239
40	56	0.833	-788.632
40	57	0.833	-785.483
40	58	0.833	-785.849
40	59	0.833	-784.552
40	60	0.833	-778.123
40	61	0.833	-778.591
40	62	0.833	-780.65
40	63	0.833	-779.181
40	64	0.833	-780.675
40	65	0.833	-788.645
40	66	0.833	-788.419
40	67	0.833	-787.414
40	68	0.833	-783.943
40	69	0.833	-788.167
40	70	0.833	-783.468
40	71	0.833	-790.513
40	72	0.833	-793.662
40	73	0.833	-795.277
40	74	0.833	-792.803
40	75	0.833	-794.251
40	76	0.833	-791.101
40	77	0.833	-792.373
40	78	0.833	-791.417
40	79	0.833	-791.732
40	80	0.833	-791.083
40	81	0.833	-792.681
40	82	0.833	-796.55
40	83	0.833	-790.886
40	84	0.833	-787.789
40	85	0.833	-788.788
40	86	0.833	-788.397
40	87	0.833	-792.317
40	88	0.833	-787.437
40	89	0.833	-788.631
40	90	0.833	-791.742
40	91	0.833	-788.962
40	92	0.833	-783.898
40	93	0.833	-789.417
40	94	0.833	-788.507
40	95	0.833	-789.682
40	96	0.833	-789.574
40	97	0.833	-788.397
40	98	0.833	-791.756
40	99	0.833	-791.544
40	100	0.833	-787.603
40	101	0.833	-789.954
40	102	0.833	-787.44
40	103	0.833	-789.054
