##
#  file: DCTdcCalib_e70_20230526
#  date: 2021-05-26
#  note: first version
#        Changed WireId to 0-based
#
#
#######################################################################
# Id	WireId	p1	p0
#
#SDC0 TDC layer 0
1	0	0.833	-769.365
1	1	0.833	-769.365
1	2	0.833	-769.365
1	3	0.833	-772.451
1	4	0.833	-772.451
1	5	0.833	-762.653
1	6	0.833	-763.716
1	7	0.833	-763.601
1	8	0.833	-763.968
1	9	0.833	-764.166
1	10	0.833	-766.499
1	11	0.833	-766.091
1	12	0.833	-763.514
1	13	0.833	-766.605
1	14	0.833	-767.012
1	15	0.833	-764.735
1	16	0.833	-766.894
1	17	0.833	-767.386
1	18	0.833	-769.163
1	19	0.833	-770.051
1	20	0.833	-769.62
1	21	0.833	-770.422
1	22	0.833	-770.591
1	23	0.833	-769.699
1	24	0.833	-769.119
1	25	0.833	-772.459
1	26	0.833	-771.859
1	27	0.833	-772.294
1	28	0.833	-769.079
1	29	0.833	-771.495
1	30	0.833	-772.067
1	31	0.833	-771.304
1	32	0.833	-772.377
1	33	0.833	-772.999
1	34	0.833	-773.702
1	35	0.833	-773.149
1	36	0.833	-772.283
1	37	0.833	-773.075
1	38	0.833	-773.139
1	39	0.833	-773.702
1	40	0.833	-773.528
1	41	0.833	-773.557
1	42	0.833	-773.869
1	43	0.833	-772.998
1	44	0.833	-774.2
1	45	0.833	-773.576
1	46	0.833	-774.016
1	47	0.833	-772.979
1	48	0.833	-772.56
1	49	0.833	-772.71
1	50	0.833	-773.082
1	51	0.833	-771.376
1	52	0.833	-770.638
1	53	0.833	-772.009
1	54	0.833	-772.691
1	55	0.833	-772.99
1	56	0.833	-771.149
1	57	0.833	-774.004
1	58	0.833	-774.205
1	59	0.833	-774.141
1	60	0.833	-774.355
1	61	0.833	-774.562
1	62	0.833	-772.451
1	63	0.833	-773.636
1	64	0.833	-769.571
1	65	0.833	-769.273
1	66	0.833	-769.484
1	67	0.833	-769.211
1	68	0.833	-768.417
1	69	0.833	-768.23
1	70	0.833	-768.343
1	71	0.833	-769.329
1	72	0.833	-768.08
1	73	0.833	-770.11
1	74	0.833	-771.152
1	75	0.833	-769.273
1	76	0.833	-768.323
1	77	0.833	-768.278
1	78	0.833	-768.712
1	79	0.833	-766.871
1	80	0.833	-772.198
1	81	0.833	-770.795
1	82	0.833	-771.132
1	83	0.833	-772.671
1	84	0.833	-769.736
1	85	0.833	-771.042
1	86	0.833	-771.812
1	87	0.833	-770.562
1	88	0.833	-771.587
1	89	0.833	-773.848
1	90	0.833	-771.529
1	91	0.833	-772.659
1	92	0.833	-769.444
1	93	0.833	-770.678
1	94	0.833	-773.197
1	95	0.833	-771.326
1	96	0.833	-770.318
1	97	0.833	-770.348
1	98	0.833	-770.949
1	99	0.833	-769.144
1	100	0.833	-767.849
1	101	0.833	-770.951
1	102	0.833	-770.704
1	103	0.833	-769.865
1	104	0.833	-770.192
1	105	0.833	-770.833
1	106	0.833	-771.514
1	107	0.833	-770.084
1	108	0.833	-769.873
1	109	0.833	-772.006
1	110	0.833	-771.324
1	111	0.833	-770.461
#SDC0 TDC layer 1
2	0	0.833	-768.91
2	1	0.833	-767.709
2	2	0.833	-765.443
2	3	0.833	-766.475
2	4	0.833	-767.696
2	5	0.833	-766.33
2	6	0.833	-766.512
2	7	0.833	-762.35
2	8	0.833	-766.192
2	9	0.833	-772.02
2	10	0.833	-765.313
2	11	0.833	-766.561
2	12	0.833	-766.51
2	13	0.833	-766.146
2	14	0.833	-765.103
2	15	0.833	-763.565
2	16	0.833	-768.88
2	17	0.833	-768.3
2	18	0.833	-768.424
2	19	0.833	-769.064
2	20	0.833	-767.602
2	21	0.833	-767.441
2	22	0.833	-769.57
2	23	0.833	-768.622
2	24	0.833	-768.765
2	25	0.833	-769.422
2	26	0.833	-768.259
2	27	0.833	-767.046
2	28	0.833	-767.869
2	29	0.833	-766.613
2	30	0.833	-767.341
2	31	0.833	-768.397
2	32	0.833	-771.201
2	33	0.833	-772.313
2	34	0.833	-765.886
2	35	0.833	-770.711
2	36	0.833	-771.188
2	37	0.833	-771.927
2	38	0.833	-772.319
2	39	0.833	-771.357
2	40	0.833	-771.652
2	41	0.833	-772.511
2	42	0.833	-771.871
2	43	0.833	-773.016
2	44	0.833	-771.262
2	45	0.833	-772.909
2	46	0.833	-771.808
2	47	0.833	-772.027
2	48	0.833	-768.442
2	49	0.833	-769.982
2	50	0.833	-769.656
2	51	0.833	-767.162
2	52	0.833	-769.45
2	53	0.833	-770.099
2	54	0.833	-768.873
2	55	0.833	-769.714
2	56	0.833	-770.033
2	57	0.833	-770.258
2	58	0.833	-769.1
2	59	0.833	-768.657
2	60	0.833	-768.574
2	61	0.833	-769.566
2	62	0.833	-769.017
2	63	0.833	-769.584
2	64	0.833	-771.726
2	65	0.833	-771.463
2	66	0.833	-772.202
2	67	0.833	-772.277
2	68	0.833	-772.262
2	69	0.833	-769.669
2	70	0.833	-770.264
2	71	0.833	-767.498
2	72	0.833	-768.836
2	73	0.833	-770.223
2	74	0.833	-769.011
2	75	0.833	-768.504
2	76	0.833	-770.823
2	77	0.833	-768.762
2	78	0.833	-767.193
2	79	0.833	-766.71
2	80	0.833	-771.504
2	81	0.833	-773.102
2	82	0.833	-771.992
2	83	0.833	-770.479
2	84	0.833	-770.302
2	85	0.833	-770.053
2	86	0.833	-769.908
2	87	0.833	-766.901
2	88	0.833	-767.544
2	89	0.833	-769.81
2	90	0.833	-771.007
2	91	0.833	-771.744
2	92	0.833	-767.672
2	93	0.833	-769.325
2	94	0.833	-769.57
2	95	0.833	-769.397
2	96	0.833	-761.275
2	97	0.833	-771.276
2	98	0.833	-770.54
2	99	0.833	-770.212
2	100	0.833	-770.089
2	101	0.833	-771.889
2	102	0.833	-772.273
2	103	0.833	-771.443
2	104	0.833	-769.931
2	105	0.833	-772.223
2	106	0.833	-771.677
2	107	0.833	-771.138
2	108	0.833	-769.108
2	109	0.833	-772.084
2	110	0.833	-769.18
2	111	0.833	-770.499
#SDC0 TDC layer 2
3	0	0.833	-769.163
3	1	0.833	-769.563
3	2	0.833	-769.563
3	3	0.833	-772.314
3	4	0.833	-766.836
3	5	0.833	-771.263
3	6	0.833	-768.675
3	7	0.833	-767.276
3	8	0.833	-767.252
3	9	0.833	-767.468
3	10	0.833	-770.299
3	11	0.833	-768.869
3	12	0.833	-769.31
3	13	0.833	-767.956
3	14	0.833	-769.262
3	15	0.833	-767.42
3	16	0.833	-772.371
3	17	0.833	-771.08
3	18	0.833	-770.885
3	19	0.833	-773.588
3	20	0.833	-771.855
3	21	0.833	-773.075
3	22	0.833	-772.224
3	23	0.833	-771.616
3	24	0.833	-769.91
3	25	0.833	-771.174
3	26	0.833	-770.305
3	27	0.833	-771.241
3	28	0.833	-770.247
3	29	0.833	-771.166
3	30	0.833	-770.462
3	31	0.833	-771.27
3	32	0.833	-772.564
3	33	0.833	-772.909
3	34	0.833	-771.71
3	35	0.833	-773.13
3	36	0.833	-771.369
3	37	0.833	-775.329
3	38	0.833	-776.668
3	39	0.833	-774.757
3	40	0.833	-771.916
3	41	0.833	-774.232
3	42	0.833	-774.152
3	43	0.833	-772.573
3	44	0.833	-773.335
3	45	0.833	-772.853
3	46	0.833	-772.193
3	47	0.833	-771.724
3	48	0.833	-774.867
3	49	0.833	-772.503
3	50	0.833	-772.201
3	51	0.833	-774.008
3	52	0.833	-769.85
3	53	0.833	-769.043
3	54	0.833	-768.428
3	55	0.833	-767.15
3	56	0.833	-763.61
3	57	0.833	-770.351
3	58	0.833	-768.766
3	59	0.833	-770.54
3	60	0.833	-772.6
3	61	0.833	-773.037
3	62	0.833	-771.952
3	63	0.833	-769.163
3	64	0.833	-772.33
3	65	0.833	-771.261
3	66	0.833	-770.802
3	67	0.833	-771.543
3	68	0.833	-770.676
3	69	0.833	-771.069
3	70	0.833	-770.094
3	71	0.833	-769.445
3	72	0.833	-770.241
3	73	0.833	-768.794
3	74	0.833	-768.235
3	75	0.833	-768.616
3	76	0.833	-769.563
3	77	0.833	-767.398
3	78	0.833	-766.185
3	79	0.833	-767.058
3	80	0.833	-771.232
3	81	0.833	-772.541
3	82	0.833	-772.256
3	83	0.833	-771.773
3	84	0.833	-769.661
3	85	0.833	-770.957
3	86	0.833	-771.711
3	87	0.833	-770.636
3	88	0.833	-770.193
3	89	0.833	-772.199
3	90	0.833	-772.022
3	91	0.833	-769.266
3	92	0.833	-772.496
3	93	0.833	-772.79
3	94	0.833	-773.109
3	95	0.833	-773.513
3	96	0.833	-771.484
3	97	0.833	-773.176
3	98	0.833	-772.779
3	99	0.833	-771.556
3	100	0.833	-771.911
3	101	0.833	-772.257
3	102	0.833	-773.185
3	103	0.833	-770.995
3	104	0.833	-771.883
3	105	0.833	-773.297
3	106	0.833	-774.011
3	107	0.833	-772.857
3	108	0.833	-772.222
3	109	0.833	-772.964
3	110	0.833	-770.871
3	111	0.833	-774.307
#SDC0 TDC layer 3
4	0	0.833	-771.695
4	1	0.833	-761.232
4	2	0.833	-770.02
4	3	0.833	-765.936
4	4	0.833	-770.015
4	5	0.833	-769.822
4	6	0.833	-769.507
4	7	0.833	-769.61
4	8	0.833	-770.02
4	9	0.833	-770.33
4	10	0.833	-769.957
4	11	0.833	-767.832
4	12	0.833	-770.847
4	13	0.833	-771.804
4	14	0.833	-771.33
4	15	0.833	-770.882
4	16	0.833	-770.351
4	17	0.833	-769.969
4	18	0.833	-769.224
4	19	0.833	-771.204
4	20	0.833	-770.576
4	21	0.833	-771.772
4	22	0.833	-771.322
4	23	0.833	-772.031
4	24	0.833	-772.411
4	25	0.833	-770.955
4	26	0.833	-771.793
4	27	0.833	-771.483
4	28	0.833	-771.287
4	29	0.833	-771.242
4	30	0.833	-770.564
4	31	0.833	-769.253
4	32	0.833	-771.757
4	33	0.833	-772.178
4	34	0.833	-773.209
4	35	0.833	-771.246
4	36	0.833	-771.831
4	37	0.833	-771.97
4	38	0.833	-773.131
4	39	0.833	-772.229
4	40	0.833	-772.564
4	41	0.833	-773.836
4	42	0.833	-773.35
4	43	0.833	-772.952
4	44	0.833	-773.412
4	45	0.833	-772.644
4	46	0.833	-773.651
4	47	0.833	-773.85
4	48	0.833	-768.791
4	49	0.833	-770.047
4	50	0.833	-768.952
4	51	0.833	-767.426
4	52	0.833	-769.253
4	53	0.833	-770.564
4	54	0.833	-767.472
4	55	0.833	-768.707
4	56	0.833	-770.071
4	57	0.833	-771.429
4	58	0.833	-770.917
4	59	0.833	-771.53
4	60	0.833	-771.543
4	61	0.833	-769.483
4	62	0.833	-770.688
4	63	0.833	-770.091
4	64	0.833	-769.869
4	65	0.833	-765.309
4	66	0.833	-766.387
4	67	0.833	-770.041
4	68	0.833	-771.884
4	69	0.833	-772.105
4	70	0.833	-769.884
4	71	0.833	-769.27
4	72	0.833	-771.601
4	73	0.833	-772.49
4	74	0.833	-772.262
4	75	0.833	-770.567
4	76	0.833	-772.127
4	77	0.833	-771.923
4	78	0.833	-771.772
4	79	0.833	-771.927
4	80	0.833	-769.892
4	81	0.833	-770.555
4	82	0.833	-773.107
4	83	0.833	-772.441
4	84	0.833	-769.3
4	85	0.833	-771.591
4	86	0.833	-768.464
4	87	0.833	-768.988
4	88	0.833	-770.709
4	89	0.833	-773.223
4	90	0.833	-772.277
4	91	0.833	-771.838
4	92	0.833	-768.9
4	93	0.833	-772.437
4	94	0.833	-770.755
4	95	0.833	-769.501
4	96	0.833	-768.432
4	97	0.833	-768.993
4	98	0.833	-772.224
4	99	0.833	-769.137
4	100	0.833	-771.613
4	101	0.833	-770.871
4	102	0.833	-770.493
4	103	0.833	-771.288
4	104	0.833	-770.612
4	105	0.833	-775.316
4	106	0.833	-772.954
4	107	0.833	-773.371
4	108	0.833	-773.413
4	109	0.833	-770.394
4	110	0.833	-775.557
4	111	0.833	-770.564
#SDC1 TDC layer 0
5	0	0.833	-793.834
5	1	0.833	-800.616
5	2	0.833	-805.336
5	3	0.833	-802.671
5	4	0.833	-805.566
5	5	0.833	-804.723
5	6	0.833	-801.509
5	7	0.833	-810.633
5	8	0.833	-808.5
5	9	0.833	-807.001
5	10	0.833	-807.515
5	11	0.833	-804.205
5	12	0.833	-808.025
5	13	0.833	-805.329
5	14	0.833	-800.776
5	15	0.833	-803.199
5	16	0.833	-804.096
5	17	0.833	-803.484
5	18	0.833	-800.801
5	19	0.833	-798.341
5	20	0.833	-801.128
5	21	0.833	-803.268
5	22	0.833	-797.408
5	23	0.833	-797.651
5	24	0.833	-805.68
5	25	0.833	-803.958
5	26	0.833	-801.639
5	27	0.833	-798.313
5	28	0.833	-800.968
5	29	0.833	-797.724
5	30	0.833	-801.664
5	31	0.833	-800.083
5	32	0.833	-798.637
5	33	0.833	-797.649
5	34	0.833	-798.801
5	35	0.833	-798.107
5	36	0.833	-803.569
5	37	0.833	-806.946
5	38	0.833	-810.126
5	39	0.833	-808.958
5	40	0.833	-809.653
5	41	0.833	-806.169
5	42	0.833	-806.519
5	43	0.833	-804.948
5	44	0.833	-807.96
5	45	0.833	-799.639
5	46	0.833	-803.031
5	47	0.833	-792.048
#SDC1 TDC layer 1
6	0	0.833	-803.857
6	1	0.833	-804.208
6	2	0.833	-802.814
6	3	0.833	-807.196
6	4	0.833	-806.733
6	5	0.833	-807.037
6	6	0.833	-807.468
6	7	0.833	-810.071
6	8	0.833	-810.636
6	9	0.833	-809.912
6	10	0.833	-806.433
6	11	0.833	-806.007
6	12	0.833	-802.842
6	13	0.833	-803.407
6	14	0.833	-803.67
6	15	0.833	-801.121
6	16	0.833	-804.827
6	17	0.833	-804.453
6	18	0.833	-803.092
6	19	0.833	-803.936
6	20	0.833	-797.02
6	21	0.833	-803.486
6	22	0.833	-802.33
6	23	0.833	-799.251
6	24	0.833	-804.298
6	25	0.833	-809.242
6	26	0.833	-799.014
6	27	0.833	-799.603
6	28	0.833	-803.154
6	29	0.833	-802.472
6	30	0.833	-804.867
6	31	0.833	-805.882
6	32	0.833	-799.731
6	33	0.833	-801.244
6	34	0.833	-799.232
6	35	0.833	-806.927
6	36	0.833	-804.82
6	37	0.833	-803.639
6	38	0.833	-806.245
6	39	0.833	-807.313
6	40	0.833	-808.112
6	41	0.833	-808.968
6	42	0.833	-806.097
6	43	0.833	-805.324
6	44	0.833	-800.805
6	45	0.833	-802.333
6	46	0.833	-799.056
6	47	0.833	-803.857
#SDC1 TDC layer 2
7	0	0.833	-796.226
7	1	0.833	-803.985
7	2	0.833	-794.313
7	3	0.833	-794.313
7	4	0.833	-794.313
7	5	0.833	-794.313
7	6	0.833	-801.155
7	7	0.833	-801.159
7	8	0.833	-796.511
7	9	0.833	-798.916
7	10	0.833	-801.057
7	11	0.833	-803.165
7	12	0.833	-801.589
7	13	0.833	-797.714
7	14	0.833	-794.459
7	15	0.833	-794.372
7	16	0.833	-792.79
7	17	0.833	-797.359
7	18	0.833	-793.625
7	19	0.833	-794.968
7	20	0.833	-800.215
7	21	0.833	-792.469
7	22	0.833	-788.258
7	23	0.833	-787.942
7	24	0.833	-789.939
7	25	0.833	-794.522
7	26	0.833	-797.149
7	27	0.833	-794.39
7	28	0.833	-798.46
7	29	0.833	-795.549
7	30	0.833	-794.693
7	31	0.833	-795.442
7	32	0.833	-795.035
7	33	0.833	-799.446
7	34	0.833	-800.832
7	35	0.833	-801.183
7	36	0.833	-801.378
7	37	0.833	-799.329
7	38	0.833	-795.549
7	39	0.833	-795.029
7	40	0.833	-796.93
7	41	0.833	-801.158
7	42	0.833	-794.313
7	43	0.833	-794.313
7	44	0.833	-801.227
7	45	0.833	-801.086
7	46	0.833	-790.562
7	47	0.833	-793.53
#SDC1 TDC layer 3
8	0	0.833	-792.497
8	1	0.833	-800.279
8	2	0.833	-792.497
8	3	0.833	-792.497
8	4	0.833	-792.497
8	5	0.833	-792.497
8	6	0.833	-801.497
8	7	0.833	-792.497
8	8	0.833	-795.277
8	9	0.833	-798.45
8	10	0.833	-792.497
8	11	0.833	-799.008
8	12	0.833	-792.497
8	13	0.833	-792.497
8	14	0.833	-794.853
8	15	0.833	-796.221
8	16	0.833	-793.249
8	17	0.833	-794.039
8	18	0.833	-796.246
8	19	0.833	-794.291
8	20	0.833	-795.86
8	21	0.833	-796.299
8	22	0.833	-786.339
8	23	0.833	-786.598
8	24	0.833	-784.68
8	25	0.833	-789.976
8	26	0.833	-795.49
8	27	0.833	-792.434
8	28	0.833	-796.32
8	29	0.833	-797.336
8	30	0.833	-795.862
8	31	0.833	-795.853
8	32	0.833	-795.112
8	33	0.833	-795.892
8	34	0.833	-800.507
8	35	0.833	-798.874
8	36	0.833	-792.497
8	37	0.833	-798.472
8	38	0.833	-797.676
8	39	0.833	-797.679
8	40	0.833	-799.693
8	41	0.833	-801.282
8	42	0.833	-792.497
8	43	0.833	-792.497
8	44	0.833	-802.118
8	45	0.833	-799.792
8	46	0.833	-798.906
8	47	0.833	-784.629
#SDC1 TDC layer 4
9	0	0.833	-797.23
9	1	0.833	-795.391
9	2	0.833	-803.298
9	3	0.833	-805.011
9	4	0.833	-804.793
9	5	0.833	-803.369
9	6	0.833	-803.746
9	7	0.833	-798.999
9	8	0.833	-802.339
9	9	0.833	-798.945
9	10	0.833	-803.261
9	11	0.833	-797.23
9	12	0.833	-805.657
9	13	0.833	-806.591
9	14	0.833	-806.292
9	15	0.833	-799.578
9	16	0.833	-800.11
9	17	0.833	-796.977
9	18	0.833	-797.786
9	19	0.833	-801.761
9	20	0.833	-798.686
9	21	0.833	-798.841
9	22	0.833	-795.408
9	23	0.833	-797.23
9	24	0.833	-789.717
9	25	0.833	-795.206
9	26	0.833	-798.523
9	27	0.833	-801.249
9	28	0.833	-800.843
9	29	0.833	-799.142
9	30	0.833	-804.83
9	31	0.833	-797.552
9	32	0.833	-797.873
9	33	0.833	-797.88
9	34	0.833	-801.466
9	35	0.833	-804.64
9	36	0.833	-807.058
9	37	0.833	-801.473
9	38	0.833	-802.895
9	39	0.833	-799.39
9	40	0.833	-800.12
9	41	0.833	-800.084
9	42	0.833	-803.855
9	43	0.833	-806.272
9	44	0.833	-806.691
9	45	0.833	-805.353
9	46	0.833	-804.699
9	47	0.833	-790.786
#SDC1 TDC layer 5
10	0	0.833	-788.662
10	1	0.833	-796.311
10	2	0.833	-800.392
10	3	0.833	-794.621
10	4	0.833	-794.621
10	5	0.833	-803.839
10	6	0.833	-799.358
10	7	0.833	-801.038
10	8	0.833	-797.278
10	9	0.833	-802.546
10	10	0.833	-800.168
10	11	0.833	-803.783
10	12	0.833	-802.623
10	13	0.833	-803.821
10	14	0.833	-798.318
10	15	0.833	-795.862
10	16	0.833	-798.256
10	17	0.833	-793.761
10	18	0.833	-795.838
10	19	0.833	-800.285
10	20	0.833	-802.396
10	21	0.833	-795.026
10	22	0.833	-794.32
10	23	0.833	-794.621
10	24	0.833	-790.661
10	25	0.833	-794.989
10	26	0.833	-797.818
10	27	0.833	-800.394
10	28	0.833	-798.618
10	29	0.833	-799.156
10	30	0.833	-795.376
10	31	0.833	-798.378
10	32	0.833	-797.698
10	33	0.833	-797.614
10	34	0.833	-802.282
10	35	0.833	-794.621
10	36	0.833	-802.796
10	37	0.833	-802.078
10	38	0.833	-798.349
10	39	0.833	-797.903
10	40	0.833	-797.661
10	41	0.833	-797.373
10	42	0.833	-800.727
10	43	0.833	-794.621
10	44	0.833	-804.561
10	45	0.833	-804.365
10	46	0.833	-797.753
10	47	0.833	-794.621
#SDC2 TDC layer 0
31	0	0.833	-793.867
31	1	0.833	-791.546
31	2	0.833	-793.498
31	3	0.833	-790.276
31	4	0.833	-790.514
31	5	0.833	-788.878
31	6	0.833	-792.922
31	7	0.833	-797.759
31	8	0.833	-796.99
31	9	0.833	-796.66
31	10	0.833	-796.911
31	11	0.833	-796.291
31	12	0.833	-792.091
31	13	0.833	-794.368
31	14	0.833	-790.901
31	15	0.833	-793.184
31	16	0.833	-790.337
31	17	0.833	-793.721
31	18	0.833	-788.052
31	19	0.833	-787.673
31	20	0.833	-789.154
31	21	0.833	-789.66
31	22	0.833	-787.35
31	23	0.833	-791.329
31	24	0.833	-791.65
31	25	0.833	-789.27
31	26	0.833	-794.465
31	27	0.833	-793.578
31	28	0.833	-787.783
31	29	0.833	-783.889
31	30	0.833	-781.406
31	31	0.833	-781.592
31	32	0.833	-784.888
31	33	0.833	-786.405
31	34	0.833	-784.763
31	35	0.833	-785.493
31	36	0.833	-786.974
31	37	0.833	-781.977
31	38	0.833	-782.894
31	39	0.833	-786.825
31	40	0.833	-791.713
31	41	0.833	-788.917
31	42	0.833	-785.818
31	43	0.833	-785.287
31	44	0.833	-781.46
31	45	0.833	-783.016
31	46	0.833	-783.403
31	47	0.833	-782.998
31	48	0.833	-785.329
31	49	0.833	-790.472
31	50	0.833	-789.357
31	51	0.833	-787.482
31	52	0.833	-788.658
31	53	0.833	-787.87
31	54	0.833	-785.211
31	55	0.833	-791.561
31	56	0.833	-792.019
31	57	0.833	-793.759
31	58	0.833	-793.967
31	59	0.833	-795.642
31	60	0.833	-791.811
31	61	0.833	-793.061
31	62	0.833	-791.782
31	63	0.833	-788.778
31	64	0.833	-791.219
31	65	0.833	-794.518
31	66	0.833	-790.519
31	67	0.833	-791.204
31	68	0.833	-790.085
31	69	0.833	-791.45
31	70	0.833	-788.345
31	71	0.833	-791.823
31	72	0.833	-796.052
31	73	0.833	-790.941
31	74	0.833	-794.006
31	75	0.833	-793.267
31	76	0.833	-794.529
31	77	0.833	-790.772
31	78	0.833	-790.714
#SDC2 TDC layer 1
32	0	0.833	-790.944
32	1	0.833	-788.356
32	2	0.833	-785.642
32	3	0.833	-790.208
32	4	0.833	-789.017
32	5	0.833	-788.865
32	6	0.833	-787.596
32	7	0.833	-788.73
32	8	0.833	-790.223
32	9	0.833	-785.238
32	10	0.833	-783.852
32	11	0.833	-791.314
32	12	0.833	-792.61
32	13	0.833	-791.099
32	14	0.833	-788.256
32	15	0.833	-788.508
32	16	0.833	-790.779
32	17	0.833	-789.029
32	18	0.833	-787.227
32	19	0.833	-792.682
32	20	0.833	-790.767
32	21	0.833	-793.773
32	22	0.833	-788.592
32	23	0.833	-788.537
32	24	0.833	-785.87
32	25	0.833	-781.002
32	26	0.833	-780.553
32	27	0.833	-785.204
32	28	0.833	-782.3
32	29	0.833	-779.544
32	30	0.833	-779.382
32	31	0.833	-780.517
32	32	0.833	-782.379
32	33	0.833	-780.67
32	34	0.833	-780.933
32	35	0.833	-784.943
32	36	0.833	-788.885
32	37	0.833	-784.329
32	38	0.833	-784.454
32	39	0.833	-784.699
32	40	0.833	-791.272
32	41	0.833	-783.087
32	42	0.833	-781.042
32	43	0.833	-783.485
32	44	0.833	-784.684
32	45	0.833	-786.545
32	46	0.833	-785.47
32	47	0.833	-781.331
32	48	0.833	-785.1
32	49	0.833	-784.092
32	50	0.833	-781.284
32	51	0.833	-786.501
32	52	0.833	-788.454
32	53	0.833	-792.268
32	54	0.833	-788.412
32	55	0.833	-789.21
32	56	0.833	-789.992
32	57	0.833	-791.7
32	58	0.833	-786.032
32	59	0.833	-793.47
32	60	0.833	-794.195
32	61	0.833	-792.054
32	62	0.833	-791.509
32	63	0.833	-790.452
32	64	0.833	-790.683
32	65	0.833	-790.57
32	66	0.833	-789.982
32	67	0.833	-793.102
32	68	0.833	-792.892
32	69	0.833	-793.849
32	70	0.833	-792.408
32	71	0.833	-789.15
32	72	0.833	-788.806
32	73	0.833	-789.92
32	74	0.833	-787.482
32	75	0.833	-789.791
32	76	0.833	-792.778
32	77	0.833	-795.171
#SDC2 TDC layer 2
33	0	0.833	-794.962
33	1	0.833	-788.495
33	2	0.833	-789.245
33	3	0.833	-785.61
33	4	0.833	-794.046
33	5	0.833	-791.096
33	6	0.833	-789.663
33	7	0.833	-790.904
33	8	0.833	-789.746
33	9	0.833	-790.662
33	10	0.833	-788.434
33	11	0.833	-787.627
33	12	0.833	-791.233
33	13	0.833	-793.901
33	14	0.833	-790.486
33	15	0.833	-792.217
33	16	0.833	-789.85
33	17	0.833	-787.562
33	18	0.833	-788.848
33	19	0.833	-789.7
33	20	0.833	-791.556
33	21	0.833	-793.05
33	22	0.833	-791.831
33	23	0.833	-789.847
33	24	0.833	-785.45
33	25	0.833	-782.82
33	26	0.833	-785.783
33	27	0.833	-780.066
33	28	0.833	-784.52
33	29	0.833	-786.472
33	30	0.833	-781.871
33	31	0.833	-781.789
33	32	0.833	-780.903
33	33	0.833	-780.269
33	34	0.833	-782.571
33	35	0.833	-782.854
33	36	0.833	-789.674
33	37	0.833	-779.532
33	38	0.833	-786.416
33	39	0.833	-789.634
33	40	0.833	-791.464
33	41	0.833	-788.55
33	42	0.833	-784.372
33	43	0.833	-784.478
33	44	0.833	-783.285
33	45	0.833	-785.539
33	46	0.833	-784.674
33	47	0.833	-782.889
33	48	0.833	-784.467
33	49	0.833	-782.121
33	50	0.833	-788.379
33	51	0.833	-785.818
33	52	0.833	-788.385
33	53	0.833	-792.932
33	54	0.833	-788.726
33	55	0.833	-788.791
33	56	0.833	-791.306
33	57	0.833	-788.96
33	58	0.833	-790.696
33	59	0.833	-787.609
33	60	0.833	-792.661
33	61	0.833	-791.748
33	62	0.833	-789.814
33	63	0.833	-793.451
33	64	0.833	-788.529
33	65	0.833	-790.851
33	66	0.833	-791.913
33	67	0.833	-793.531
33	68	0.833	-786.416
33	69	0.833	-786.416
33	70	0.833	-791.018
33	71	0.833	-793.168
33	72	0.833	-791.961
33	73	0.833	-790.253
33	74	0.833	-791.458
33	75	0.833	-787.122
33	76	0.833	-794.543
33	77	0.833	-795.022
#SDC2 TDC layer 3
34	0	0.833	-788.045
34	1	0.833	-788.045
34	2	0.833	-790.565
34	3	0.833	-791.688
34	4	0.833	-791.648
34	5	0.833	-787.034
34	6	0.833	-790.16
34	7	0.833	-788.462
34	8	0.833	-786.59
34	9	0.833	-790.18
34	10	0.833	-792.727
34	11	0.833	-788.403
34	12	0.833	-786.992
34	13	0.833	-784.207
34	14	0.833	-785.489
34	15	0.833	-788.411
34	16	0.833	-786.097
34	17	0.833	-791.76
34	18	0.833	-791.435
34	19	0.833	-792.38
34	20	0.833	-786.472
34	21	0.833	-785.102
34	22	0.833	-787.332
34	23	0.833	-793.729
34	24	0.833	-786.695
34	25	0.833	-786.24
34	26	0.833	-788.119
34	27	0.833	-791.057
34	28	0.833	-787.286
34	29	0.833	-785.398
34	30	0.833	-787.096
34	31	0.833	-786.773
34	32	0.833	-788.204
34	33	0.833	-786.599
34	34	0.833	-790.429
34	35	0.833	-787.902
34	36	0.833	-789.431
34	37	0.833	-783.288
34	38	0.833	-785.326
34	39	0.833	-785.672
34	40	0.833	-792.191
34	41	0.833	-785.011
34	42	0.833	-789.979
34	43	0.833	-790.314
34	44	0.833	-785.928
34	45	0.833	-784.742
34	46	0.833	-781.855
34	47	0.833	-784.668
34	48	0.833	-791.719
34	49	0.833	-791.332
34	50	0.833	-790.436
34	51	0.833	-797.87
34	52	0.833	-793.873
34	53	0.833	-789.648
34	54	0.833	-790.824
34	55	0.833	-788.679
34	56	0.833	-784.254
34	57	0.833	-785.09
34	58	0.833	-785.194
34	59	0.833	-784.776
34	60	0.833	-785.538
34	61	0.833	-781.222
34	62	0.833	-783.281
34	63	0.833	-784.794
34	64	0.833	-788.15
34	65	0.833	-791.26
34	66	0.833	-791.535
34	67	0.833	-792.184
34	68	0.833	-791.627
34	69	0.833	-787.646
34	70	0.833	-789.338
34	71	0.833	-790.721
34	72	0.833	-789.085
34	73	0.833	-789.03
34	74	0.833	-792.378
34	75	0.833	-790.394
34	76	0.833	-789.429
34	77	0.833	-787.031
34	78	0.833	-786.027
34	79	0.833	-788.949
34	80	0.833	-790.357
34	81	0.833	-791.218
34	82	0.833	-793.561
34	83	0.833	-792.674
34	84	0.833	-790.336
34	85	0.833	-788.5
34	86	0.833	-786.978
34	87	0.833	-792.092
34	88	0.833	-786.321
34	89	0.833	-788.163
34	90	0.833	-791.156
34	91	0.833	-791.012
34	92	0.833	-788.818
34	93	0.833	-786.542
34	94	0.833	-785.018
34	95	0.833	-787.474
34	96	0.833	-786.233
34	97	0.833	-788.36
34	98	0.833	-791.361
34	99	0.833	-790.416
34	100	0.833	-787.485
34	101	0.833	-787.377
34	102	0.833	-787.23
34	103	0.833	-787.856
#SDC2 TDC layer 4
35	0	0.833	-786.191
35	1	0.833	-792.734
35	2	0.833	-791.52
35	3	0.833	-791.256
35	4	0.833	-790.3
35	5	0.833	-790.51
35	6	0.833	-790.426
35	7	0.833	-793.007
35	8	0.833	-785.711
35	9	0.833	-788.959
35	10	0.833	-790.555
35	11	0.833	-788.897
35	12	0.833	-786.316
35	13	0.833	-786.157
35	14	0.833	-784.085
35	15	0.833	-790.318
35	16	0.833	-788.079
35	17	0.833	-788.992
35	18	0.833	-790.863
35	19	0.833	-789.658
35	20	0.833	-784.778
35	21	0.833	-787.527
35	22	0.833	-786.124
35	23	0.833	-787.462
35	24	0.833	-783.961
35	25	0.833	-782.846
35	26	0.833	-786.987
35	27	0.833	-788.936
35	28	0.833	-784.254
35	29	0.833	-783.983
35	30	0.833	-782.516
35	31	0.833	-786.11
35	32	0.833	-786.686
35	33	0.833	-786.472
35	34	0.833	-787.82
35	35	0.833	-785.791
35	36	0.833	-782.558
35	37	0.833	-785.874
35	38	0.833	-781.969
35	39	0.833	-782.262
35	40	0.833	-782.776
35	41	0.833	-784.54
35	42	0.833	-786.838
35	43	0.833	-785.119
35	44	0.833	-782.633
35	45	0.833	-780.182
35	46	0.833	-784.063
35	47	0.833	-787.001
35	48	0.833	-788.473
35	49	0.833	-786.514
35	50	0.833	-790.995
35	51	0.833	-790.035
35	52	0.833	-785.362
35	53	0.833	-785.023
35	54	0.833	-789.319
35	55	0.833	-788.638
35	56	0.833	-787.59
35	57	0.833	-787.488
35	58	0.833	-783.639
35	59	0.833	-784.707
35	60	0.833	-780.578
35	61	0.833	-780.345
35	62	0.833	-781.391
35	63	0.833	-784.91
35	64	0.833	-790.03
35	65	0.833	-788.784
35	66	0.833	-791.03
35	67	0.833	-788.964
35	68	0.833	-788.125
35	69	0.833	-791.316
35	70	0.833	-789.117
35	71	0.833	-793.673
35	72	0.833	-786.277
35	73	0.833	-787.064
35	74	0.833	-791.405
35	75	0.833	-787.341
35	76	0.833	-785.281
35	77	0.833	-788.071
35	78	0.833	-784.766
35	79	0.833	-791.196
35	80	0.833	-790.092
35	81	0.833	-787.684
35	82	0.833	-792.314
35	83	0.833	-792.181
35	84	0.833	-786.027
35	85	0.833	-790.933
35	86	0.833	-787.041
35	87	0.833	-787.847
35	88	0.833	-789.247
35	89	0.833	-785.655
35	90	0.833	-790.546
35	91	0.833	-792.23
35	92	0.833	-784.468
35	93	0.833	-785.01
35	94	0.833	-787.338
35	95	0.833	-784.424
35	96	0.833	-786.482
35	97	0.833	-789.005
35	98	0.833	-791.941
35	99	0.833	-787.524
35	100	0.833	-786.191
35	101	0.833	-784.852
35	102	0.833	-788.574
35	103	0.833	-785.318
#SDC3 TDC layer 0
36	0	0.833	-793.711
36	1	0.833	-790.716
36	2	0.833	-789.243
36	3	0.833	-788.785
36	4	0.833	-792.224
36	5	0.833	-788.691
36	6	0.833	-791.403
36	7	0.833	-789.484
36	8	0.833	-794.241
36	9	0.833	-792.989
36	10	0.833	-793.71
36	11	0.833	-791.789
36	12	0.833	-790.792
36	13	0.833	-792.696
36	14	0.833	-789.272
36	15	0.833	-789.392
36	16	0.833	-793.422
36	17	0.833	-792.949
36	18	0.833	-793.11
36	19	0.833	-790.687
36	20	0.833	-790.599
36	21	0.833	-788.942
36	22	0.833	-787.766
36	23	0.833	-790.25
36	24	0.833	-791.561
36	25	0.833	-788.937
36	26	0.833	-784.47
36	27	0.833	-787.54
36	28	0.833	-784.119
36	29	0.833	-783.026
36	30	0.833	-783.133
36	31	0.833	-789.604
36	32	0.833	-787.696
36	33	0.833	-785.416
36	34	0.833	-789.641
36	35	0.833	-793.201
36	36	0.833	-787.284
36	37	0.833	-782.303
36	38	0.833	-786.898
36	39	0.833	-798.324
36	40	0.833	-792.554
36	41	0.833	-794.058
36	42	0.833	-792.209
36	43	0.833	-786.432
36	44	0.833	-784.67
36	45	0.833	-787.448
36	46	0.833	-784.324
36	47	0.833	-782.042
36	48	0.833	-788.963
36	49	0.833	-786.432
36	50	0.833	-785.328
36	51	0.833	-782.579
36	52	0.833	-783.406
36	53	0.833	-787.432
36	54	0.833	-786.476
36	55	0.833	-789.19
36	56	0.833	-791.147
36	57	0.833	-790.638
36	58	0.833	-791.892
36	59	0.833	-794.759
36	60	0.833	-793.477
36	61	0.833	-792.62
36	62	0.833	-789.668
36	63	0.833	-790.743
36	64	0.833	-792.433
36	65	0.833	-791.748
36	66	0.833	-791.625
36	67	0.833	-790.438
36	68	0.833	-791.518
36	69	0.833	-789.732
36	70	0.833	-791.755
36	71	0.833	-794.034
36	72	0.833	-792.27
36	73	0.833	-796.889
36	74	0.833	-795.889
36	75	0.833	-799.146
36	76	0.833	-791.758
36	77	0.833	-792.254
36	78	0.833	-793.537
#SDC3 TDC layer 1
37	0	0.833	-784.878
37	1	0.833	-781.893
37	2	0.833	-784.979
37	3	0.833	-785.889
37	4	0.833	-789.519
37	5	0.833	-785.047
37	6	0.833	-780.989
37	7	0.833	-784.029
37	8	0.833	-789.049
37	9	0.833	-783.857
37	10	0.833	-780.448
37	11	0.833	-787.65
37	12	0.833	-791.99
37	13	0.833	-790.809
37	14	0.833	-789.754
37	15	0.833	-785.913
37	16	0.833	-786.115
37	17	0.833	-784.99
37	18	0.833	-782.224
37	19	0.833	-784.742
37	20	0.833	-787.682
37	21	0.833	-789.522
37	22	0.833	-786.152
37	23	0.833	-781.102
37	24	0.833	-784.489
37	25	0.833	-779.265
37	26	0.833	-778.611
37	27	0.833	-783.058
37	28	0.833	-782.609
37	29	0.833	-783.625
37	30	0.833	-781.6
37	31	0.833	-780.895
37	32	0.833	-786.176
37	33	0.833	-781.397
37	34	0.833	-786.109
37	35	0.833	-787.891
37	36	0.833	-787.407
37	37	0.833	-791.214
37	38	0.833	-785.667
37	39	0.833	-779.178
37	40	0.833	-787.438
37	41	0.833	-784.104
37	42	0.833	-783.99
37	43	0.833	-783.198
37	44	0.833	-784.307
37	45	0.833	-787.46
37	46	0.833	-781.89
37	47	0.833	-782.467
37	48	0.833	-782.529
37	49	0.833	-780.845
37	50	0.833	-780.748
37	51	0.833	-781.715
37	52	0.833	-785.307
37	53	0.833	-789.225
37	54	0.833	-787.295
37	55	0.833	-787.38
37	56	0.833	-783.914
37	57	0.833	-783.324
37	58	0.833	-782.999
37	59	0.833	-788.955
37	60	0.833	-787.801
37	61	0.833	-786.709
37	62	0.833	-786.235
37	63	0.833	-784.326
37	64	0.833	-785.526
37	65	0.833	-784.084
37	66	0.833	-783.003
37	67	0.833	-785.167
37	68	0.833	-786.107
37	69	0.833	-790.036
37	70	0.833	-784.451
37	71	0.833	-784.5
37	72	0.833	-789.637
37	73	0.833	-782.886
37	74	0.833	-784.518
37	75	0.833	-787.149
37	76	0.833	-790.656
37	77	0.833	-792.113
#SDC3 TDC layer 2
38	0	0.833	-785.835
38	1	0.833	-783.709
38	2	0.833	-783.425
38	3	0.833	-782.196
38	4	0.833	-789.227
38	5	0.833	-785.025
38	6	0.833	-779.169
38	7	0.833	-781.747
38	8	0.833	-786.646
38	9	0.833	-785.27
38	10	0.833	-784.168
38	11	0.833	-782.873
38	12	0.833	-789.012
38	13	0.833	-787.989
38	14	0.833	-783.638
38	15	0.833	-784.931
38	16	0.833	-786.212
38	17	0.833	-784.992
38	18	0.833	-785.2
38	19	0.833	-782.302
38	20	0.833	-784.666
38	21	0.833	-785.837
38	22	0.833	-782.556
38	23	0.833	-783.365
38	24	0.833	-784.129
38	25	0.833	-781.211
38	26	0.833	-780.344
38	27	0.833	-780.273
38	28	0.833	-782.396
38	29	0.833	-782.688
38	30	0.833	-778.976
38	31	0.833	-780.954
38	32	0.833	-780.649
38	33	0.833	-779.303
38	34	0.833	-783.43
38	35	0.833	-785.697
38	36	0.833	-787.522
38	37	0.833	-786.78
38	38	0.833	-783.584
38	39	0.833	-779.597
38	40	0.833	-787.24
38	41	0.833	-783.316
38	42	0.833	-787.336
38	43	0.833	-782.516
38	44	0.833	-781.995
38	45	0.833	-783.943
38	46	0.833	-781.883
38	47	0.833	-782.498
38	48	0.833	-784.33
38	49	0.833	-780.715
38	50	0.833	-779.131
38	51	0.833	-780.48
38	52	0.833	-782.819
38	53	0.833	-787.514
38	54	0.833	-782.464
38	55	0.833	-787.368
38	56	0.833	-782.616
38	57	0.833	-781.238
38	58	0.833	-784.704
38	59	0.833	-780.253
38	60	0.833	-785.792
38	61	0.833	-785.76
38	62	0.833	-784.065
38	63	0.833	-784.578
38	64	0.833	-781.436
38	65	0.833	-785.954
38	66	0.833	-784.161
38	67	0.833	-781.84
38	68	0.833	-785.302
38	69	0.833	-789.468
38	70	0.833	-784.692
38	71	0.833	-784.722
38	72	0.833	-786.007
38	73	0.833	-783.594
38	74	0.833	-788.283
38	75	0.833	-785.36
38	76	0.833	-788.42
38	77	0.833	-789.523
#SDC3 TDC layer 3
39	0	0.833	-782.987
39	1	0.833	-782.593
39	2	0.833	-784.743
39	3	0.833	-784.828
39	4	0.833	-783.217
39	5	0.833	-781.685
39	6	0.833	-781.825
39	7	0.833	-784.751
39	8	0.833	-788.177
39	9	0.833	-787.597
39	10	0.833	-794.061
39	11	0.833	-788.523
39	12	0.833	-786.416
39	13	0.833	-785.003
39	14	0.833	-788.351
39	15	0.833	-788.017
39	16	0.833	-788.44
39	17	0.833	-787.112
39	18	0.833	-790.728
39	19	0.833	-791.426
39	20	0.833	-789.877
39	21	0.833	-784.775
39	22	0.833	-787.094
39	23	0.833	-788.59
39	24	0.833	-787.514
39	25	0.833	-788.676
39	26	0.833	-790.994
39	27	0.833	-788.936
39	28	0.833	-787.852
39	29	0.833	-784.459
39	30	0.833	-784.729
39	31	0.833	-787.785
39	32	0.833	-788.057
39	33	0.833	-786.195
39	34	0.833	-786.996
39	35	0.833	-786.621
39	36	0.833	-783.12
39	37	0.833	-778.203
39	38	0.833	-781.481
39	39	0.833	-782.918
39	40	0.833	-781.529
39	41	0.833	-783.54
39	42	0.833	-782.153
39	43	0.833	-785.057
39	44	0.833	-779.906
39	45	0.833	-775.706
39	46	0.833	-781.476
39	47	0.833	-787.104
39	48	0.833	-783.624
39	49	0.833	-784.22
39	50	0.833	-785.359
39	51	0.833	-787.601
39	52	0.833	-785.015
39	53	0.833	-783.016
39	54	0.833	-784.502
39	55	0.833	-784.504
39	56	0.833	-785.087
39	57	0.833	-778.374
39	58	0.833	-780.851
39	59	0.833	-785.359
39	60	0.833	-778.887
39	61	0.833	-776.176
39	62	0.833	-776.859
39	63	0.833	-780.233
39	64	0.833	-785.359
39	65	0.833	-777.512
39	66	0.833	-779.315
39	67	0.833	-780.458
39	68	0.833	-779.47
39	69	0.833	-781.193
39	70	0.833	-780.56
39	71	0.833	-783.889
39	72	0.833	-783.078
39	73	0.833	-787.642
39	74	0.833	-787.841
39	75	0.833	-790.795
39	76	0.833	-790.375
39	77	0.833	-785.273
39	78	0.833	-785.84
39	79	0.833	-788.052
39	80	0.833	-788.739
39	81	0.833	-787.872
39	82	0.833	-789.6
39	83	0.833	-791.849
39	84	0.833	-790.08
39	85	0.833	-784.708
39	86	0.833	-784.567
39	87	0.833	-789.628
39	88	0.833	-784.087
39	89	0.833	-785.017
39	90	0.833	-786.662
39	91	0.833	-787.823
39	92	0.833	-786.141
39	93	0.833	-782.561
39	94	0.833	-785.176
39	95	0.833	-786.34
39	96	0.833	-782.884
39	97	0.833	-783.447
39	98	0.833	-787.754
39	99	0.833	-785.291
39	100	0.833	-789.57
39	101	0.833	-785.369
39	102	0.833	-785.464
39	103	0.833	-786.162
#SDC3 TDC layer 4
40	0	0.833	-784.39
40	1	0.833	-782.804
40	2	0.833	-787.119
40	3	0.833	-780.237
40	4	0.833	-776.906
40	5	0.833	-783.742
40	6	0.833	-781.522
40	7	0.833	-783.2
40	8	0.833	-787.913
40	9	0.833	-786.979
40	10	0.833	-788.996
40	11	0.833	-786.974
40	12	0.833	-784.52
40	13	0.833	-784.74
40	14	0.833	-783.201
40	15	0.833	-783.751
40	16	0.833	-787.109
40	17	0.833	-783.955
40	18	0.833	-789.591
40	19	0.833	-787.053
40	20	0.833	-785.612
40	21	0.833	-785.255
40	22	0.833	-787.313
40	23	0.833	-786.545
40	24	0.833	-786.202
40	25	0.833	-786.698
40	26	0.833	-786.211
40	27	0.833	-783.88
40	28	0.833	-781.953
40	29	0.833	-781.146
40	30	0.833	-782.876
40	31	0.833	-782.212
40	32	0.833	-782.8
40	33	0.833	-781.245
40	34	0.833	-784.865
40	35	0.833	-784.039
40	36	0.833	-777.53
40	37	0.833	-778.619
40	38	0.833	-779.367
40	39	0.833	-779.133
40	40	0.833	-775.58
40	41	0.833	-777.654
40	42	0.833	-778.243
40	43	0.833	-778.496
40	44	0.833	-773.038
40	45	0.833	-779.037
40	46	0.833	-778.8
40	47	0.833	-782.552
40	48	0.833	-782.808
40	49	0.833	-788.368
40	50	0.833	-789.269
40	51	0.833	-782.26
40	52	0.833	-779.501
40	53	0.833	-781.696
40	54	0.833	-782.113
40	55	0.833	-784.141
40	56	0.833	-781.773
40	57	0.833	-776.082
40	58	0.833	-776.462
40	59	0.833	-776.942
40	60	0.833	-773.12
40	61	0.833	-774.7
40	62	0.833	-774.331
40	63	0.833	-776.511
40	64	0.833	-772.98
40	65	0.833	-779.268
40	66	0.833	-777.407
40	67	0.833	-775.772
40	68	0.833	-774.144
40	69	0.833	-779.912
40	70	0.833	-777.276
40	71	0.833	-783.345
40	72	0.833	-785.82
40	73	0.833	-787.49
40	74	0.833	-785.799
40	75	0.833	-787.073
40	76	0.833	-784.007
40	77	0.833	-785.825
40	78	0.833	-786.172
40	79	0.833	-785.006
40	80	0.833	-784.615
40	81	0.833	-787.134
40	82	0.833	-790.601
40	83	0.833	-786.164
40	84	0.833	-783.101
40	85	0.833	-782.378
40	86	0.833	-775.697
40	87	0.833	-786.253
40	88	0.833	-783.001
40	89	0.833	-782.248
40	90	0.833	-785.325
40	91	0.833	-782.497
40	92	0.833	-780.807
40	93	0.833	-783.513
40	94	0.833	-782.996
40	95	0.833	-783.377
40	96	0.833	-782.731
40	97	0.833	-783.851
40	98	0.833	-785.165
40	99	0.833	-786.152
40	100	0.833	-780.161
40	101	0.833	-784.141
40	102	0.833	-779.991
40	103	0.833	-782.644
