##
#  file: DCTdcCalib_e70_20230526
#  date: 2021-05-26
#  note: first version
#        Changed WireId to 0-based
#
#
#######################################################################
# Id	WireId	p1	p0
1	0	0.833	-779.151
1	1	0.833	-781.002
1	2	0.833	-781.002
1	3	0.833	-772.948
1	4	0.833	-774.796
1	5	0.833	-773.737
1	6	0.833	-775.047
1	7	0.833	-776.668
1	8	0.833	-773.721
1	9	0.833	-775.795
1	10	0.833	-776.134
1	11	0.833	-779.151
1	12	0.833	-774.161
1	13	0.833	-776.177
1	14	0.833	-776.16
1	15	0.833	-774.417
1	16	0.833	-778.43
1	17	0.833	-778.611
1	18	0.833	-779.652
1	19	0.833	-779.13
1	20	0.833	-780.136
1	21	0.833	-779.037
1	22	0.833	-779.587
1	23	0.833	-779.039
1	24	0.833	-779.405
1	25	0.833	-780.903
1	26	0.833	-780.85
1	27	0.833	-781.671
1	28	0.833	-780.143
1	29	0.833	-780.405
1	30	0.833	-781.307
1	31	0.833	-780.677
1	32	0.833	-781.726
1	33	0.833	-781.522
1	34	0.833	-782.13
1	35	0.833	-781.593
1	36	0.833	-781.196
1	37	0.833	-780.753
1	38	0.833	-781.139
1	39	0.833	-781.388
1	40	0.833	-780.341
1	41	0.833	-779.929
1	42	0.833	-780.723
1	43	0.833	-779.887
1	44	0.833	-780.734
1	45	0.833	-780.137
1	46	0.833	-780.786
1	47	0.833	-780.015
1	48	0.833	-779.383
1	49	0.833	-779.289
1	50	0.833	-779.913
1	51	0.833	-779.24
1	52	0.833	-779.344
1	53	0.833	-777.941
1	54	0.833	-778.941
1	55	0.833	-779.036
1	56	0.833	-777.364
1	57	0.833	-780.796
1	58	0.833	-780.812
1	59	0.833	-781.363
1	60	0.833	-781.462
1	61	0.833	-780.991
1	62	0.833	-762.948
1	63	0.833	-780.156
1	64	0.833	-776.687
1	65	0.833	-776.442
1	66	0.833	-776.082
1	67	0.833	-775.422
1	68	0.833	-775.935
1	69	0.833	-775.179
1	70	0.833	-776.263
1	71	0.833	-777.095
1	72	0.833	-775.666
1	73	0.833	-777.177
1	74	0.833	-778.364
1	75	0.833	-776.676
1	76	0.833	-777.019
1	77	0.833	-777.086
1	78	0.833	-776.92
1	79	0.833	-775.52
1	80	0.833	-779.98
1	81	0.833	-779.67
1	82	0.833	-780.582
1	83	0.833	-780.217
1	84	0.833	-780.899
1	85	0.833	-779.971
1	86	0.833	-780.792
1	87	0.833	-780.057
1	88	0.833	-780.668
1	89	0.833	-782.223
1	90	0.833	-781.909
1	91	0.833	-781.888
1	92	0.833	-781.023
1	93	0.833	-781.016
1	94	0.833	-781.504
1	95	0.833	-780.848
1	96	0.833	-778.526
1	97	0.833	-778.43
1	98	0.833	-779.188
1	99	0.833	-778.345
1	100	0.833	-778.914
1	101	0.833	-778.366
1	102	0.833	-778.424
1	103	0.833	-778.827
1	104	0.833	-779.462
1	105	0.833	-780.567
1	106	0.833	-780.647
1	107	0.833	-780.27
1	108	0.833	-780.744
1	109	0.833	-780.002
1	110	0.833	-780.354
1	111	0.833	-779.454
#SDC0 TDC layer 1
2	0	0.833	-778.597
2	1	0.833	-778.717
2	2	0.833	-778.592
2	3	0.833	-778.411
2	4	0.833	-779.085
2	5	0.833	-777.853
2	6	0.833	-778.084
2	7	0.833	-775.623
2	8	0.833	-776.402
2	9	0.833	-778.626
2	10	0.833	-776.248
2	11	0.833	-777.064
2	12	0.833	-776.955
2	13	0.833	-777.045
2	14	0.833	-776.23
2	15	0.833	-776.475
2	16	0.833	-779.468
2	17	0.833	-779.893
2	18	0.833	-779.37
2	19	0.833	-779.521
2	20	0.833	-779.095
2	21	0.833	-778.724
2	22	0.833	-779.612
2	23	0.833	-778.578
2	24	0.833	-777.467
2	25	0.833	-778.26
2	26	0.833	-777.954
2	27	0.833	-777.568
2	28	0.833	-777.949
2	29	0.833	-778.438
2	30	0.833	-777.94
2	31	0.833	-778.082
2	32	0.833	-781.719
2	33	0.833	-781.664
2	34	0.833	-775.449
2	35	0.833	-780.612
2	36	0.833	-781.484
2	37	0.833	-780.578
2	38	0.833	-781.766
2	39	0.833	-779.868
2	40	0.833	-780.01
2	41	0.833	-780.724
2	42	0.833	-779.871
2	43	0.833	-781.025
2	44	0.833	-780.125
2	45	0.833	-780.413
2	46	0.833	-780.148
2	47	0.833	-779.821
2	48	0.833	-776.435
2	49	0.833	-778.132
2	50	0.833	-777.197
2	51	0.833	-774.912
2	52	0.833	-773.68
2	53	0.833	-774.716
2	54	0.833	-772.415
2	55	0.833	-774.247
2	56	0.833	-776.906
2	57	0.833	-777.028
2	58	0.833	-776.83
2	59	0.833	-776.459
2	60	0.833	-775.494
2	61	0.833	-776.948
2	62	0.833	-776.291
2	63	0.833	-776.195
2	64	0.833	-780.49
2	65	0.833	-780.271
2	66	0.833	-780.633
2	67	0.833	-780.616
2	68	0.833	-781.156
2	69	0.833	-779.908
2	70	0.833	-779.191
2	71	0.833	-776.757
2	72	0.833	-778.535
2	73	0.833	-778.456
2	74	0.833	-777.872
2	75	0.833	-778.435
2	76	0.833	-778.257
2	77	0.833	-778.59
2	78	0.833	-778.072
2	79	0.833	-778.114
2	80	0.833	-779.459
2	81	0.833	-780.725
2	82	0.833	-780.306
2	83	0.833	-781.215
2	84	0.833	-779.718
2	85	0.833	-779.808
2	86	0.833	-779.387
2	87	0.833	-778.094
2	88	0.833	-777.866
2	89	0.833	-778.544
2	90	0.833	-778.541
2	91	0.833	-780.137
2	92	0.833	-777.824
2	93	0.833	-778.617
2	94	0.833	-777.467
2	95	0.833	-778.546
2	96	0.833	-779.888
2	97	0.833	-780.75
2	98	0.833	-780.559
2	99	0.833	-781.082
2	100	0.833	-780.685
2	101	0.833	-780.978
2	102	0.833	-781.848
2	103	0.833	-780.578
2	104	0.833	-779.768
2	105	0.833	-780.509
2	106	0.833	-779.929
2	107	0.833	-781.111
2	108	0.833	-779.544
2	109	0.833	-779.459
2	110	0.833	-779.333
2	111	0.833	-780.011
#SDC0 TDC layer 2
3	0	0.833	-778.135
3	1	0.833	-758.49
3	2	0.833	-778.135
3	3	0.833	-778.125
3	4	0.833	-776.523
3	5	0.833	-778.09
3	6	0.833	-777.69
3	7	0.833	-776.63
3	8	0.833	-775.499
3	9	0.833	-775.336
3	10	0.833	-775.938
3	11	0.833	-776.457
3	12	0.833	-776.045
3	13	0.833	-775.712
3	14	0.833	-776.433
3	15	0.833	-776.074
3	16	0.833	-780.921
3	17	0.833	-780.212
3	18	0.833	-779.471
3	19	0.833	-780.793
3	20	0.833	-780.128
3	21	0.833	-780.541
3	22	0.833	-780.495
3	23	0.833	-779.069
3	24	0.833	-778.586
3	25	0.833	-779.052
3	26	0.833	-778.896
3	27	0.833	-779.122
3	28	0.833	-778.929
3	29	0.833	-778.962
3	30	0.833	-778.462
3	31	0.833	-777.491
3	32	0.833	-780.569
3	33	0.833	-780.614
3	34	0.833	-780.192
3	35	0.833	-780.276
3	36	0.833	-779.458
3	37	0.833	-781.034
3	38	0.833	-782.407
3	39	0.833	-780.983
3	40	0.833	-779.683
3	41	0.833	-780.596
3	42	0.833	-780.188
3	43	0.833	-779.968
3	44	0.833	-780.369
3	45	0.833	-779.904
3	46	0.833	-779.232
3	47	0.833	-779.183
3	48	0.833	-780.909
3	49	0.833	-779.992
3	50	0.833	-779.75
3	51	0.833	-780.886
3	52	0.833	-777.595
3	53	0.833	-777.267
3	54	0.833	-777.033
3	55	0.833	-774.927
3	56	0.833	-771.596
3	57	0.833	-777.513
3	58	0.833	-777.744
3	59	0.833	-777.977
3	60	0.833	-779.705
3	61	0.833	-779.778
3	62	0.833	-778.738
3	63	0.833	-778.135
3	64	0.833	-778.189
3	65	0.833	-777.583
3	66	0.833	-777.316
3	67	0.833	-778.329
3	68	0.833	-777.264
3	69	0.833	-778.089
3	70	0.833	-777.033
3	71	0.833	-776.39
3	72	0.833	-777.115
3	73	0.833	-776.205
3	74	0.833	-776.052
3	75	0.833	-776.849
3	76	0.833	-781.002
3	77	0.833	-775.867
3	78	0.833	-776.459
3	79	0.833	-775.724
3	80	0.833	-781.595
3	81	0.833	-781.125
3	82	0.833	-780.589
3	83	0.833	-781.052
3	84	0.833	-779.96
3	85	0.833	-780.915
3	86	0.833	-780.512
3	87	0.833	-780.164
3	88	0.833	-779.938
3	89	0.833	-780.563
3	90	0.833	-779.858
3	91	0.833	-779.671
3	92	0.833	-780.463
3	93	0.833	-780.434
3	94	0.833	-780.504
3	95	0.833	-780.988
3	96	0.833	-779.906
3	97	0.833	-779.49
3	98	0.833	-780.151
3	99	0.833	-780.126
3	100	0.833	-779.574
3	101	0.833	-780.405
3	102	0.833	-780.587
3	103	0.833	-779.38
3	104	0.833	-779.877
3	105	0.833	-781.111
3	106	0.833	-780.698
3	107	0.833	-780.363
3	108	0.833	-779.009
3	109	0.833	-779.837
3	110	0.833	-778.759
3	111	0.833	-778.996
#SDC0 TDC layer 3
4	0	0.833	-777.021
4	1	0.833	-775.803
4	2	0.833	-777.209
4	3	0.833	-777.635
4	4	0.833	-778.184
4	5	0.833	-778.121
4	6	0.833	-776.652
4	7	0.833	-776.375
4	8	0.833	-778.182
4	9	0.833	-779.252
4	10	0.833	-778.638
4	11	0.833	-776.703
4	12	0.833	-779.791
4	13	0.833	-779.256
4	14	0.833	-778.513
4	15	0.833	-777.284
4	16	0.833	-778.957
4	17	0.833	-778.553
4	18	0.833	-778.225
4	19	0.833	-779.045
4	20	0.833	-779.055
4	21	0.833	-778.166
4	22	0.833	-779.715
4	23	0.833	-779.185
4	24	0.833	-778.897
4	25	0.833	-777.284
4	26	0.833	-779.906
4	27	0.833	-779.684
4	28	0.833	-779.712
4	29	0.833	-777.574
4	30	0.833	-767.146
4	31	0.833	-777.284
4	32	0.833	-779.529
4	33	0.833	-779.595
4	34	0.833	-779.971
4	35	0.833	-779.388
4	36	0.833	-778.897
4	37	0.833	-778.916
4	38	0.833	-779.551
4	39	0.833	-779.012
4	40	0.833	-779.514
4	41	0.833	-780.354
4	42	0.833	-780.187
4	43	0.833	-779.892
4	44	0.833	-779.728
4	45	0.833	-779.398
4	46	0.833	-779.821
4	47	0.833	-780.694
4	48	0.833	-777.284
4	49	0.833	-774.801
4	50	0.833	-773.357
4	51	0.833	-777.284
4	52	0.833	-771.39
4	53	0.833	-771.993
4	54	0.833	-777.284
4	55	0.833	-774.04
4	56	0.833	-777.393
4	57	0.833	-779.361
4	58	0.833	-778.814
4	59	0.833	-778.414
4	60	0.833	-778.367
4	61	0.833	-777.309
4	62	0.833	-776.806
4	63	0.833	-777.652
4	64	0.833	-775.663
4	65	0.833	-770.942
4	66	0.833	-771.157
4	67	0.833	-777.076
4	68	0.833	-777.573
4	69	0.833	-777.704
4	70	0.833	-775.595
4	71	0.833	-776.075
4	72	0.833	-777.982
4	73	0.833	-778.229
4	74	0.833	-778.221
4	75	0.833	-778.096
4	76	0.833	-779.248
4	77	0.833	-778.567
4	78	0.833	-779.709
4	79	0.833	-779.141
4	80	0.833	-778.337
4	81	0.833	-778.262
4	82	0.833	-779.378
4	83	0.833	-779.127
4	84	0.833	-778.203
4	85	0.833	-778.42
4	86	0.833	-777.781
4	87	0.833	-777.555
4	88	0.833	-778.914
4	89	0.833	-780.286
4	90	0.833	-779.561
4	91	0.833	-780.231
4	92	0.833	-778.433
4	93	0.833	-778.393
4	94	0.833	-776.718
4	95	0.833	-777.284
4	96	0.833	-777.293
4	97	0.833	-777.743
4	98	0.833	-778.609
4	99	0.833	-778.102
4	100	0.833	-778.6
4	101	0.833	-778.624
4	102	0.833	-779.053
4	103	0.833	-778.787
4	104	0.833	-778.635
4	105	0.833	-780.291
4	106	0.833	-780.52
4	107	0.833	-779.746
4	108	0.833	-780.396
4	109	0.833	-779.004
4	110	0.833	-781.069
4	111	0.833	-780.194
#SDC1 TDC layer 0
5	0	0.833	-804.347
5	1	0.833	-815.727
5	2	0.833	-819.6
5	3	0.833	-817.088
5	4	0.833	-820.511
5	5	0.833	-819.515
5	6	0.833	-826.111
5	7	0.833	-824.378
5	8	0.833	-824.091
5	9	0.833	-822.121
5	10	0.833	-822.163
5	11	0.833	-819.773
5	12	0.833	-821.685
5	13	0.833	-820.057
5	14	0.833	-816.289
5	15	0.833	-817.732
5	16	0.833	-818.807
5	17	0.833	-818.422
5	18	0.833	-817.115
5	19	0.833	-815.95
5	20	0.833	-819.718
5	21	0.833	-820.701
5	22	0.833	-803.594
5	23	0.833	-807.898
5	24	0.833	-816.968
5	25	0.833	-820.638
5	26	0.833	-820.486
5	27	0.833	-817.835
5	28	0.833	-818.116
5	29	0.833	-814.542
5	30	0.833	-816.891
5	31	0.833	-816.18
5	32	0.833	-813.486
5	33	0.833	-813.887
5	34	0.833	-814.554
5	35	0.833	-813.374
5	36	0.833	-818.657
5	37	0.833	-821.742
5	38	0.833	-824.417
5	39	0.833	-824.274
5	40	0.833	-824.407
5	41	0.833	-821.493
5	42	0.833	-821.296
5	43	0.833	-820.874
5	44	0.833	-821.9
5	45	0.833	-815.18
5	46	0.833	-816.917
5	47	0.833	-802.987
#SDC1 TDC layer 1
6	0	0.833	-803.883
6	1	0.833	-816.212
6	2	0.833	-817.74
6	3	0.833	-822.227
6	4	0.833	-821.933
6	5	0.833	-822.663
6	6	0.833	-822.355
6	7	0.833	-825.311
6	8	0.833	-826
6	9	0.833	-824.743
6	10	0.833	-821.587
6	11	0.833	-820.728
6	12	0.833	-817.97
6	13	0.833	-818.741
6	14	0.833	-818.933
6	15	0.833	-817.379
6	16	0.833	-821.03
6	17	0.833	-820.97
6	18	0.833	-820.283
6	19	0.833	-822.151
6	20	0.833	-818.52
6	21	0.833	-822.418
6	22	0.833	-806.564
6	23	0.833	-820.4
6	24	0.833	-819.475
6	25	0.833	-820.4
6	26	0.833	-820.4
6	27	0.833	-820.454
6	28	0.833	-820.322
6	29	0.833	-819.251
6	30	0.833	-820.671
6	31	0.833	-821.489
6	32	0.833	-816.33
6	33	0.833	-817.802
6	34	0.833	-816.108
6	35	0.833	-822.302
6	36	0.833	-820.182
6	37	0.833	-820.257
6	38	0.833	-821.982
6	39	0.833	-830.148
6	40	0.833	-824.248
6	41	0.833	-824.989
6	42	0.833	-821.692
6	43	0.833	-822.092
6	44	0.833	-817.302
6	45	0.833	-817.46
6	46	0.833	-815.94
6	47	0.833	-803.354
#SDC1 TDC layer 2
7	0	0.833	-810.217
7	1	0.833	-820.981
7	2	0.833	-820.307
7	3	0.833	-826.136
7	4	0.833	-824.347
7	5	0.833	-821.46
7	6	0.833	-816.907
7	7	0.833	-816.46
7	8	0.833	-811.83
7	9	0.833	-813.905
7	10	0.833	-815.535
7	11	0.833	-818.353
7	12	0.833	-817.021
7	13	0.833	-812.89
7	14	0.833	-810.323
7	15	0.833	-809.678
7	16	0.833	-808.796
7	17	0.833	-813.164
7	18	0.833	-811.292
7	19	0.833	-813.335
7	20	0.833	-817.752
7	21	0.833	-810.928
7	22	0.833	-804.798
7	23	0.833	-798.135
7	24	0.833	-804.635
7	25	0.833	-812.745
7	26	0.833	-816.173
7	27	0.833	-814.619
7	28	0.833	-817.204
7	29	0.833	-813.545
7	30	0.833	-810.971
7	31	0.833	-812.029
7	32	0.833	-811.893
7	33	0.833	-816.235
7	34	0.833	-816.421
7	35	0.833	-817.934
7	36	0.833	-817.19
7	37	0.833	-814.91
7	38	0.833	-811.873
7	39	0.833	-811.234
7	40	0.833	-813.206
7	41	0.833	-817.877
7	42	0.833	-820.256
7	43	0.833	-821.114
7	44	0.833	-819.365
7	45	0.833	-817.505
7	46	0.833	-809.58
7	47	0.833	-797.33
#SDC1 TDC layer 3
8	0	0.833	-801.573
8	1	0.833	-815.433
8	2	0.833	-822.68
8	3	0.833	-822.872
8	4	0.833	-825.44
8	5	0.833	-823.865
8	6	0.833	-816.951
8	7	0.833	-808.737
8	8	0.833	-810.157
8	9	0.833	-811.833
8	10	0.833	-816.998
8	11	0.833	-812.427
8	12	0.833	-817.129
8	13	0.833	-817.522
8	14	0.833	-808.586
8	15	0.833	-810.082
8	16	0.833	-807.858
8	17	0.833	-808.976
8	18	0.833	-812.237
8	19	0.833	-811.59
8	20	0.833	-814.051
8	21	0.833	-813.541
8	22	0.833	-803.42
8	23	0.833	-799.381
8	24	0.833	-793.223
8	25	0.833	-804.432
8	26	0.833	-811.061
8	27	0.833	-810.783
8	28	0.833	-815.108
8	29	0.833	-813.764
8	30	0.833	-811.807
8	31	0.833	-811.522
8	32	0.833	-811.492
8	33	0.833	-810.481
8	34	0.833	-815.656
8	35	0.833	-813.443
8	36	0.833	-818.011
8	37	0.833	-813.136
8	38	0.833	-811.707
8	39	0.833	-811.906
8	40	0.833	-814.645
8	41	0.833	-814.227
8	42	0.833	-818.644
8	43	0.833	-818.599
8	44	0.833	-819.334
8	45	0.833	-815.227
8	46	0.833	-810.918
8	47	0.833	-802.14
#SDC1 TDC layer 4
9	0	0.833	-815.111
9	1	0.833	-810.814
9	2	0.833	-817.923
9	3	0.833	-819.14
9	4	0.833	-819.018
9	5	0.833	-817.822
9	6	0.833	-818.347
9	7	0.833	-814.39
9	8	0.833	-815.997
9	9	0.833	-813.056
9	10	0.833	-817.541
9	11	0.833	-822.19
9	12	0.833	-820.008
9	13	0.833	-820.269
9	14	0.833	-820.692
9	15	0.833	-814.17
9	16	0.833	-815.554
9	17	0.833	-813.448
9	18	0.833	-816.344
9	19	0.833	-819.676
9	20	0.833	-816.219
9	21	0.833	-816.499
9	22	0.833	-802.345
9	23	0.833	-815.111
9	24	0.833	-802.692
9	25	0.833	-810.394
9	26	0.833	-815.042
9	27	0.833	-818.389
9	28	0.833	-819.43
9	29	0.833	-817.138
9	30	0.833	-821.414
9	31	0.833	-814.112
9	32	0.833	-814.047
9	33	0.833	-813.762
9	34	0.833	-817.292
9	35	0.833	-820.543
9	36	0.833	-822.463
9	37	0.833	-816.984
9	38	0.833	-817.962
9	39	0.833	-814.863
9	40	0.833	-814.841
9	41	0.833	-816.186
9	42	0.833	-818.607
9	43	0.833	-820.824
9	44	0.833	-822.662
9	45	0.833	-819.7
9	46	0.833	-819.884
9	47	0.833	-807.644
#SDC1 TDC layer 5
10	0	0.833	-802.613
10	1	0.833	-810.004
10	2	0.833	-814.273
10	3	0.833	-820.128
10	4	0.833	-816.907
10	5	0.833	-818.304
10	6	0.833	-812.915
10	7	0.833	-814.21
10	8	0.833	-812.001
10	9	0.833	-815.995
10	10	0.833	-814.597
10	11	0.833	-818.497
10	12	0.833	-817.271
10	13	0.833	-817.207
10	14	0.833	-813.127
10	15	0.833	-811.159
10	16	0.833	-814.386
10	17	0.833	-811.165
10	18	0.833	-814.853
10	19	0.833	-818.41
10	20	0.833	-818.659
10	21	0.833	-809.976
10	22	0.833	-797.335
10	23	0.833	-794.301
10	24	0.833	-804.746
10	25	0.833	-809.997
10	26	0.833	-813.226
10	27	0.833	-817.411
10	28	0.833	-815.741
10	29	0.833	-816.224
10	30	0.833	-812.031
10	31	0.833	-812.9
10	32	0.833	-812.689
10	33	0.833	-812.23
10	34	0.833	-816.405
10	35	0.833	-811.714
10	36	0.833	-817.386
10	37	0.833	-816.116
10	38	0.833	-812.894
10	39	0.833	-812.214
10	40	0.833	-812.278
10	41	0.833	-813.065
10	42	0.833	-815.106
10	43	0.833	-820.071
10	44	0.833	-818.544
10	45	0.833	-819.109
10	46	0.833	-812.001
10	47	0.833	-811.714
#SDC2 TDC layer 0
31	0	0.833	-803.53
31	1	0.833	-804.724
31	2	0.833	-805.551
31	3	0.833	-801.261
31	4	0.833	-803.363
31	5	0.833	-801.524
31	6	0.833	-804.567
31	7	0.833	-809.51
31	8	0.833	-809.081
31	9	0.833	-807.406
31	10	0.833	-808.033
31	11	0.833	-807.604
31	12	0.833	-803.78
31	13	0.833	-805.497
31	14	0.833	-801.109
31	15	0.833	-804.694
31	16	0.833	-802.01
31	17	0.833	-804.384
31	18	0.833	-798.84
31	19	0.833	-798.779
31	20	0.833	-799.077
31	21	0.833	-798.813
31	22	0.833	-797.572
31	23	0.833	-801.751
31	24	0.833	-802.402
31	25	0.833	-801.038
31	26	0.833	-806.871
31	27	0.833	-806.134
31	28	0.833	-800.806
31	29	0.833	-797.98
31	30	0.833	-798.632
31	31	0.833	-796.887
31	32	0.833	-798.873
31	33	0.833	-800.2
31	34	0.833	-798.446
31	35	0.833	-798.819
31	36	0.833	-798.495
31	37	0.833	-798.295
31	38	0.833	-796.985
31	39	0.833	-798.687
31	40	0.833	-802.588
31	41	0.833	-799.947
31	42	0.833	-801.008
31	43	0.833	-802.186
31	44	0.833	-795.238
31	45	0.833	-798.981
31	46	0.833	-798.523
31	47	0.833	-798.876
31	48	0.833	-801.862
31	49	0.833	-804.871
31	50	0.833	-801.841
31	51	0.833	-799.957
31	52	0.833	-800.66
31	53	0.833	-799.788
31	54	0.833	-796.763
31	55	0.833	-802.473
31	56	0.833	-802.963
31	57	0.833	-803.742
31	58	0.833	-803.683
31	59	0.833	-805.947
31	60	0.833	-801.375
31	61	0.833	-802.349
31	62	0.833	-801.874
31	63	0.833	-799.081
31	64	0.833	-800.497
31	65	0.833	-804.389
31	66	0.833	-800.658
31	67	0.833	-800.981
31	68	0.833	-800.096
31	69	0.833	-802.122
31	70	0.833	-798.459
31	71	0.833	-802.665
31	72	0.833	-805.153
31	73	0.833	-802.061
31	74	0.833	-804.282
31	75	0.833	-803.994
31	76	0.833	-803.975
31	77	0.833	-801.866
31	78	0.833	-801.558
#SDC2 TDC layer 1
32	0	0.833	-809.412
32	1	0.833	-807.427
32	2	0.833	-803.68
32	3	0.833	-808.471
32	4	0.833	-807.099
32	5	0.833	-806.889
32	6	0.833	-806.18
32	7	0.833	-808.372
32	8	0.833	-807.998
32	9	0.833	-802.697
32	10	0.833	-803.382
32	11	0.833	-810.136
32	12	0.833	-810.486
32	13	0.833	-809.704
32	14	0.833	-807.015
32	15	0.833	-806.152
32	16	0.833	-808.129
32	17	0.833	-805.934
32	18	0.833	-804.303
32	19	0.833	-810.097
32	20	0.833	-807.151
32	21	0.833	-811.301
32	22	0.833	-806.702
32	23	0.833	-806.34
32	24	0.833	-803.969
32	25	0.833	-800.674
32	26	0.833	-799.977
32	27	0.833	-805.555
32	28	0.833	-804.08
32	29	0.833	-803.637
32	30	0.833	-802.122
32	31	0.833	-801.715
32	32	0.833	-803.771
32	33	0.833	-802.081
32	34	0.833	-802.331
32	35	0.833	-805.041
32	36	0.833	-808.141
32	37	0.833	-806.114
32	38	0.833	-804.554
32	39	0.833	-802.811
32	40	0.833	-807.783
32	41	0.833	-803.876
32	42	0.833	-804.064
32	43	0.833	-805.326
32	44	0.833	-807.385
32	45	0.833	-810.574
32	46	0.833	-807.37
32	47	0.833	-806.305
32	48	0.833	-807.056
32	49	0.833	-805.002
32	50	0.833	-801.485
32	51	0.833	-805.954
32	52	0.833	-807.784
32	53	0.833	-811.119
32	54	0.833	-806.674
32	55	0.833	-806.563
32	56	0.833	-807.171
32	57	0.833	-808.826
32	58	0.833	-803.781
32	59	0.833	-810.759
32	60	0.833	-811.523
32	61	0.833	-810.225
32	62	0.833	-807.895
32	63	0.833	-806.791
32	64	0.833	-807.883
32	65	0.833	-805.764
32	66	0.833	-807.033
32	67	0.833	-810.755
32	68	0.833	-808.55
32	69	0.833	-810.596
32	70	0.833	-808.365
32	71	0.833	-804.976
32	72	0.833	-805.759
32	73	0.833	-805.7
32	74	0.833	-803.543
32	75	0.833	-806.952
32	76	0.833	-809.938
32	77	0.833	-812.646
#SDC2 TDC layer 2
33	0	0.833	-812.569
33	1	0.833	-805.209
33	2	0.833	-804.807
33	3	0.833	-804.555
33	4	0.833	-811.58
33	5	0.833	-809.144
33	6	0.833	-806.146
33	7	0.833	-806.116
33	8	0.833	-806.648
33	9	0.833	-807.828
33	10	0.833	-805.598
33	11	0.833	-805.997
33	12	0.833	-809.052
33	13	0.833	-811.032
33	14	0.833	-807.527
33	15	0.833	-808.801
33	16	0.833	-806.074
33	17	0.833	-803.83
33	18	0.833	-804.956
33	19	0.833	-805.681
33	20	0.833	-807.127
33	21	0.833	-808.944
33	22	0.833	-807.917
33	23	0.833	-807.094
33	24	0.833	-802.284
33	25	0.833	-800.562
33	26	0.833	-803.128
33	27	0.833	-799.246
33	28	0.833	-804.299
33	29	0.833	-807.861
33	30	0.833	-803.75
33	31	0.833	-801.882
33	32	0.833	-801.112
33	33	0.833	-800.893
33	34	0.833	-803.255
33	35	0.833	-802.694
33	36	0.833	-805.743
33	37	0.833	-804.68
33	38	0.833	-801.175
33	39	0.833	-804.944
33	40	0.833	-807.069
33	41	0.833	-804.543
33	42	0.833	-805.561
33	43	0.833	-805.02
33	44	0.833	-803.516
33	45	0.833	-806.132
33	46	0.833	-805.379
33	47	0.833	-805.698
33	48	0.833	-808.637
33	49	0.833	-802.266
33	50	0.833	-807.205
33	51	0.833	-804.587
33	52	0.833	-806.727
33	53	0.833	-810.302
33	54	0.833	-806.176
33	55	0.833	-805.917
33	56	0.833	-807.527
33	57	0.833	-804.956
33	58	0.833	-805.699
33	59	0.833	-803.198
33	60	0.833	-808.262
33	61	0.833	-808.444
33	62	0.833	-804.845
33	63	0.833	-808.258
33	64	0.833	-805.629
33	65	0.833	-805.835
33	66	0.833	-805.932
33	67	0.833	-808.14
33	68	0.833	-811.918
33	69	0.833	-813.034
33	70	0.833	-805.931
33	71	0.833	-807.348
33	72	0.833	-806.988
33	73	0.833	-805.821
33	74	0.833	-806.949
33	75	0.833	-803.244
33	76	0.833	-811.094
33	77	0.833	-811.891
#SDC2 TDC layer 3
34	0	0.833	-807.257
34	1	0.833	-807.257
34	2	0.833	-808.463
34	3	0.833	-810.276
34	4	0.833	-812.569
34	5	0.833	-806.65
34	6	0.833	-806.488
34	7	0.833	-806.358
34	8	0.833	-804.87
34	9	0.833	-807.527
34	10	0.833	-810.123
34	11	0.833	-806.981
34	12	0.833	-805.468
34	13	0.833	-802.539
34	14	0.833	-804.435
34	15	0.833	-806.284
34	16	0.833	-804.969
34	17	0.833	-809.867
34	18	0.833	-809.267
34	19	0.833	-810.091
34	20	0.833	-805.792
34	21	0.833	-803.046
34	22	0.833	-805.915
34	23	0.833	-811.73
34	24	0.833	-804.355
34	25	0.833	-804.059
34	26	0.833	-804.981
34	27	0.833	-808.518
34	28	0.833	-804.481
34	29	0.833	-802.294
34	30	0.833	-804.067
34	31	0.833	-802.739
34	32	0.833	-804.465
34	33	0.833	-803.704
34	34	0.833	-807.598
34	35	0.833	-805.218
34	36	0.833	-807.06
34	37	0.833	-801.657
34	38	0.833	-803.721
34	39	0.833	-805.055
34	40	0.833	-812.277
34	41	0.833	-809.778
34	42	0.833	-813.014
34	43	0.833	-813.308
34	44	0.833	-808.893
34	45	0.833	-806.513
34	46	0.833	-804.458
34	47	0.833	-807.952
34	48	0.833	-811.718
34	49	0.833	-809.716
34	50	0.833	-809.56
34	51	0.833	-814.249
34	52	0.833	-811.415
34	53	0.833	-807.145
34	54	0.833	-807.501
34	55	0.833	-809.96
34	56	0.833	-806.835
34	57	0.833	-807.311
34	58	0.833	-807.557
34	59	0.833	-806.974
34	60	0.833	-808.039
34	61	0.833	-802.604
34	62	0.833	-805.699
34	63	0.833	-806.703
34	64	0.833	-807.331
34	65	0.833	-809.305
34	66	0.833	-810.172
34	67	0.833	-810.485
34	68	0.833	-809.294
34	69	0.833	-805.201
34	70	0.833	-806.336
34	71	0.833	-807.674
34	72	0.833	-805.835
34	73	0.833	-805.049
34	74	0.833	-808.471
34	75	0.833	-807.219
34	76	0.833	-805.17
34	77	0.833	-803.056
34	78	0.833	-802.255
34	79	0.833	-805.712
34	80	0.833	-806.952
34	81	0.833	-807.071
34	82	0.833	-809.772
34	83	0.833	-809.212
34	84	0.833	-807.25
34	85	0.833	-804.755
34	86	0.833	-803.36
34	87	0.833	-807.215
34	88	0.833	-801.894
34	89	0.833	-804.876
34	90	0.833	-807.511
34	91	0.833	-808.234
34	92	0.833	-806.495
34	93	0.833	-802.33
34	94	0.833	-800.977
34	95	0.833	-804.514
34	96	0.833	-803.244
34	97	0.833	-805.291
34	98	0.833	-808.401
34	99	0.833	-807.133
34	100	0.833	-804.607
34	101	0.833	-804.373
34	102	0.833	-803.261
34	103	0.833	-803.191
#SDC2 TDC layer 4
35	0	0.833	-804.986
35	1	0.833	-809.576
35	2	0.833	-808.896
35	3	0.833	-807.368
35	4	0.833	-808.839
35	5	0.833	-806.546
35	6	0.833	-806.059
35	7	0.833	-809.198
35	8	0.833	-802.261
35	9	0.833	-804.058
35	10	0.833	-808.267
35	11	0.833	-805.469
35	12	0.833	-804.302
35	13	0.833	-802.767
35	14	0.833	-802.044
35	15	0.833	-808.777
35	16	0.833	-804.748
35	17	0.833	-805.337
35	18	0.833	-808.725
35	19	0.833	-805.972
35	20	0.833	-802.285
35	21	0.833	-804.937
35	22	0.833	-803.593
35	23	0.833	-804.439
35	24	0.833	-802.181
35	25	0.833	-798.685
35	26	0.833	-804.236
35	27	0.833	-805.843
35	28	0.833	-800.593
35	29	0.833	-799.955
35	30	0.833	-798.642
35	31	0.833	-802.011
35	32	0.833	-802.679
35	33	0.833	-803.263
35	34	0.833	-804.672
35	35	0.833	-802.85
35	36	0.833	-800.217
35	37	0.833	-803.873
35	38	0.833	-800.324
35	39	0.833	-802.02
35	40	0.833	-806.081
35	41	0.833	-806.892
35	42	0.833	-809.978
35	43	0.833	-806.788
35	44	0.833	-804.49
35	45	0.833	-803.242
35	46	0.833	-805.791
35	47	0.833	-808.289
35	48	0.833	-807.024
35	49	0.833	-808.052
35	50	0.833	-810.909
35	51	0.833	-807.426
35	52	0.833	-803.168
35	53	0.833	-802.828
35	54	0.833	-806.085
35	55	0.833	-809.787
35	56	0.833	-808.496
35	57	0.833	-809.579
35	58	0.833	-805.509
35	59	0.833	-806.41
35	60	0.833	-800.897
35	61	0.833	-802.333
35	62	0.833	-804.764
35	63	0.833	-805.13
35	64	0.833	-808.914
35	65	0.833	-806.41
35	66	0.833	-808.629
35	67	0.833	-807.16
35	68	0.833	-805.404
35	69	0.833	-807.748
35	70	0.833	-805.296
35	71	0.833	-809.552
35	72	0.833	-802.274
35	73	0.833	-803.013
35	74	0.833	-806.492
35	75	0.833	-803.036
35	76	0.833	-799.908
35	77	0.833	-803.229
35	78	0.833	-800.096
35	79	0.833	-805.996
35	80	0.833	-805.257
35	81	0.833	-803.961
35	82	0.833	-806.885
35	83	0.833	-807.59
35	84	0.833	-800.902
35	85	0.833	-805.25
35	86	0.833	-801.647
35	87	0.833	-803.006
35	88	0.833	-803.192
35	89	0.833	-800.584
35	90	0.833	-805.898
35	91	0.833	-807.191
35	92	0.833	-799.559
35	93	0.833	-801.481
35	94	0.833	-801.981
35	95	0.833	-804.986
35	96	0.833	-802.638
35	97	0.833	-805.477
35	98	0.833	-808.447
35	99	0.833	-801.144
35	100	0.833	-800.289
35	101	0.833	-800.27
35	102	0.833	-804.72
35	103	0.833	-804.093
#SDC3 TDC layer 0
36	0	0.833	-810.458
36	1	0.833	-807.241
36	2	0.833	-805.845
36	3	0.833	-805.412
36	4	0.833	-808.265
36	5	0.833	-804.702
36	6	0.833	-807.889
36	7	0.833	-806.075
36	8	0.833	-810.822
36	9	0.833	-809.776
36	10	0.833	-809.434
36	11	0.833	-807.11
36	12	0.833	-807.091
36	13	0.833	-808.326
36	14	0.833	-805.61
36	15	0.833	-806.092
36	16	0.833	-808.856
36	17	0.833	-809.246
36	18	0.833	-809.754
36	19	0.833	-807.109
36	20	0.833	-806.978
36	21	0.833	-805.996
36	22	0.833	-805.341
36	23	0.833	-808.2
36	24	0.833	-810.079
36	25	0.833	-807.547
36	26	0.833	-807.733
36	27	0.833	-809.591
36	28	0.833	-806.032
36	29	0.833	-804.269
36	30	0.833	-803.28
36	31	0.833	-798.176
36	32	0.833	-809.582
36	33	0.833	-806.082
36	34	0.833	-807.943
36	35	0.833	-808.423
36	36	0.833	-806.131
36	37	0.833	-806.034
36	38	0.833	-808.848
36	39	0.833	-812.53
36	40	0.833	-808.369
36	41	0.833	-809.448
36	42	0.833	-807.486
36	43	0.833	-808.119
36	44	0.833	-805.975
36	45	0.833	-810.349
36	46	0.833	-805.513
36	47	0.833	-804.785
36	48	0.833	-810.383
36	49	0.833	-807.103
36	50	0.833	-805.453
36	51	0.833	-804.811
36	52	0.833	-805.966
36	53	0.833	-806.586
36	54	0.833	-805.14
36	55	0.833	-806.267
36	56	0.833	-808.176
36	57	0.833	-807.391
36	58	0.833	-809.162
36	59	0.833	-811.495
36	60	0.833	-809.295
36	61	0.833	-808.235
36	62	0.833	-805.575
36	63	0.833	-806.569
36	64	0.833	-808.113
36	65	0.833	-807.69
36	66	0.833	-806.944
36	67	0.833	-805.616
36	68	0.833	-806.941
36	69	0.833	-805.367
36	70	0.833	-806.556
36	71	0.833	-809.05
36	72	0.833	-807.465
36	73	0.833	-811.253
36	74	0.833	-811.077
36	75	0.833	-813.821
36	76	0.833	-807.548
36	77	0.833	-807.412
36	78	0.833	-808.806
#SDC3 TDC layer 1
37	0	0.833	-802.678
37	1	0.833	-799.508
37	2	0.833	-801.494
37	3	0.833	-802.121
37	4	0.833	-806.713
37	5	0.833	-802.545
37	6	0.833	-799.006
37	7	0.833	-800.021
37	8	0.833	-805.565
37	9	0.833	-800.547
37	10	0.833	-796.777
37	11	0.833	-804.678
37	12	0.833	-808.577
37	13	0.833	-807.687
37	14	0.833	-807.084
37	15	0.833	-802.647
37	16	0.833	-803.284
37	17	0.833	-802.185
37	18	0.833	-800.393
37	19	0.833	-802.383
37	20	0.833	-805.392
37	21	0.833	-807.52
37	22	0.833	-804.157
37	23	0.833	-800.74
37	24	0.833	-805.168
37	25	0.833	-802.228
37	26	0.833	-801.206
37	27	0.833	-805.178
37	28	0.833	-804.585
37	29	0.833	-804.29
37	30	0.833	-801.709
37	31	0.833	-801.298
37	32	0.833	-806.851
37	33	0.833	-802.669
37	34	0.833	-803.651
37	35	0.833	-805.363
37	36	0.833	-806.432
37	37	0.833	-806.274
37	38	0.833	-803.313
37	39	0.833	-803.362
37	40	0.833	-803.256
37	41	0.833	-800.105
37	42	0.833	-800.548
37	43	0.833	-804.224
37	44	0.833	-806.503
37	45	0.833	-807.888
37	46	0.833	-803.3
37	47	0.833	-803.341
37	48	0.833	-803.87
37	49	0.833	-801.093
37	50	0.833	-802.271
37	51	0.833	-805.208
37	52	0.833	-806.964
37	53	0.833	-808.614
37	54	0.833	-805.938
37	55	0.833	-806.172
37	56	0.833	-802.336
37	57	0.833	-801.324
37	58	0.833	-799.378
37	59	0.833	-806.204
37	60	0.833	-805.389
37	61	0.833	-803.521
37	62	0.833	-803.069
37	63	0.833	-801.25
37	64	0.833	-802.091
37	65	0.833	-800.938
37	66	0.833	-799.323
37	67	0.833	-801.056
37	68	0.833	-801.292
37	69	0.833	-805.594
37	70	0.833	-799.028
37	71	0.833	-800.611
37	72	0.833	-805.103
37	73	0.833	-799.619
37	74	0.833	-800.621
37	75	0.833	-802.28
37	76	0.833	-805.988
37	77	0.833	-808.34
#SDC3 TDC layer 2
38	0	0.833	-803.222
38	1	0.833	-800.203
38	2	0.833	-800.504
38	3	0.833	-798.839
38	4	0.833	-807.309
38	5	0.833	-802.77
38	6	0.833	-795.992
38	7	0.833	-800.089
38	8	0.833	-804.659
38	9	0.833	-802.729
38	10	0.833	-801.345
38	11	0.833	-799.423
38	12	0.833	-805.658
38	13	0.833	-805.562
38	14	0.833	-800.425
38	15	0.833	-802.168
38	16	0.833	-803.584
38	17	0.833	-802.783
38	18	0.833	-803.165
38	19	0.833	-800.201
38	20	0.833	-802.422
38	21	0.833	-804.444
38	22	0.833	-801.872
38	23	0.833	-802.193
38	24	0.833	-804.191
38	25	0.833	-803.374
38	26	0.833	-804.194
38	27	0.833	-802.346
38	28	0.833	-804.525
38	29	0.833	-804.113
38	30	0.833	-799.782
38	31	0.833	-801.793
38	32	0.833	-802.032
38	33	0.833	-800.179
38	34	0.833	-802.171
38	35	0.833	-802.973
38	36	0.833	-804.662
38	37	0.833	-807.092
38	38	0.833	-802.746
38	39	0.833	-800.561
38	40	0.833	-803.459
38	41	0.833	-803.124
38	42	0.833	-802.952
38	43	0.833	-800.445
38	44	0.833	-803.5
38	45	0.833	-805.023
38	46	0.833	-802.168
38	47	0.833	-804.624
38	48	0.833	-807.048
38	49	0.833	-801.222
38	50	0.833	-801.05
38	51	0.833	-802.208
38	52	0.833	-806.592
38	53	0.833	-808.538
38	54	0.833	-802.288
38	55	0.833	-806.242
38	56	0.833	-801.088
38	57	0.833	-799.53
38	58	0.833	-802.499
38	59	0.833	-798.85
38	60	0.833	-803.847
38	61	0.833	-803.197
38	62	0.833	-800.711
38	63	0.833	-801.668
38	64	0.833	-798.087
38	65	0.833	-802.5
38	66	0.833	-800.209
38	67	0.833	-799.228
38	68	0.833	-802.533
38	69	0.833	-805.466
38	70	0.833	-800.043
38	71	0.833	-801.345
38	72	0.833	-802.61
38	73	0.833	-800.041
38	74	0.833	-804.49
38	75	0.833	-801.483
38	76	0.833	-803.945
38	77	0.833	-804.91
#SDC3 TDC layer 3
39	0	0.833	-797.421
39	1	0.833	-795.407
39	2	0.833	-798.384
39	3	0.833	-798.141
39	4	0.833	-797.665
39	5	0.833	-794.971
39	6	0.833	-797.428
39	7	0.833	-798.09
39	8	0.833	-800.879
39	9	0.833	-800.367
39	10	0.833	-807.316
39	11	0.833	-801.562
39	12	0.833	-800.045
39	13	0.833	-798.224
39	14	0.833	-801.306
39	15	0.833	-801.84
39	16	0.833	-802.301
39	17	0.833	-800.742
39	18	0.833	-804.26
39	19	0.833	-804.557
39	20	0.833	-802.887
39	21	0.833	-797.801
39	22	0.833	-799.203
39	23	0.833	-801.702
39	24	0.833	-799.909
39	25	0.833	-802.075
39	26	0.833	-803.985
39	27	0.833	-801.972
39	28	0.833	-800.383
39	29	0.833	-798.202
39	30	0.833	-798.65
39	31	0.833	-801.662
39	32	0.833	-801.744
39	33	0.833	-800.002
39	34	0.833	-801.518
39	35	0.833	-802.042
39	36	0.833	-801.4
39	37	0.833	-797.048
39	38	0.833	-799.918
39	39	0.833	-800.076
39	40	0.833	-798.449
39	41	0.833	-801.044
39	42	0.833	-799.178
39	43	0.833	-802.376
39	44	0.833	-797.797
39	45	0.833	-791.51
39	46	0.833	-797.272
39	47	0.833	-800.711
39	48	0.833	-796.553
39	49	0.833	-797.933
39	50	0.833	-798.963
39	51	0.833	-802.477
39	52	0.833	-797.617
39	53	0.833	-795.747
39	54	0.833	-796.616
39	55	0.833	-797.266
39	56	0.833	-796.766
39	57	0.833	-795.48
39	58	0.833	-796.441
39	59	0.833	-797.16
39	60	0.833	-795.775
39	61	0.833	-793.156
39	62	0.833	-793.467
39	63	0.833	-798.525
39	64	0.833	-796.617
39	65	0.833	-798.707
39	66	0.833	-799.43
39	67	0.833	-796.837
39	68	0.833	-801.944
39	69	0.833	-793.729
39	70	0.833	-794.151
39	71	0.833	-797.724
39	72	0.833	-796.581
39	73	0.833	-800.744
39	74	0.833	-800.58
39	75	0.833	-803.816
39	76	0.833	-802.736
39	77	0.833	-797.483
39	78	0.833	-798.037
39	79	0.833	-799.911
39	80	0.833	-800.971
39	81	0.833	-800.328
39	82	0.833	-802.079
39	83	0.833	-804.658
39	84	0.833	-802.3
39	85	0.833	-797.148
39	86	0.833	-796.398
39	87	0.833	-802.173
39	88	0.833	-795.528
39	89	0.833	-796.991
39	90	0.833	-799.356
39	91	0.833	-798.87
39	92	0.833	-797.76
39	93	0.833	-793.351
39	94	0.833	-796.934
39	95	0.833	-797.303
39	96	0.833	-795.338
39	97	0.833	-796.559
39	98	0.833	-800.142
39	99	0.833	-798.051
39	100	0.833	-802.413
39	101	0.833	-798.857
39	102	0.833	-797.003
39	103	0.833	-797.409
#SDC3 TDC layer 4
40	0	0.833	-796.74
40	1	0.833	-798.592
40	2	0.833	-800.109
40	3	0.833	-795.835
40	4	0.833	-791.936
40	5	0.833	-797.049
40	6	0.833	-794.922
40	7	0.833	-796.371
40	8	0.833	-800.481
40	9	0.833	-799.793
40	10	0.833	-803.188
40	11	0.833	-801.367
40	12	0.833	-797.413
40	13	0.833	-797.679
40	14	0.833	-797.27
40	15	0.833	-796.901
40	16	0.833	-799.671
40	17	0.833	-796.882
40	18	0.833	-802.906
40	19	0.833	-800.514
40	20	0.833	-798.745
40	21	0.833	-797.982
40	22	0.833	-800.482
40	23	0.833	-799.925
40	24	0.833	-799.198
40	25	0.833	-800.522
40	26	0.833	-798.919
40	27	0.833	-797.167
40	28	0.833	-794.913
40	29	0.833	-795.093
40	30	0.833	-796.866
40	31	0.833	-796.272
40	32	0.833	-796.82
40	33	0.833	-795.884
40	34	0.833	-800.054
40	35	0.833	-801.719
40	36	0.833	-796.702
40	37	0.833	-797.296
40	38	0.833	-797.972
40	39	0.833	-795.82
40	40	0.833	-792.343
40	41	0.833	-795.437
40	42	0.833	-796.281
40	43	0.833	-796.079
40	44	0.833	-790.62
40	45	0.833	-793.021
40	46	0.833	-794.044
40	47	0.833	-795.719
40	48	0.833	-797.269
40	49	0.833	-801.37
40	50	0.833	-800.951
40	51	0.833	-797.131
40	52	0.833	-791.862
40	53	0.833	-795.956
40	54	0.833	-797.87
40	55	0.833	-797.731
40	56	0.833	-795.891
40	57	0.833	-793.201
40	58	0.833	-795.346
40	59	0.833	-794.364
40	60	0.833	-790.001
40	61	0.833	-791.346
40	62	0.833	-789.771
40	63	0.833	-792.546
40	64	0.833	-793.949
40	65	0.833	-793.622
40	66	0.833	-797.767
40	67	0.833	-797.295
40	68	0.833	-789.211
40	69	0.833	-795.643
40	70	0.833	-792.18
40	71	0.833	-794.948
40	72	0.833	-799.744
40	73	0.833	-801.141
40	74	0.833	-799.721
40	75	0.833	-800.494
40	76	0.833	-796.833
40	77	0.833	-799.15
40	78	0.833	-797.496
40	79	0.833	-798.487
40	80	0.833	-797.513
40	81	0.833	-798.482
40	82	0.833	-802.588
40	83	0.833	-797.458
40	84	0.833	-795.37
40	85	0.833	-795.58
40	86	0.833	-786.502
40	87	0.833	-799.416
40	88	0.833	-795.778
40	89	0.833	-794.578
40	90	0.833	-798.295
40	91	0.833	-795.806
40	92	0.833	-791.651
40	93	0.833	-795.698
40	94	0.833	-795.233
40	95	0.833	-794.759
40	96	0.833	-794.506
40	97	0.833	-795.858
40	98	0.833	-798.37
40	99	0.833	-798.827
40	100	0.833	-794.71
40	101	0.833	-794.877
40	102	0.833	-794.489
40	103	0.833	-795.388
