##
#  file: DCTdcCalib_e70_20230526
#  date: 2021-05-26
#  note: first version
#        Changed WireId to 0-based
#
#
#######################################################################
# Id	WireId	p1	p0
#
#SDC0 TDC layer 0
1	0	0.833	-378.007
1	1	0.833	-378.007
1	2	0.833	-378.007
1	3	0.833	-381.093
1	4	0.833	-381.093
1	5	0.833	-371.295
1	6	0.833	-372.358
1	7	0.833	-372.243
1	8	0.833	-372.61
1	9	0.833	-372.808
1	10	0.833	-375.141
1	11	0.833	-374.733
1	12	0.833	-372.156
1	13	0.833	-375.247
1	14	0.833	-375.654
1	15	0.833	-373.377
1	16	0.833	-375.536
1	17	0.833	-376.028
1	18	0.833	-377.805
1	19	0.833	-378.693
1	20	0.833	-378.262
1	21	0.833	-379.064
1	22	0.833	-379.233
1	23	0.833	-378.341
1	24	0.833	-377.761
1	25	0.833	-381.101
1	26	0.833	-380.501
1	27	0.833	-380.936
1	28	0.833	-377.721
1	29	0.833	-380.137
1	30	0.833	-380.709
1	31	0.833	-379.946
1	32	0.833	-381.019
1	33	0.833	-381.641
1	34	0.833	-382.344
1	35	0.833	-381.791
1	36	0.833	-380.925
1	37	0.833	-381.717
1	38	0.833	-381.781
1	39	0.833	-382.344
1	40	0.833	-382.17
1	41	0.833	-382.199
1	42	0.833	-382.511
1	43	0.833	-381.64
1	44	0.833	-382.842
1	45	0.833	-382.218
1	46	0.833	-382.658
1	47	0.833	-381.621
1	48	0.833	-381.202
1	49	0.833	-381.352
1	50	0.833	-381.724
1	51	0.833	-380.018
1	52	0.833	-379.28
1	53	0.833	-380.651
1	54	0.833	-381.333
1	55	0.833	-381.632
1	56	0.833	-379.791
1	57	0.833	-382.646
1	58	0.833	-382.847
1	59	0.833	-382.783
1	60	0.833	-382.997
1	61	0.833	-383.204
1	62	0.833	-381.093
1	63	0.833	-382.278
1	64	0.833	-378.213
1	65	0.833	-377.915
1	66	0.833	-378.126
1	67	0.833	-377.853
1	68	0.833	-377.059
1	69	0.833	-376.872
1	70	0.833	-376.985
1	71	0.833	-377.971
1	72	0.833	-376.722
1	73	0.833	-378.752
1	74	0.833	-379.794
1	75	0.833	-377.915
1	76	0.833	-376.965
1	77	0.833	-376.92
1	78	0.833	-377.354
1	79	0.833	-375.513
1	80	0.833	-380.84
1	81	0.833	-379.437
1	82	0.833	-379.774
1	83	0.833	-381.313
1	84	0.833	-378.378
1	85	0.833	-379.684
1	86	0.833	-380.454
1	87	0.833	-379.204
1	88	0.833	-380.229
1	89	0.833	-382.49
1	90	0.833	-380.171
1	91	0.833	-381.301
1	92	0.833	-378.086
1	93	0.833	-379.32
1	94	0.833	-381.839
1	95	0.833	-379.968
1	96	0.833	-378.96
1	97	0.833	-378.99
1	98	0.833	-379.591
1	99	0.833	-377.786
1	100	0.833	-376.491
1	101	0.833	-379.593
1	102	0.833	-379.346
1	103	0.833	-378.507
1	104	0.833	-378.834
1	105	0.833	-379.475
1	106	0.833	-380.156
1	107	0.833	-378.726
1	108	0.833	-378.515
1	109	0.833	-380.648
1	110	0.833	-379.966
1	111	0.833	-379.103
#SDC0 TDC layer 1
2	0	0.833	-378.152
2	1	0.833	-376.951
2	2	0.833	-374.685
2	3	0.833	-375.717
2	4	0.833	-376.938
2	5	0.833	-375.572
2	6	0.833	-375.754
2	7	0.833	-371.592
2	8	0.833	-375.434
2	9	0.833	-381.262
2	10	0.833	-374.555
2	11	0.833	-375.803
2	12	0.833	-375.752
2	13	0.833	-375.388
2	14	0.833	-374.345
2	15	0.833	-372.807
2	16	0.833	-378.122
2	17	0.833	-377.542
2	18	0.833	-377.666
2	19	0.833	-378.306
2	20	0.833	-376.844
2	21	0.833	-376.683
2	22	0.833	-378.812
2	23	0.833	-377.864
2	24	0.833	-378.007
2	25	0.833	-378.664
2	26	0.833	-377.501
2	27	0.833	-376.288
2	28	0.833	-377.111
2	29	0.833	-375.855
2	30	0.833	-376.583
2	31	0.833	-377.639
2	32	0.833	-380.443
2	33	0.833	-381.555
2	34	0.833	-375.128
2	35	0.833	-379.953
2	36	0.833	-380.43
2	37	0.833	-381.169
2	38	0.833	-381.561
2	39	0.833	-380.599
2	40	0.833	-380.894
2	41	0.833	-381.753
2	42	0.833	-381.113
2	43	0.833	-382.258
2	44	0.833	-380.504
2	45	0.833	-382.151
2	46	0.833	-381.05
2	47	0.833	-381.269
2	48	0.833	-377.684
2	49	0.833	-379.224
2	50	0.833	-378.898
2	51	0.833	-376.404
2	52	0.833	-378.692
2	53	0.833	-379.341
2	54	0.833	-378.115
2	55	0.833	-378.956
2	56	0.833	-379.275
2	57	0.833	-379.5
2	58	0.833	-378.342
2	59	0.833	-377.899
2	60	0.833	-377.816
2	61	0.833	-378.808
2	62	0.833	-378.259
2	63	0.833	-378.826
2	64	0.833	-380.968
2	65	0.833	-380.705
2	66	0.833	-381.444
2	67	0.833	-381.519
2	68	0.833	-381.504
2	69	0.833	-378.911
2	70	0.833	-379.506
2	71	0.833	-376.74
2	72	0.833	-378.078
2	73	0.833	-379.465
2	74	0.833	-378.253
2	75	0.833	-377.746
2	76	0.833	-380.065
2	77	0.833	-378.004
2	78	0.833	-376.435
2	79	0.833	-375.952
2	80	0.833	-380.746
2	81	0.833	-382.344
2	82	0.833	-381.234
2	83	0.833	-379.721
2	84	0.833	-379.544
2	85	0.833	-379.295
2	86	0.833	-379.15
2	87	0.833	-376.143
2	88	0.833	-376.786
2	89	0.833	-379.052
2	90	0.833	-380.249
2	91	0.833	-380.986
2	92	0.833	-376.914
2	93	0.833	-378.567
2	94	0.833	-378.812
2	95	0.833	-378.639
2	96	0.833	-370.517
2	97	0.833	-380.518
2	98	0.833	-379.782
2	99	0.833	-379.454
2	100	0.833	-379.331
2	101	0.833	-381.131
2	102	0.833	-381.515
2	103	0.833	-380.685
2	104	0.833	-379.173
2	105	0.833	-381.465
2	106	0.833	-380.919
2	107	0.833	-380.38
2	108	0.833	-378.35
2	109	0.833	-381.326
2	110	0.833	-378.422
2	111	0.833	-379.741
#SDC0 TDC layer 2
3	0	0.833	-377.607
3	1	0.833	-378.007
3	2	0.833	-378.007
3	3	0.833	-380.758
3	4	0.833	-375.28
3	5	0.833	-379.707
3	6	0.833	-377.119
3	7	0.833	-375.72
3	8	0.833	-375.696
3	9	0.833	-375.912
3	10	0.833	-378.743
3	11	0.833	-377.313
3	12	0.833	-377.754
3	13	0.833	-376.4
3	14	0.833	-377.706
3	15	0.833	-375.864
3	16	0.833	-380.815
3	17	0.833	-379.524
3	18	0.833	-379.329
3	19	0.833	-382.032
3	20	0.833	-380.299
3	21	0.833	-381.519
3	22	0.833	-380.668
3	23	0.833	-380.06
3	24	0.833	-378.354
3	25	0.833	-379.618
3	26	0.833	-378.749
3	27	0.833	-379.685
3	28	0.833	-378.691
3	29	0.833	-379.61
3	30	0.833	-378.906
3	31	0.833	-379.714
3	32	0.833	-381.008
3	33	0.833	-381.353
3	34	0.833	-380.154
3	35	0.833	-381.574
3	36	0.833	-379.813
3	37	0.833	-383.773
3	38	0.833	-385.112
3	39	0.833	-383.201
3	40	0.833	-380.36
3	41	0.833	-382.676
3	42	0.833	-382.596
3	43	0.833	-381.017
3	44	0.833	-381.779
3	45	0.833	-381.297
3	46	0.833	-380.637
3	47	0.833	-380.168
3	48	0.833	-383.311
3	49	0.833	-380.947
3	50	0.833	-380.645
3	51	0.833	-382.452
3	52	0.833	-378.294
3	53	0.833	-377.487
3	54	0.833	-376.872
3	55	0.833	-375.594
3	56	0.833	-372.054
3	57	0.833	-378.795
3	58	0.833	-377.21
3	59	0.833	-378.984
3	60	0.833	-381.044
3	61	0.833	-381.481
3	62	0.833	-380.396
3	63	0.833	-377.607
3	64	0.833	-380.774
3	65	0.833	-379.705
3	66	0.833	-379.246
3	67	0.833	-379.987
3	68	0.833	-379.12
3	69	0.833	-379.513
3	70	0.833	-378.538
3	71	0.833	-377.889
3	72	0.833	-378.685
3	73	0.833	-377.238
3	74	0.833	-376.679
3	75	0.833	-377.06
3	76	0.833	-378.007
3	77	0.833	-375.842
3	78	0.833	-374.629
3	79	0.833	-375.502
3	80	0.833	-379.676
3	81	0.833	-380.985
3	82	0.833	-380.7
3	83	0.833	-380.217
3	84	0.833	-378.105
3	85	0.833	-379.401
3	86	0.833	-380.155
3	87	0.833	-379.08
3	88	0.833	-378.637
3	89	0.833	-380.643
3	90	0.833	-380.466
3	91	0.833	-377.71
3	92	0.833	-380.94
3	93	0.833	-381.234
3	94	0.833	-381.553
3	95	0.833	-381.957
3	96	0.833	-379.928
3	97	0.833	-381.62
3	98	0.833	-381.223
3	99	0.833	-380
3	100	0.833	-380.355
3	101	0.833	-380.701
3	102	0.833	-381.629
3	103	0.833	-379.439
3	104	0.833	-380.327
3	105	0.833	-381.741
3	106	0.833	-382.455
3	107	0.833	-381.301
3	108	0.833	-380.666
3	109	0.833	-381.408
3	110	0.833	-379.315
3	111	0.833	-382.751
#SDC0 TDC layer 3
4	0	0.833	-379.138
4	1	0.833	-368.675
4	2	0.833	-377.463
4	3	0.833	-373.379
4	4	0.833	-377.458
4	5	0.833	-377.265
4	6	0.833	-376.95
4	7	0.833	-377.053
4	8	0.833	-377.463
4	9	0.833	-377.773
4	10	0.833	-377.4
4	11	0.833	-375.275
4	12	0.833	-378.29
4	13	0.833	-379.247
4	14	0.833	-378.773
4	15	0.833	-378.325
4	16	0.833	-377.794
4	17	0.833	-377.412
4	18	0.833	-376.667
4	19	0.833	-378.647
4	20	0.833	-378.019
4	21	0.833	-379.215
4	22	0.833	-378.765
4	23	0.833	-379.474
4	24	0.833	-379.854
4	25	0.833	-378.398
4	26	0.833	-379.236
4	27	0.833	-378.926
4	28	0.833	-378.73
4	29	0.833	-378.685
4	30	0.833	-378.007
4	31	0.833	-376.696
4	32	0.833	-379.2
4	33	0.833	-379.621
4	34	0.833	-380.652
4	35	0.833	-378.689
4	36	0.833	-379.274
4	37	0.833	-379.413
4	38	0.833	-380.574
4	39	0.833	-379.672
4	40	0.833	-380.007
4	41	0.833	-381.279
4	42	0.833	-380.793
4	43	0.833	-380.395
4	44	0.833	-380.855
4	45	0.833	-380.087
4	46	0.833	-381.094
4	47	0.833	-381.293
4	48	0.833	-376.234
4	49	0.833	-377.49
4	50	0.833	-376.395
4	51	0.833	-374.869
4	52	0.833	-376.696
4	53	0.833	-378.007
4	54	0.833	-374.915
4	55	0.833	-376.15
4	56	0.833	-377.514
4	57	0.833	-378.872
4	58	0.833	-378.36
4	59	0.833	-378.973
4	60	0.833	-378.986
4	61	0.833	-376.926
4	62	0.833	-378.131
4	63	0.833	-377.534
4	64	0.833	-377.312
4	65	0.833	-372.752
4	66	0.833	-373.83
4	67	0.833	-377.484
4	68	0.833	-379.327
4	69	0.833	-379.548
4	70	0.833	-377.327
4	71	0.833	-376.713
4	72	0.833	-379.044
4	73	0.833	-379.933
4	74	0.833	-379.705
4	75	0.833	-378.01
4	76	0.833	-379.57
4	77	0.833	-379.366
4	78	0.833	-379.215
4	79	0.833	-379.37
4	80	0.833	-377.335
4	81	0.833	-377.998
4	82	0.833	-380.55
4	83	0.833	-379.884
4	84	0.833	-376.743
4	85	0.833	-379.034
4	86	0.833	-375.907
4	87	0.833	-376.431
4	88	0.833	-378.152
4	89	0.833	-380.666
4	90	0.833	-379.72
4	91	0.833	-379.281
4	92	0.833	-376.343
4	93	0.833	-379.88
4	94	0.833	-378.198
4	95	0.833	-376.944
4	96	0.833	-375.875
4	97	0.833	-376.436
4	98	0.833	-379.667
4	99	0.833	-376.58
4	100	0.833	-379.056
4	101	0.833	-378.314
4	102	0.833	-377.936
4	103	0.833	-378.731
4	104	0.833	-378.055
4	105	0.833	-382.759
4	106	0.833	-380.397
4	107	0.833	-380.814
4	108	0.833	-380.856
4	109	0.833	-377.837
4	110	0.833	-383
4	111	0.833	-378.007
#SDC1 TDC layer 0
5	0	0.833	-813.837
5	1	0.833	-820.619
5	2	0.833	-825.339
5	3	0.833	-822.674
5	4	0.833	-825.569
5	5	0.833	-824.726
5	6	0.833	-821.512
5	7	0.833	-830.636
5	8	0.833	-828.503
5	9	0.833	-827.004
5	10	0.833	-827.518
5	11	0.833	-824.208
5	12	0.833	-828.028
5	13	0.833	-825.332
5	14	0.833	-820.779
5	15	0.833	-823.202
5	16	0.833	-824.099
5	17	0.833	-823.487
5	18	0.833	-820.804
5	19	0.833	-818.344
5	20	0.833	-821.131
5	21	0.833	-823.271
5	22	0.833	-817.411
5	23	0.833	-817.654
5	24	0.833	-825.683
5	25	0.833	-823.961
5	26	0.833	-821.642
5	27	0.833	-818.316
5	28	0.833	-820.971
5	29	0.833	-817.727
5	30	0.833	-821.667
5	31	0.833	-820.086
5	32	0.833	-818.64
5	33	0.833	-817.652
5	34	0.833	-818.804
5	35	0.833	-818.11
5	36	0.833	-823.572
5	37	0.833	-826.949
5	38	0.833	-830.129
5	39	0.833	-828.961
5	40	0.833	-829.656
5	41	0.833	-826.172
5	42	0.833	-826.522
5	43	0.833	-824.951
5	44	0.833	-827.963
5	45	0.833	-819.642
5	46	0.833	-823.034
5	47	0.833	-812.051
#SDC1 TDC layer 1
6	0	0.833	-825.261
6	1	0.833	-825.612
6	2	0.833	-824.218
6	3	0.833	-828.6
6	4	0.833	-828.137
6	5	0.833	-828.441
6	6	0.833	-828.872
6	7	0.833	-831.475
6	8	0.833	-832.04
6	9	0.833	-831.316
6	10	0.833	-827.837
6	11	0.833	-827.411
6	12	0.833	-824.246
6	13	0.833	-824.811
6	14	0.833	-825.074
6	15	0.833	-822.525
6	16	0.833	-826.231
6	17	0.833	-825.857
6	18	0.833	-824.496
6	19	0.833	-825.34
6	20	0.833	-818.424
6	21	0.833	-824.89
6	22	0.833	-823.734
6	23	0.833	-820.655
6	24	0.833	-825.702
6	25	0.833	-830.646
6	26	0.833	-820.418
6	27	0.833	-821.007
6	28	0.833	-824.558
6	29	0.833	-823.876
6	30	0.833	-826.271
6	31	0.833	-827.286
6	32	0.833	-821.135
6	33	0.833	-822.648
6	34	0.833	-820.636
6	35	0.833	-828.331
6	36	0.833	-826.224
6	37	0.833	-825.043
6	38	0.833	-827.649
6	39	0.833	-828.717
6	40	0.833	-829.516
6	41	0.833	-830.372
6	42	0.833	-827.501
6	43	0.833	-826.728
6	44	0.833	-822.209
6	45	0.833	-823.737
6	46	0.833	-820.46
6	47	0.833	-825.261
#SDC1 TDC layer 2
7	0	0.833	-817.03
7	1	0.833	-824.789
7	2	0.833	-815.117
7	3	0.833	-815.117
7	4	0.833	-815.117
7	5	0.833	-815.117
7	6	0.833	-821.959
7	7	0.833	-821.963
7	8	0.833	-817.315
7	9	0.833	-819.72
7	10	0.833	-821.861
7	11	0.833	-823.969
7	12	0.833	-822.393
7	13	0.833	-818.518
7	14	0.833	-815.263
7	15	0.833	-815.176
7	16	0.833	-813.594
7	17	0.833	-818.163
7	18	0.833	-814.429
7	19	0.833	-815.772
7	20	0.833	-821.019
7	21	0.833	-813.273
7	22	0.833	-809.062
7	23	0.833	-808.746
7	24	0.833	-810.743
7	25	0.833	-815.326
7	26	0.833	-817.953
7	27	0.833	-815.194
7	28	0.833	-819.264
7	29	0.833	-816.353
7	30	0.833	-815.497
7	31	0.833	-816.246
7	32	0.833	-815.839
7	33	0.833	-820.25
7	34	0.833	-821.636
7	35	0.833	-821.987
7	36	0.833	-822.182
7	37	0.833	-820.133
7	38	0.833	-816.353
7	39	0.833	-815.833
7	40	0.833	-817.734
7	41	0.833	-821.962
7	42	0.833	-815.117
7	43	0.833	-815.117
7	44	0.833	-822.031
7	45	0.833	-821.89
7	46	0.833	-811.366
7	47	0.833	-814.334
#SDC1 TDC layer 3
8	0	0.833	-812.101
8	1	0.833	-819.883
8	2	0.833	-812.101
8	3	0.833	-812.101
8	4	0.833	-812.101
8	5	0.833	-812.101
8	6	0.833	-821.101
8	7	0.833	-812.101
8	8	0.833	-814.881
8	9	0.833	-818.054
8	10	0.833	-812.101
8	11	0.833	-818.612
8	12	0.833	-812.101
8	13	0.833	-812.101
8	14	0.833	-814.457
8	15	0.833	-815.825
8	16	0.833	-812.853
8	17	0.833	-813.643
8	18	0.833	-815.85
8	19	0.833	-813.895
8	20	0.833	-815.464
8	21	0.833	-815.903
8	22	0.833	-805.943
8	23	0.833	-806.202
8	24	0.833	-804.284
8	25	0.833	-809.58
8	26	0.833	-815.094
8	27	0.833	-812.038
8	28	0.833	-815.924
8	29	0.833	-816.94
8	30	0.833	-815.466
8	31	0.833	-815.457
8	32	0.833	-814.716
8	33	0.833	-815.496
8	34	0.833	-820.111
8	35	0.833	-818.478
8	36	0.833	-812.101
8	37	0.833	-818.076
8	38	0.833	-817.28
8	39	0.833	-817.283
8	40	0.833	-819.297
8	41	0.833	-820.886
8	42	0.833	-812.101
8	43	0.833	-812.101
8	44	0.833	-821.722
8	45	0.833	-819.396
8	46	0.833	-818.51
8	47	0.833	-804.233
#SDC1 TDC layer 4
9	0	0.833	-816.634
9	1	0.833	-814.795
9	2	0.833	-822.702
9	3	0.833	-824.415
9	4	0.833	-824.197
9	5	0.833	-822.773
9	6	0.833	-823.15
9	7	0.833	-818.403
9	8	0.833	-821.743
9	9	0.833	-818.349
9	10	0.833	-822.665
9	11	0.833	-816.634
9	12	0.833	-825.061
9	13	0.833	-825.995
9	14	0.833	-825.696
9	15	0.833	-818.982
9	16	0.833	-819.514
9	17	0.833	-816.381
9	18	0.833	-817.19
9	19	0.833	-821.165
9	20	0.833	-818.09
9	21	0.833	-818.245
9	22	0.833	-814.812
9	23	0.833	-816.634
9	24	0.833	-809.121
9	25	0.833	-814.61
9	26	0.833	-817.927
9	27	0.833	-820.653
9	28	0.833	-820.247
9	29	0.833	-818.546
9	30	0.833	-824.234
9	31	0.833	-816.956
9	32	0.833	-817.277
9	33	0.833	-817.284
9	34	0.833	-820.87
9	35	0.833	-824.044
9	36	0.833	-826.462
9	37	0.833	-820.877
9	38	0.833	-822.299
9	39	0.833	-818.794
9	40	0.833	-819.524
9	41	0.833	-819.488
9	42	0.833	-823.259
9	43	0.833	-825.676
9	44	0.833	-826.095
9	45	0.833	-824.757
9	46	0.833	-824.103
9	47	0.833	-810.19
#SDC1 TDC layer 5
10	0	0.833	-806.865
10	1	0.833	-814.514
10	2	0.833	-818.595
10	3	0.833	-812.824
10	4	0.833	-812.824
10	5	0.833	-822.042
10	6	0.833	-817.561
10	7	0.833	-819.241
10	8	0.833	-815.481
10	9	0.833	-820.749
10	10	0.833	-818.371
10	11	0.833	-821.986
10	12	0.833	-820.826
10	13	0.833	-822.024
10	14	0.833	-816.521
10	15	0.833	-814.065
10	16	0.833	-816.459
10	17	0.833	-811.964
10	18	0.833	-814.041
10	19	0.833	-818.488
10	20	0.833	-820.599
10	21	0.833	-813.229
10	22	0.833	-812.523
10	23	0.833	-812.824
10	24	0.833	-808.864
10	25	0.833	-813.192
10	26	0.833	-816.021
10	27	0.833	-818.597
10	28	0.833	-816.821
10	29	0.833	-817.359
10	30	0.833	-813.579
10	31	0.833	-816.581
10	32	0.833	-815.901
10	33	0.833	-815.817
10	34	0.833	-820.485
10	35	0.833	-812.824
10	36	0.833	-820.999
10	37	0.833	-820.281
10	38	0.833	-816.552
10	39	0.833	-816.106
10	40	0.833	-815.864
10	41	0.833	-815.576
10	42	0.833	-818.93
10	43	0.833	-812.824
10	44	0.833	-822.764
10	45	0.833	-822.568
10	46	0.833	-815.956
10	47	0.833	-812.824
#SDC2 TDC layer 0
31	0	0.833	-816.268
31	1	0.833	-813.947
31	2	0.833	-815.899
31	3	0.833	-812.677
31	4	0.833	-812.915
31	5	0.833	-811.279
31	6	0.833	-815.323
31	7	0.833	-820.16
31	8	0.833	-819.391
31	9	0.833	-819.061
31	10	0.833	-819.312
31	11	0.833	-818.692
31	12	0.833	-814.492
31	13	0.833	-816.769
31	14	0.833	-813.302
31	15	0.833	-815.585
31	16	0.833	-812.738
31	17	0.833	-816.122
31	18	0.833	-810.453
31	19	0.833	-810.074
31	20	0.833	-811.555
31	21	0.833	-812.061
31	22	0.833	-809.751
31	23	0.833	-813.73
31	24	0.833	-814.051
31	25	0.833	-811.671
31	26	0.833	-816.866
31	27	0.833	-815.979
31	28	0.833	-810.184
31	29	0.833	-806.29
31	30	0.833	-803.807
31	31	0.833	-803.993
31	32	0.833	-807.289
31	33	0.833	-808.806
31	34	0.833	-807.164
31	35	0.833	-807.894
31	36	0.833	-809.375
31	37	0.833	-804.378
31	38	0.833	-805.295
31	39	0.833	-809.226
31	40	0.833	-814.114
31	41	0.833	-811.318
31	42	0.833	-808.219
31	43	0.833	-807.688
31	44	0.833	-803.861
31	45	0.833	-805.417
31	46	0.833	-805.804
31	47	0.833	-805.399
31	48	0.833	-807.73
31	49	0.833	-812.873
31	50	0.833	-811.758
31	51	0.833	-809.883
31	52	0.833	-811.059
31	53	0.833	-810.271
31	54	0.833	-807.612
31	55	0.833	-813.962
31	56	0.833	-814.42
31	57	0.833	-816.16
31	58	0.833	-816.368
31	59	0.833	-818.043
31	60	0.833	-814.212
31	61	0.833	-815.462
31	62	0.833	-814.183
31	63	0.833	-811.179
31	64	0.833	-813.62
31	65	0.833	-816.919
31	66	0.833	-812.92
31	67	0.833	-813.605
31	68	0.833	-812.486
31	69	0.833	-813.851
31	70	0.833	-810.746
31	71	0.833	-814.224
31	72	0.833	-818.453
31	73	0.833	-813.342
31	74	0.833	-816.407
31	75	0.833	-815.668
31	76	0.833	-816.93
31	77	0.833	-813.173
31	78	0.833	-813.115
#SDC2 TDC layer 1
32	0	0.833	-814.545
32	1	0.833	-811.957
32	2	0.833	-809.243
32	3	0.833	-813.809
32	4	0.833	-812.618
32	5	0.833	-812.466
32	6	0.833	-811.197
32	7	0.833	-812.331
32	8	0.833	-813.824
32	9	0.833	-808.839
32	10	0.833	-807.453
32	11	0.833	-814.915
32	12	0.833	-816.211
32	13	0.833	-814.7
32	14	0.833	-811.857
32	15	0.833	-812.109
32	16	0.833	-814.38
32	17	0.833	-812.63
32	18	0.833	-810.828
32	19	0.833	-816.283
32	20	0.833	-814.368
32	21	0.833	-817.374
32	22	0.833	-812.193
32	23	0.833	-812.138
32	24	0.833	-809.471
32	25	0.833	-804.603
32	26	0.833	-804.154
32	27	0.833	-808.805
32	28	0.833	-805.901
32	29	0.833	-803.145
32	30	0.833	-802.983
32	31	0.833	-804.118
32	32	0.833	-805.98
32	33	0.833	-804.271
32	34	0.833	-804.534
32	35	0.833	-808.544
32	36	0.833	-812.486
32	37	0.833	-807.93
32	38	0.833	-808.055
32	39	0.833	-808.3
32	40	0.833	-814.873
32	41	0.833	-806.688
32	42	0.833	-804.643
32	43	0.833	-807.086
32	44	0.833	-808.285
32	45	0.833	-810.146
32	46	0.833	-809.071
32	47	0.833	-804.932
32	48	0.833	-808.701
32	49	0.833	-807.693
32	50	0.833	-804.885
32	51	0.833	-810.102
32	52	0.833	-812.055
32	53	0.833	-815.869
32	54	0.833	-812.013
32	55	0.833	-812.811
32	56	0.833	-813.593
32	57	0.833	-815.301
32	58	0.833	-809.633
32	59	0.833	-817.071
32	60	0.833	-817.796
32	61	0.833	-815.655
32	62	0.833	-815.11
32	63	0.833	-814.053
32	64	0.833	-814.284
32	65	0.833	-814.171
32	66	0.833	-813.583
32	67	0.833	-816.703
32	68	0.833	-816.493
32	69	0.833	-817.45
32	70	0.833	-816.009
32	71	0.833	-812.751
32	72	0.833	-812.407
32	73	0.833	-813.521
32	74	0.833	-811.083
32	75	0.833	-813.392
32	76	0.833	-816.379
32	77	0.833	-818.772
#SDC2 TDC layer 2
33	0	0.833	-817.363
33	1	0.833	-810.896
33	2	0.833	-811.646
33	3	0.833	-808.011
33	4	0.833	-816.447
33	5	0.833	-813.497
33	6	0.833	-812.064
33	7	0.833	-813.305
33	8	0.833	-812.147
33	9	0.833	-813.063
33	10	0.833	-810.835
33	11	0.833	-810.028
33	12	0.833	-813.634
33	13	0.833	-816.302
33	14	0.833	-812.887
33	15	0.833	-814.618
33	16	0.833	-812.251
33	17	0.833	-809.963
33	18	0.833	-811.249
33	19	0.833	-812.101
33	20	0.833	-813.957
33	21	0.833	-815.451
33	22	0.833	-814.232
33	23	0.833	-812.248
33	24	0.833	-807.851
33	25	0.833	-805.221
33	26	0.833	-808.184
33	27	0.833	-802.467
33	28	0.833	-806.921
33	29	0.833	-808.873
33	30	0.833	-804.272
33	31	0.833	-804.19
33	32	0.833	-803.304
33	33	0.833	-802.67
33	34	0.833	-804.972
33	35	0.833	-805.255
33	36	0.833	-812.075
33	37	0.833	-801.933
33	38	0.833	-808.817
33	39	0.833	-812.035
33	40	0.833	-813.865
33	41	0.833	-810.951
33	42	0.833	-806.773
33	43	0.833	-806.879
33	44	0.833	-805.686
33	45	0.833	-807.94
33	46	0.833	-807.075
33	47	0.833	-805.29
33	48	0.833	-806.868
33	49	0.833	-804.522
33	50	0.833	-810.78
33	51	0.833	-808.219
33	52	0.833	-810.786
33	53	0.833	-815.333
33	54	0.833	-811.127
33	55	0.833	-811.192
33	56	0.833	-813.707
33	57	0.833	-811.361
33	58	0.833	-813.097
33	59	0.833	-810.01
33	60	0.833	-815.062
33	61	0.833	-814.149
33	62	0.833	-812.215
33	63	0.833	-815.852
33	64	0.833	-810.93
33	65	0.833	-813.252
33	66	0.833	-814.314
33	67	0.833	-815.932
33	68	0.833	-808.817
33	69	0.833	-808.817
33	70	0.833	-813.419
33	71	0.833	-815.569
33	72	0.833	-814.362
33	73	0.833	-812.654
33	74	0.833	-813.859
33	75	0.833	-809.523
33	76	0.833	-816.944
33	77	0.833	-817.423
#SDC2 TDC layer 3
34	0	0.833	-811.646
34	1	0.833	-811.646
34	2	0.833	-814.166
34	3	0.833	-815.289
34	4	0.833	-815.249
34	5	0.833	-810.635
34	6	0.833	-813.761
34	7	0.833	-812.063
34	8	0.833	-810.191
34	9	0.833	-813.781
34	10	0.833	-816.328
34	11	0.833	-812.004
34	12	0.833	-810.593
34	13	0.833	-807.808
34	14	0.833	-809.09
34	15	0.833	-812.012
34	16	0.833	-809.698
34	17	0.833	-815.361
34	18	0.833	-815.036
34	19	0.833	-815.981
34	20	0.833	-810.073
34	21	0.833	-808.703
34	22	0.833	-810.933
34	23	0.833	-817.33
34	24	0.833	-810.296
34	25	0.833	-809.841
34	26	0.833	-811.72
34	27	0.833	-814.658
34	28	0.833	-810.887
34	29	0.833	-808.999
34	30	0.833	-810.697
34	31	0.833	-810.374
34	32	0.833	-811.805
34	33	0.833	-810.2
34	34	0.833	-814.03
34	35	0.833	-811.503
34	36	0.833	-813.032
34	37	0.833	-806.889
34	38	0.833	-808.927
34	39	0.833	-809.273
34	40	0.833	-815.792
34	41	0.833	-808.612
34	42	0.833	-813.58
34	43	0.833	-813.915
34	44	0.833	-809.529
34	45	0.833	-808.343
34	46	0.833	-805.456
34	47	0.833	-808.269
34	48	0.833	-815.32
34	49	0.833	-814.933
34	50	0.833	-814.037
34	51	0.833	-821.471
34	52	0.833	-817.474
34	53	0.833	-813.249
34	54	0.833	-814.425
34	55	0.833	-812.28
34	56	0.833	-807.855
34	57	0.833	-808.691
34	58	0.833	-808.795
34	59	0.833	-808.377
34	60	0.833	-809.139
34	61	0.833	-804.823
34	62	0.833	-806.882
34	63	0.833	-808.395
34	64	0.833	-811.751
34	65	0.833	-814.861
34	66	0.833	-815.136
34	67	0.833	-815.785
34	68	0.833	-815.228
34	69	0.833	-811.247
34	70	0.833	-812.939
34	71	0.833	-814.322
34	72	0.833	-812.686
34	73	0.833	-812.631
34	74	0.833	-815.979
34	75	0.833	-813.995
34	76	0.833	-813.03
34	77	0.833	-810.632
34	78	0.833	-809.628
34	79	0.833	-812.55
34	80	0.833	-813.958
34	81	0.833	-814.819
34	82	0.833	-817.162
34	83	0.833	-816.275
34	84	0.833	-813.937
34	85	0.833	-812.101
34	86	0.833	-810.579
34	87	0.833	-815.693
34	88	0.833	-809.922
34	89	0.833	-811.764
34	90	0.833	-814.757
34	91	0.833	-814.613
34	92	0.833	-812.419
34	93	0.833	-810.143
34	94	0.833	-808.619
34	95	0.833	-811.075
34	96	0.833	-809.834
34	97	0.833	-811.961
34	98	0.833	-814.962
34	99	0.833	-814.017
34	100	0.833	-811.086
34	101	0.833	-810.978
34	102	0.833	-810.831
34	103	0.833	-811.457
#SDC2 TDC layer 4
35	0	0.833	-809.292
35	1	0.833	-815.835
35	2	0.833	-814.621
35	3	0.833	-814.357
35	4	0.833	-813.401
35	5	0.833	-813.611
35	6	0.833	-813.527
35	7	0.833	-816.108
35	8	0.833	-808.812
35	9	0.833	-812.06
35	10	0.833	-813.656
35	11	0.833	-811.998
35	12	0.833	-809.417
35	13	0.833	-809.258
35	14	0.833	-807.186
35	15	0.833	-813.419
35	16	0.833	-811.18
35	17	0.833	-812.093
35	18	0.833	-813.964
35	19	0.833	-812.759
35	20	0.833	-807.879
35	21	0.833	-810.628
35	22	0.833	-809.225
35	23	0.833	-810.563
35	24	0.833	-807.062
35	25	0.833	-805.947
35	26	0.833	-810.088
35	27	0.833	-812.037
35	28	0.833	-807.355
35	29	0.833	-807.084
35	30	0.833	-805.617
35	31	0.833	-809.211
35	32	0.833	-809.787
35	33	0.833	-809.573
35	34	0.833	-810.921
35	35	0.833	-808.892
35	36	0.833	-805.659
35	37	0.833	-808.975
35	38	0.833	-805.07
35	39	0.833	-805.363
35	40	0.833	-805.877
35	41	0.833	-807.641
35	42	0.833	-809.939
35	43	0.833	-808.22
35	44	0.833	-805.734
35	45	0.833	-803.283
35	46	0.833	-807.164
35	47	0.833	-810.102
35	48	0.833	-811.574
35	49	0.833	-809.615
35	50	0.833	-814.096
35	51	0.833	-813.136
35	52	0.833	-808.463
35	53	0.833	-808.124
35	54	0.833	-812.42
35	55	0.833	-811.739
35	56	0.833	-810.691
35	57	0.833	-810.589
35	58	0.833	-806.74
35	59	0.833	-807.808
35	60	0.833	-803.679
35	61	0.833	-803.446
35	62	0.833	-804.492
35	63	0.833	-808.011
35	64	0.833	-813.131
35	65	0.833	-811.885
35	66	0.833	-814.131
35	67	0.833	-812.065
35	68	0.833	-811.226
35	69	0.833	-814.417
35	70	0.833	-812.218
35	71	0.833	-816.774
35	72	0.833	-809.378
35	73	0.833	-810.165
35	74	0.833	-814.506
35	75	0.833	-810.442
35	76	0.833	-808.382
35	77	0.833	-811.172
35	78	0.833	-807.867
35	79	0.833	-814.297
35	80	0.833	-813.193
35	81	0.833	-810.785
35	82	0.833	-815.415
35	83	0.833	-815.282
35	84	0.833	-809.128
35	85	0.833	-814.034
35	86	0.833	-810.142
35	87	0.833	-810.948
35	88	0.833	-812.348
35	89	0.833	-808.756
35	90	0.833	-813.647
35	91	0.833	-815.331
35	92	0.833	-807.569
35	93	0.833	-808.111
35	94	0.833	-810.439
35	95	0.833	-807.525
35	96	0.833	-809.583
35	97	0.833	-812.106
35	98	0.833	-815.042
35	99	0.833	-810.625
35	100	0.833	-809.292
35	101	0.833	-807.953
35	102	0.833	-811.675
35	103	0.833	-808.419
#SDC3 TDC layer 0
36	0	0.833	-816.312
36	1	0.833	-813.317
36	2	0.833	-811.844
36	3	0.833	-811.386
36	4	0.833	-814.825
36	5	0.833	-811.292
36	6	0.833	-814.004
36	7	0.833	-812.085
36	8	0.833	-816.842
36	9	0.833	-815.59
36	10	0.833	-816.311
36	11	0.833	-814.39
36	12	0.833	-813.393
36	13	0.833	-815.297
36	14	0.833	-811.873
36	15	0.833	-811.993
36	16	0.833	-816.023
36	17	0.833	-815.55
36	18	0.833	-815.711
36	19	0.833	-813.288
36	20	0.833	-813.2
36	21	0.833	-811.543
36	22	0.833	-810.367
36	23	0.833	-812.851
36	24	0.833	-814.162
36	25	0.833	-811.538
36	26	0.833	-807.071
36	27	0.833	-810.141
36	28	0.833	-806.72
36	29	0.833	-805.627
36	30	0.833	-805.734
36	31	0.833	-812.205
36	32	0.833	-810.297
36	33	0.833	-808.017
36	34	0.833	-812.242
36	35	0.833	-815.802
36	36	0.833	-809.885
36	37	0.833	-804.904
36	38	0.833	-809.499
36	39	0.833	-820.925
36	40	0.833	-815.155
36	41	0.833	-816.659
36	42	0.833	-814.81
36	43	0.833	-809.033
36	44	0.833	-807.271
36	45	0.833	-810.049
36	46	0.833	-806.925
36	47	0.833	-804.643
36	48	0.833	-811.564
36	49	0.833	-809.033
36	50	0.833	-807.929
36	51	0.833	-805.18
36	52	0.833	-806.007
36	53	0.833	-810.033
36	54	0.833	-809.077
36	55	0.833	-811.791
36	56	0.833	-813.748
36	57	0.833	-813.239
36	58	0.833	-814.493
36	59	0.833	-817.36
36	60	0.833	-816.078
36	61	0.833	-815.221
36	62	0.833	-812.269
36	63	0.833	-813.344
36	64	0.833	-815.034
36	65	0.833	-814.349
36	66	0.833	-814.226
36	67	0.833	-813.039
36	68	0.833	-814.119
36	69	0.833	-812.333
36	70	0.833	-814.356
36	71	0.833	-816.635
36	72	0.833	-814.871
36	73	0.833	-819.49
36	74	0.833	-818.49
36	75	0.833	-821.747
36	76	0.833	-814.359
36	77	0.833	-814.855
36	78	0.833	-816.138
#SDC3 TDC layer 1
37	0	0.833	-808.479
37	1	0.833	-805.494
37	2	0.833	-808.58
37	3	0.833	-809.49
37	4	0.833	-813.12
37	5	0.833	-808.648
37	6	0.833	-804.59
37	7	0.833	-807.63
37	8	0.833	-812.65
37	9	0.833	-807.458
37	10	0.833	-804.049
37	11	0.833	-811.251
37	12	0.833	-815.591
37	13	0.833	-814.41
37	14	0.833	-813.355
37	15	0.833	-809.514
37	16	0.833	-809.716
37	17	0.833	-808.591
37	18	0.833	-805.825
37	19	0.833	-808.343
37	20	0.833	-811.283
37	21	0.833	-813.123
37	22	0.833	-809.753
37	23	0.833	-804.703
37	24	0.833	-808.09
37	25	0.833	-802.866
37	26	0.833	-802.212
37	27	0.833	-806.659
37	28	0.833	-806.21
37	29	0.833	-807.226
37	30	0.833	-805.201
37	31	0.833	-804.496
37	32	0.833	-809.777
37	33	0.833	-804.998
37	34	0.833	-809.71
37	35	0.833	-811.492
37	36	0.833	-811.008
37	37	0.833	-814.815
37	38	0.833	-809.268
37	39	0.833	-802.779
37	40	0.833	-811.039
37	41	0.833	-807.705
37	42	0.833	-807.591
37	43	0.833	-806.799
37	44	0.833	-807.908
37	45	0.833	-811.061
37	46	0.833	-805.491
37	47	0.833	-806.068
37	48	0.833	-806.13
37	49	0.833	-804.446
37	50	0.833	-804.349
37	51	0.833	-805.316
37	52	0.833	-808.908
37	53	0.833	-812.826
37	54	0.833	-810.896
37	55	0.833	-810.981
37	56	0.833	-807.515
37	57	0.833	-806.925
37	58	0.833	-806.6
37	59	0.833	-812.556
37	60	0.833	-811.402
37	61	0.833	-810.31
37	62	0.833	-809.836
37	63	0.833	-807.927
37	64	0.833	-809.127
37	65	0.833	-807.685
37	66	0.833	-806.604
37	67	0.833	-808.768
37	68	0.833	-809.708
37	69	0.833	-813.637
37	70	0.833	-808.052
37	71	0.833	-808.101
37	72	0.833	-813.238
37	73	0.833	-806.487
37	74	0.833	-808.119
37	75	0.833	-810.75
37	76	0.833	-814.257
37	77	0.833	-815.714
#SDC3 TDC layer 2
38	0	0.833	-809.936
38	1	0.833	-807.81
38	2	0.833	-807.526
38	3	0.833	-806.297
38	4	0.833	-813.328
38	5	0.833	-809.126
38	6	0.833	-803.27
38	7	0.833	-805.848
38	8	0.833	-810.747
38	9	0.833	-809.371
38	10	0.833	-808.269
38	11	0.833	-806.974
38	12	0.833	-813.113
38	13	0.833	-812.09
38	14	0.833	-807.739
38	15	0.833	-809.032
38	16	0.833	-810.313
38	17	0.833	-809.093
38	18	0.833	-809.301
38	19	0.833	-806.403
38	20	0.833	-808.767
38	21	0.833	-809.938
38	22	0.833	-806.657
38	23	0.833	-807.466
38	24	0.833	-808.23
38	25	0.833	-805.312
38	26	0.833	-804.445
38	27	0.833	-804.374
38	28	0.833	-806.497
38	29	0.833	-806.789
38	30	0.833	-803.077
38	31	0.833	-805.055
38	32	0.833	-804.75
38	33	0.833	-803.404
38	34	0.833	-807.531
38	35	0.833	-809.798
38	36	0.833	-811.623
38	37	0.833	-810.881
38	38	0.833	-807.685
38	39	0.833	-803.698
38	40	0.833	-811.341
38	41	0.833	-807.417
38	42	0.833	-811.437
38	43	0.833	-806.617
38	44	0.833	-806.096
38	45	0.833	-808.044
38	46	0.833	-805.984
38	47	0.833	-806.599
38	48	0.833	-808.431
38	49	0.833	-804.816
38	50	0.833	-803.232
38	51	0.833	-804.581
38	52	0.833	-806.92
38	53	0.833	-811.615
38	54	0.833	-806.565
38	55	0.833	-811.469
38	56	0.833	-806.717
38	57	0.833	-805.339
38	58	0.833	-808.805
38	59	0.833	-804.354
38	60	0.833	-809.893
38	61	0.833	-809.861
38	62	0.833	-808.166
38	63	0.833	-808.679
38	64	0.833	-805.537
38	65	0.833	-810.055
38	66	0.833	-808.262
38	67	0.833	-805.941
38	68	0.833	-809.403
38	69	0.833	-813.569
38	70	0.833	-808.793
38	71	0.833	-808.823
38	72	0.833	-810.108
38	73	0.833	-807.695
38	74	0.833	-812.384
38	75	0.833	-809.461
38	76	0.833	-812.521
38	77	0.833	-813.624
#SDC3 TDC layer 3
39	0	0.833	-803.088
39	1	0.833	-802.694
39	2	0.833	-804.844
39	3	0.833	-804.929
39	4	0.833	-803.318
39	5	0.833	-801.786
39	6	0.833	-801.926
39	7	0.833	-804.852
39	8	0.833	-808.278
39	9	0.833	-807.698
39	10	0.833	-814.162
39	11	0.833	-808.624
39	12	0.833	-806.517
39	13	0.833	-805.104
39	14	0.833	-808.452
39	15	0.833	-808.118
39	16	0.833	-808.541
39	17	0.833	-807.213
39	18	0.833	-810.829
39	19	0.833	-811.527
39	20	0.833	-809.978
39	21	0.833	-804.876
39	22	0.833	-807.195
39	23	0.833	-808.691
39	24	0.833	-807.615
39	25	0.833	-808.777
39	26	0.833	-811.095
39	27	0.833	-809.037
39	28	0.833	-807.953
39	29	0.833	-804.56
39	30	0.833	-804.83
39	31	0.833	-807.886
39	32	0.833	-808.158
39	33	0.833	-806.296
39	34	0.833	-807.097
39	35	0.833	-806.722
39	36	0.833	-803.221
39	37	0.833	-798.304
39	38	0.833	-801.582
39	39	0.833	-803.019
39	40	0.833	-801.63
39	41	0.833	-803.641
39	42	0.833	-802.254
39	43	0.833	-805.158
39	44	0.833	-800.007
39	45	0.833	-795.807
39	46	0.833	-801.577
39	47	0.833	-807.205
39	48	0.833	-803.725
39	49	0.833	-804.321
39	50	0.833	-805.46
39	51	0.833	-807.702
39	52	0.833	-805.116
39	53	0.833	-803.117
39	54	0.833	-804.603
39	55	0.833	-804.605
39	56	0.833	-805.188
39	57	0.833	-798.475
39	58	0.833	-800.952
39	59	0.833	-805.46
39	60	0.833	-798.988
39	61	0.833	-796.277
39	62	0.833	-796.96
39	63	0.833	-800.334
39	64	0.833	-805.46
39	65	0.833	-797.613
39	66	0.833	-799.416
39	67	0.833	-800.559
39	68	0.833	-799.571
39	69	0.833	-801.294
39	70	0.833	-800.661
39	71	0.833	-803.99
39	72	0.833	-803.179
39	73	0.833	-807.743
39	74	0.833	-807.942
39	75	0.833	-810.896
39	76	0.833	-810.476
39	77	0.833	-805.374
39	78	0.833	-805.941
39	79	0.833	-808.153
39	80	0.833	-808.84
39	81	0.833	-807.973
39	82	0.833	-809.701
39	83	0.833	-811.95
39	84	0.833	-810.181
39	85	0.833	-804.809
39	86	0.833	-804.668
39	87	0.833	-809.729
39	88	0.833	-804.188
39	89	0.833	-805.118
39	90	0.833	-806.763
39	91	0.833	-807.924
39	92	0.833	-806.242
39	93	0.833	-802.662
39	94	0.833	-805.277
39	95	0.833	-806.441
39	96	0.833	-802.985
39	97	0.833	-803.548
39	98	0.833	-807.855
39	99	0.833	-805.392
39	100	0.833	-809.671
39	101	0.833	-805.47
39	102	0.833	-805.565
39	103	0.833	-806.263
#SDC3 TDC layer 4
40	0	0.833	-804.991
40	1	0.833	-803.405
40	2	0.833	-807.72
40	3	0.833	-800.838
40	4	0.833	-797.507
40	5	0.833	-804.343
40	6	0.833	-802.123
40	7	0.833	-803.801
40	8	0.833	-808.514
40	9	0.833	-807.58
40	10	0.833	-809.597
40	11	0.833	-807.575
40	12	0.833	-805.121
40	13	0.833	-805.341
40	14	0.833	-803.802
40	15	0.833	-804.352
40	16	0.833	-807.71
40	17	0.833	-804.556
40	18	0.833	-810.192
40	19	0.833	-807.654
40	20	0.833	-806.213
40	21	0.833	-805.856
40	22	0.833	-807.914
40	23	0.833	-807.146
40	24	0.833	-806.803
40	25	0.833	-807.299
40	26	0.833	-806.812
40	27	0.833	-804.481
40	28	0.833	-802.554
40	29	0.833	-801.747
40	30	0.833	-803.477
40	31	0.833	-802.813
40	32	0.833	-803.401
40	33	0.833	-801.846
40	34	0.833	-805.466
40	35	0.833	-804.64
40	36	0.833	-798.131
40	37	0.833	-799.22
40	38	0.833	-799.968
40	39	0.833	-799.734
40	40	0.833	-796.181
40	41	0.833	-798.255
40	42	0.833	-798.844
40	43	0.833	-799.097
40	44	0.833	-793.639
40	45	0.833	-799.638
40	46	0.833	-799.401
40	47	0.833	-803.153
40	48	0.833	-803.409
40	49	0.833	-808.969
40	50	0.833	-809.87
40	51	0.833	-802.861
40	52	0.833	-800.102
40	53	0.833	-802.297
40	54	0.833	-802.714
40	55	0.833	-804.742
40	56	0.833	-802.374
40	57	0.833	-796.683
40	58	0.833	-797.063
40	59	0.833	-797.543
40	60	0.833	-793.721
40	61	0.833	-795.301
40	62	0.833	-794.932
40	63	0.833	-797.112
40	64	0.833	-793.581
40	65	0.833	-799.869
40	66	0.833	-798.008
40	67	0.833	-796.373
40	68	0.833	-794.745
40	69	0.833	-800.513
40	70	0.833	-797.877
40	71	0.833	-803.946
40	72	0.833	-806.421
40	73	0.833	-808.091
40	74	0.833	-806.4
40	75	0.833	-807.674
40	76	0.833	-804.608
40	77	0.833	-806.426
40	78	0.833	-806.773
40	79	0.833	-805.607
40	80	0.833	-805.216
40	81	0.833	-807.735
40	82	0.833	-811.202
40	83	0.833	-806.765
40	84	0.833	-803.702
40	85	0.833	-802.979
40	86	0.833	-796.298
40	87	0.833	-806.854
40	88	0.833	-803.602
40	89	0.833	-802.849
40	90	0.833	-805.926
40	91	0.833	-803.098
40	92	0.833	-801.408
40	93	0.833	-804.114
40	94	0.833	-803.597
40	95	0.833	-803.978
40	96	0.833	-803.332
40	97	0.833	-804.452
40	98	0.833	-805.766
40	99	0.833	-806.753
40	100	0.833	-800.762
40	101	0.833	-804.742
40	102	0.833	-800.592
40	103	0.833	-803.245