##
#  file: HodoPHCParam_Dummy
#  date: 2016.06.15
#  note: first version
#
#
#######################################################################
# CId	PlId	Seg	UorD	Type	nParam	p0	p1	...
#
#	Type=0 no correction will be performed
#	Type=1 ct=t-p[0]/sqrt(a-p[1])+p[2]
#	Type=2 ct=p[0]*a*a + p[1]*a + p[2] for Fiber
#
#######################################################################
#ID 1:RF (corrected using T0, so plid==1),			      #
# up*0.5 correction->down*0.5 correction and please note p0 and p2 factor (see the UserAnalyzer)#
#######################################################################
1	1	0	0	0	3	-1.12191	0.00511676 	-0.933661
1	1	0	1	0	3	-1.0633		0.01848		-0.86155
#######################################################################
#ID 2:TAG-SF
#ID 3:TAG-PL
#######################################################################
# T0                                                                 #
#######################################################################
11	0	0	0	0	3	0.000	0.000	0.000
11	0	0	1	0	3	0.000	0.000	0.000
#######################################################################
# TOF Up                                                              #
#######################################################################
14	0	0	0	0	3	0.5918625000	-0.0014645000	0.5485107000
14	0	1	0	0	3	1.1375538000	0.0019690000	0.9999996000
14	0	2	0	0	3	0.8563064000	0.0019847000	0.7531257000
14	0	3	0	0	3	0.9101054000	0.0019997000	0.8037249000
14	0	4	0	0	3	1.0766999000	0.0019995000	0.9438542000
14	0	5	0	0	3	0.9230141000	0.0019989000	0.7702783000
14	0	6	0	0	3	0.4540021000	-0.0019082000	0.3708940000
14	0	7	0	0	3	0.8017253000	0.0019915000	0.6711183000
14	0	8	0	0	3	0.3268195000	-0.0019972000	0.2563612000
14	0	9	0	0	3	0.2550645000	-0.0016248000	0.1911810000
14	0	10	0	0	3	0.3873301000	-0.0019991000	0.2980796000
14	0	11	0	0	3	0.5174798000	0.0019921000	0.4067743000
14	0	12	0	0	3	0.4265733000	0.0017649000	0.3368771000
14	0	13	0	0	3	0.6768126000	0.0019907000	0.5362682000
14	0	14	0	0	3	0.5152718000	0.0019866000	0.4353503000
14	0	15	0	0	3	0.5269793000	-0.0018747000	0.4440967000
14	0	16	0	0	3	0.5786120000	0.0012614000	0.4762022000
14	0	17	0	0	3	0.6920594000	0.0019111000	0.5641988000
14	0	18	0	0	3	0.6656803000	0.0019989000	0.5358639000
14	0	19	0	0	3	0.7114914000	0.0018518000	0.5824019000
14	0	20	0	0	3	0.5594040000	-0.0017381000	0.4507162000
14	0	21	0	0	3	0.8924988000	0.0019990000	0.7373644000
14	0	22	0	0	3	0.6375529000	0.0019996000	0.5454487000
14	0	23	0	0	3	1.1920992000	0.0019892000	0.9999937000
14	0	24	0	0	3	0.5918625000	-0.0014645000	0.5485107000
14	0	25	0	0	3	1.1375538000	0.0019690000	0.9999996000
14	0	26	0	0	3	0.8563064000	0.0019847000	0.7531257000
14	0	27	0	0	3	0.9101054000	0.0019997000	0.8037249000
14	0	28	0	0	3	1.0766999000	0.0019995000	0.9438542000
14	0	29	0	0	3	0.9230141000	0.0019989000	0.7702783000
14	0	30	0	0	3	0.4540021000	-0.0019082000	0.3708940000
14	0	31	0	0	3	0.8017253000	0.0019915000	0.6711183000
14	0	32	0	0	3	0.3268195000	-0.0019972000	0.2563612000
14	0	33	0	0	3	0.2550645000	-0.0016248000	0.1911810000
14	0	34	0	0	3	0.3873301000	-0.0019991000	0.2980796000
14	0	35	0	0	3	0.5174798000	0.0019921000	0.4067743000
14	0	36	0	0	3	0.4265733000	0.0017649000	0.3368771000
14	0	37	0	0	3	0.6768126000	0.0019907000	0.5362682000
14	0	38	0	0	3	0.5152718000	0.0019866000	0.4353503000
14	0	39	0	0	3	0.5269793000	-0.0018747000	0.4440967000
14	0	40	0	0	3	0.5786120000	0.0012614000	0.4762022000
14	0	41	0	0	3	0.6920594000	0.0019111000	0.5641988000
14	0	42	0	0	3	0.6656803000	0.0019989000	0.5358639000
14	0	43	0	0	3	0.7114914000	0.0018518000	0.5824019000
14	0	44	0	0	3	0.5594040000	-0.0017381000	0.4507162000
14	0	45	0	0	3	0.8924988000	0.0019990000	0.7373644000
14	0	46	0	0	3	0.6375529000	0.0019996000	0.5454487000
14	0	47	0	0	3	1.1920992000	0.0019892000	0.9999937000
#######################################################################
# TOF Down                                                            #
#######################################################################
14	0	0	1	0	3	0.5918625000	-0.0014645000	0.5485107000
14	0	1	1	0	3	1.1375538000	0.0019690000	0.9999996000
14	0	2	1	0	3	0.8563064000	0.0019847000	0.7531257000
14	0	3	1	0	3	0.9101054000	0.0019997000	0.8037249000
14	0	4	1	0	3	1.0766999000	0.0019995000	0.9438542000
14	0	5	1	0	3	0.9230141000	0.0019989000	0.7702783000
14	0	6	1	0	3	0.4540021000	-0.0019082000	0.3708940000
14	0	7	1	0	3	0.8017253000	0.0019915000	0.6711183000
14	0	8	1	0	3	0.3268195000	-0.0019972000	0.2563612000
14	0	9	1	0	3	0.2550645000	-0.0016248000	0.1911810000
14	0	10	1	0	3	0.3873301000	-0.0019991000	0.2980796000
14	0	11	1	0	3	0.5174798000	0.0019921000	0.4067743000
14	0	12	1	0	3	0.4265733000	0.0017649000	0.3368771000
14	0	13	1	0	3	0.6768126000	0.0019907000	0.5362682000
14	0	14	1	0	3	0.5152718000	0.0019866000	0.4353503000
14	0	15	1	0	3	0.5269793000	-0.0018747000	0.4440967000
14	0	16	1	0	3	0.5786120000	0.0012614000	0.4762022000
14	0	17	1	0	3	0.6920594000	0.0019111000	0.5641988000
14	0	18	1	0	3	0.6656803000	0.0019989000	0.5358639000
14	0	19	1	0	3	0.7114914000	0.0018518000	0.5824019000
14	0	20	1	0	3	0.5594040000	-0.0017381000	0.4507162000
14	0	21	1	0	3	0.8924988000	0.0019990000	0.7373644000
14	0	22	1	0	3	0.6375529000	0.0019996000	0.5454487000
14	0	23	1	0	3	1.1920992000	0.0019892000	0.9999937000
14	0	24	1	0	3	0.5918625000	-0.0014645000	0.5485107000
14	0	25	1	0	3	1.1375538000	0.0019690000	0.9999996000
14	0	26	1	0	3	0.8563064000	0.0019847000	0.7531257000
14	0	27	1	0	3	0.9101054000	0.0019997000	0.8037249000
14	0	28	1	0	3	1.0766999000	0.0019995000	0.9438542000
14	0	29	1	0	3	0.9230141000	0.0019989000	0.7702783000
14	0	30	1	0	3	0.4540021000	-0.0019082000	0.3708940000
14	0	31	1	0	3	0.8017253000	0.0019915000	0.6711183000
14	0	32	1	0	3	0.3268195000	-0.0019972000	0.2563612000
14	0	33	1	0	3	0.2550645000	-0.0016248000	0.1911810000
14	0	34	1	0	3	0.3873301000	-0.0019991000	0.2980796000
14	0	35	1	0	3	0.5174798000	0.0019921000	0.4067743000
14	0	36	1	0	3	0.4265733000	0.0017649000	0.3368771000
14	0	37	1	0	3	0.6768126000	0.0019907000	0.5362682000
14	0	38	1	0	3	0.5152718000	0.0019866000	0.4353503000
14	0	39	1	0	3	0.5269793000	-0.0018747000	0.4440967000
14	0	40	1	0	3	0.5786120000	0.0012614000	0.4762022000
14	0	41	1	0	3	0.6920594000	0.0019111000	0.5641988000
14	0	42	1	0	3	0.6656803000	0.0019989000	0.5358639000
14	0	43	1	0	3	0.7114914000	0.0018518000	0.5824019000
14	0	44	1	0	3	0.5594040000	-0.0017381000	0.4507162000
14	0	45	1	0	3	0.8924988000	0.0019990000	0.7373644000
14	0	46	1	0	3	0.6375529000	0.0019996000	0.5454487000
14	0	47	1	0	3	1.1920992000	0.0019892000	0.9999937000
