-1.5  0
-1.499  0
-1.498  0
-1.497  0
-1.496  0
-1.495  0
-1.494  0
-1.493  0
-1.492  0
-1.491  0
-1.49  0
-1.489  0
-1.488  0
-1.487  0
-1.486  0
-1.485  0
-1.484  0
-1.483  0
-1.482  0
-1.481  0
-1.48  0
-1.479  0
-1.478  0
-1.477  0
-1.476  0
-1.475  0
-1.474  0
-1.473  0
-1.472  0
-1.471  0
-1.47  0
-1.469  0
-1.468  0
-1.467  0
-1.466  0
-1.465  0
-1.464  0
-1.463  0
-1.462  0
-1.461  0
-1.46  0
-1.459  0
-1.458  0
-1.457  0
-1.456  0
-1.455  0
-1.454  0
-1.453  0
-1.452  0
-1.451  0
-1.45  0
-1.449  0
-1.448  0
-1.447  0
-1.446  0
-1.445  0
-1.444  0
-1.443  0
-1.442  0
-1.441  0
-1.44  0
-1.439  0
-1.438  0
-1.437  0
-1.436  0
-1.435  0
-1.434  0
-1.433  0
-1.432  0
-1.431  0
-1.43  0
-1.429  0
-1.428  0
-1.427  0
-1.426  0
-1.425  0
-1.424  0
-1.423  0
-1.422  0
-1.421  0
-1.42  0
-1.419  0
-1.418  0
-1.417  0
-1.416  0
-1.415  0
-1.414  0
-1.413  0
-1.412  0
-1.411  0
-1.41  0
-1.409  0
-1.408  0
-1.407  0
-1.406  0
-1.405  0
-1.404  0
-1.403  0
-1.402  0
-1.401  0
-1.4  0
-1.399  0
-1.398  0
-1.397  0
-1.396  0
-1.395  0
-1.394  0
-1.393  0
-1.392  0
-1.391  0
-1.39  0
-1.389  0
-1.388  0
-1.387  0
-1.386  0
-1.385  0
-1.384  0
-1.383  0
-1.382  0
-1.381  0
-1.38  0
-1.379  0
-1.378  0
-1.377  0
-1.376  0
-1.375  0
-1.374  0
-1.373  0
-1.372  0
-1.371  0
-1.37  0
-1.369  0
-1.368  0
-1.367  0
-1.366  0
-1.365  0
-1.364  0
-1.363  0
-1.362  0
-1.361  0
-1.36  0
-1.359  0
-1.358  0
-1.357  0
-1.356  0
-1.355  0
-1.354  0
-1.353  -8.18652e-06
-1.352  -1.44239e-05
-1.351  -1.5134e-05
-1.35  -1.53948e-05
-1.349  -1.97176e-05
-1.348  -2.41434e-05
-1.347  -2.5449e-05
-1.346  -2.93972e-05
-1.345  -3.7273e-05
-1.344  -4.42968e-05
-1.343  -4.58492e-05
-1.342  -4.97842e-05
-1.341  -5.00422e-05
-1.34  -5.34289e-05
-1.339  -5.69037e-05
-1.338  -5.787e-05
-1.337  -6.0718e-05
-1.336  -6.03337e-05
-1.335  -7.02483e-05
-1.334  -6.57702e-05
-1.333  -5.87555e-05
-1.332  -6.17503e-05
-1.331  -7.10952e-05
-1.33  -7.01111e-05
-1.329  -7.00339e-05
-1.328  -7.69768e-05
-1.327  -7.36178e-05
-1.326  -6.90228e-05
-1.325  -6.30804e-05
-1.324  -6.33724e-05
-1.323  -6.14662e-05
-1.322  -6.58116e-05
-1.321  -5.88606e-05
-1.32  -6.00234e-05
-1.319  -6.4349e-05
-1.318  -6.81886e-05
-1.317  -7.23363e-05
-1.316  -6.65981e-05
-1.315  -6.58873e-05
-1.314  -7.80289e-05
-1.313  -7.50649e-05
-1.312  -6.74158e-05
-1.311  -6.88266e-05
-1.31  -6.53057e-05
-1.309  -6.15805e-05
-1.308  -6.50409e-05
-1.307  -6.22416e-05
-1.306  -6.16982e-05
-1.305  -6.87552e-05
-1.304  -6.93551e-05
-1.303  -6.74189e-05
-1.302  -7.28082e-05
-1.301  -7.17207e-05
-1.3  -6.90846e-05
-1.299  -6.64448e-05
-1.298  -6.39858e-05
-1.297  -6.33627e-05
-1.296  -6.42562e-05
-1.295  -5.61172e-05
-1.294  -5.96547e-05
-1.293  -6.37351e-05
-1.292  -6.04588e-05
-1.291  -5.85682e-05
-1.29  -6.07542e-05
-1.289  -6.23771e-05
-1.288  -6.75437e-05
-1.287  -7.19355e-05
-1.286  -6.91979e-05
-1.285  -7.11343e-05
-1.284  -7.55648e-05
-1.283  -7.47333e-05
-1.282  -7.23943e-05
-1.281  -7.33882e-05
-1.28  -7.27354e-05
-1.279  -7.65617e-05
-1.278  -7.6893e-05
-1.277  -7.2987e-05
-1.276  -7.2897e-05
-1.275  -7.23681e-05
-1.274  -6.72251e-05
-1.273  -6.91185e-05
-1.272  -7.09142e-05
-1.271  -6.64279e-05
-1.27  -6.21795e-05
-1.269  -6.10853e-05
-1.268  -5.93164e-05
-1.267  -5.63949e-05
-1.266  -5.61582e-05
-1.265  -5.12906e-05
-1.264  -5.6737e-05
-1.263  -6.17834e-05
-1.262  -6.03028e-05
-1.261  -5.8821e-05
-1.26  -5.84576e-05
-1.259  -5.82291e-05
-1.258  -6.13821e-05
-1.257  -6.71346e-05
-1.256  -6.75325e-05
-1.255  -7.09346e-05
-1.254  -7.36566e-05
-1.253  -7.40699e-05
-1.252  -7.68904e-05
-1.251  -7.77668e-05
-1.25  -7.66908e-05
-1.249  -7.98825e-05
-1.248  -8.17554e-05
-1.247  -7.92822e-05
-1.246  -7.99128e-05
-1.245  -7.58732e-05
-1.244  -7.17935e-05
-1.243  -7.69443e-05
-1.242  -7.62915e-05
-1.241  -7.74533e-05
-1.24  -7.70422e-05
-1.239  -7.98685e-05
-1.238  -7.46926e-05
-1.237  -7.22448e-05
-1.236  -7.43872e-05
-1.235  -7.1397e-05
-1.234  -7.84319e-05
-1.233  -7.9274e-05
-1.232  -7.97426e-05
-1.231  -7.72476e-05
-1.23  -7.55513e-05
-1.229  -7.70218e-05
-1.228  -7.94799e-05
-1.227  -8.50374e-05
-1.226  -8.75384e-05
-1.225  -9.29705e-05
-1.224  -9.19711e-05
-1.223  -9.18142e-05
-1.222  -9.07261e-05
-1.221  -9.20402e-05
-1.22  -8.74667e-05
-1.219  -8.94384e-05
-1.218  -9.00403e-05
-1.217  -8.5498e-05
-1.216  -8.41721e-05
-1.215  -7.89858e-05
-1.214  -7.59041e-05
-1.213  -7.78327e-05
-1.212  -7.95519e-05
-1.211  -7.9955e-05
-1.21  -7.7457e-05
-1.209  -7.57057e-05
-1.208  -7.12296e-05
-1.207  -6.8455e-05
-1.206  -6.33538e-05
-1.205  -5.7054e-05
-1.204  -6.22276e-05
-1.203  -6.35319e-05
-1.202  -6.28832e-05
-1.201  -6.20579e-05
-1.2  -6.01275e-05
-1.199  -6.47507e-05
-1.198  -6.71713e-05
-1.197  -7.09737e-05
-1.196  -7.10537e-05
-1.195  -7.57671e-05
-1.194  -7.58288e-05
-1.193  -7.48186e-05
-1.192  -7.25545e-05
-1.191  -7.41242e-05
-1.19  -7.39196e-05
-1.189  -7.69367e-05
-1.188  -7.56801e-05
-1.187  -7.2718e-05
-1.186  -7.48374e-05
-1.185  -7.38948e-05
-1.184  -7.02715e-05
-1.183  -6.59054e-05
-1.182  -6.95605e-05
-1.181  -7.22615e-05
-1.18  -6.63882e-05
-1.179  -6.52086e-05
-1.178  -6.32466e-05
-1.177  -6.09785e-05
-1.176  -5.54841e-05
-1.175  -5.20358e-05
-1.174  -5.6593e-05
-1.173  -5.89218e-05
-1.172  -5.60183e-05
-1.171  -5.37572e-05
-1.17  -4.80228e-05
-1.169  -5.09622e-05
-1.168  -5.715e-05
-1.167  -6.2122e-05
-1.166  -6.02265e-05
-1.165  -6.0405e-05
-1.164  -6.48962e-05
-1.163  -6.09943e-05
-1.162  -5.4299e-05
-1.161  -5.57408e-05
-1.16  -5.19257e-05
-1.159  -5.45642e-05
-1.158  -5.76165e-05
-1.157  -5.40299e-05
-1.156  -5.33222e-05
-1.155  -4.958e-05
-1.154  -4.7773e-05
-1.153  -4.6569e-05
-1.152  -5.27505e-05
-1.151  -5.89659e-05
-1.15  -5.57602e-05
-1.149  -5.38739e-05
-1.148  -4.96996e-05
-1.147  -4.99531e-05
-1.146  -4.91211e-05
-1.145  -4.70291e-05
-1.144  -5.2862e-05
-1.143  -5.7419e-05
-1.142  -5.66648e-05
-1.141  -6.186e-05
-1.14  -5.62978e-05
-1.139  -5.12533e-05
-1.138  -5.77798e-05
-1.137  -6.41687e-05
-1.136  -6.69346e-05
-1.135  -6.5154e-05
-1.134  -7.19657e-05
-1.133  -6.65032e-05
-1.132  -5.65264e-05
-1.131  -5.98307e-05
-1.13  -5.60974e-05
-1.129  -5.65019e-05
-1.128  -5.63616e-05
-1.127  -5.44427e-05
-1.126  -5.1983e-05
-1.125  -4.91108e-05
-1.124  -4.49987e-05
-1.123  -4.66201e-05
-1.122  -4.791e-05
-1.121  -5.53636e-05
-1.12  -5.69579e-05
-1.119  -5.53003e-05
-1.118  -5.09618e-05
-1.117  -5.38093e-05
-1.116  -5.59372e-05
-1.115  -4.88444e-05
-1.114  -5.61206e-05
-1.113  -6.19252e-05
-1.112  -5.97602e-05
-1.111  -6.05466e-05
-1.11  -6.2112e-05
-1.109  -5.79944e-05
-1.108  -5.82084e-05
-1.107  -6.42409e-05
-1.106  -6.8393e-05
-1.105  -6.95612e-05
-1.104  -7.19578e-05
-1.103  -6.66279e-05
-1.102  -5.97542e-05
-1.101  -6.39169e-05
-1.1  -6.29166e-05
-1.099  -6.21999e-05
-1.098  -5.57071e-05
-1.097  -4.83824e-05
-1.096  -4.96285e-05
-1.095  -4.59654e-05
-1.094  -4.33666e-05
-1.093  -4.53024e-05
-1.092  -5.00931e-05
-1.091  -5.04217e-05
-1.09  -5.50507e-05
-1.089  -5.93595e-05
-1.088  -5.28657e-05
-1.087  -5.08982e-05
-1.086  -5.37742e-05
-1.085  -4.77741e-05
-1.084  -5.09086e-05
-1.083  -5.22092e-05
-1.082  -4.97534e-05
-1.081  -4.89893e-05
-1.08  -5.42822e-05
-1.079  -5.26235e-05
-1.078  -5.98617e-05
-1.077  -6.11925e-05
-1.076  -6.34371e-05
-1.075  -6.5637e-05
-1.074  -6.64542e-05
-1.073  -6.41877e-05
-1.072  -5.94749e-05
-1.071  -6.20725e-05
-1.07  -5.8755e-05
-1.069  -6.40093e-05
-1.068  -5.97549e-05
-1.067  -5.23445e-05
-1.066  -5.16655e-05
-1.065  -5.31209e-05
-1.064  -4.77119e-05
-1.063  -4.97427e-05
-1.062  -5.59647e-05
-1.061  -5.36609e-05
-1.06  -5.54549e-05
-1.059  -5.79802e-05
-1.058  -5.46737e-05
-1.057  -5.54499e-05
-1.056  -5.7098e-05
-1.055  -5.24697e-05
-1.054  -5.2085e-05
-1.053  -5.50685e-05
-1.052  -5.05178e-05
-1.051  -5.29464e-05
-1.05  -5.59207e-05
-1.049  -5.51202e-05
-1.048  -6.38164e-05
-1.047  -6.5734e-05
-1.046  -6.4e-05
-1.045  -6.61139e-05
-1.044  -6.99643e-05
-1.043  -6.2158e-05
-1.042  -5.5397e-05
-1.041  -6.07764e-05
-1.04  -5.83644e-05
-1.039  -6.24606e-05
-1.038  -5.63794e-05
-1.037  -5.0463e-05
-1.036  -5.16955e-05
-1.035  -5.5472e-05
-1.034  -5.40486e-05
-1.033  -5.3901e-05
-1.032  -5.64759e-05
-1.031  -5.65284e-05
-1.03  -5.81402e-05
-1.029  -5.81838e-05
-1.028  -5.62557e-05
-1.027  -6.04544e-05
-1.026  -6.47482e-05
-1.025  -5.77821e-05
-1.024  -6.10255e-05
-1.023  -6.4645e-05
-1.022  -5.86108e-05
-1.021  -5.82108e-05
-1.02  -6.09762e-05
-1.019  -6.13264e-05
-1.018  -6.9022e-05
-1.017  -6.91028e-05
-1.016  -6.28956e-05
-1.015  -6.21082e-05
-1.014  -6.92628e-05
-1.013  -6.41714e-05
-1.012  -5.79881e-05
-1.011  -6.17143e-05
-1.01  -6.14313e-05
-1.009  -6.74433e-05
-1.008  -6.11427e-05
-1.007  -6.02497e-05
-1.006  -6.379e-05
-1.005  -6.46905e-05
-1.004  -6.82151e-05
-1.003  -6.79417e-05
-1.002  -7.12984e-05
-1.001  -6.93351e-05
-1  -7.02948e-05
-0.999  -6.51798e-05
-0.998  -6.21157e-05
-0.997  -6.71539e-05
-0.996  -7.01341e-05
-0.995  -6.30725e-05
-0.994  -6.55766e-05
-0.993  -6.94483e-05
-0.992  -6.91716e-05
-0.991  -7.21792e-05
-0.99  -7.13814e-05
-0.989  -7.36584e-05
-0.988  -7.76189e-05
-0.987  -7.549e-05
-0.986  -7.278e-05
-0.985  -7.12351e-05
-0.984  -7.42723e-05
-0.983  -6.73163e-05
-0.982  -6.24091e-05
-0.981  -6.40697e-05
-0.98  -7.13142e-05
-0.979  -7.93918e-05
-0.978  -7.69518e-05
-0.977  -7.61975e-05
-0.976  -7.9542e-05
-0.975  -7.99971e-05
-0.974  -7.82362e-05
-0.973  -7.26534e-05
-0.972  -7.20647e-05
-0.971  -7.44258e-05
-0.97  -7.56099e-05
-0.969  -7.07651e-05
-0.968  -6.66772e-05
-0.967  -7.04671e-05
-0.966  -7.21379e-05
-0.965  -6.86391e-05
-0.964  -7.35655e-05
-0.963  -7.55385e-05
-0.962  -7.71513e-05
-0.961  -7.37612e-05
-0.96  -7.2122e-05
-0.959  -7.02493e-05
-0.958  -7.2634e-05
-0.957  -7.03051e-05
-0.956  -7.13301e-05
-0.955  -7.19426e-05
-0.954  -7.83183e-05
-0.953  -7.24892e-05
-0.952  -6.48637e-05
-0.951  -6.23854e-05
-0.95  -6.851e-05
-0.949  -7.6682e-05
-0.948  -7.44226e-05
-0.947  -7.23137e-05
-0.946  -7.40913e-05
-0.945  -7.10718e-05
-0.944  -7.17245e-05
-0.943  -7.00699e-05
-0.942  -6.83943e-05
-0.941  -6.87828e-05
-0.94  -7.11516e-05
-0.939  -6.94661e-05
-0.938  -6.71274e-05
-0.937  -6.87495e-05
-0.936  -6.75577e-05
-0.935  -6.21457e-05
-0.934  -6.09221e-05
-0.933  -6.26959e-05
-0.932  -6.57097e-05
-0.931  -5.77579e-05
-0.93  -5.44171e-05
-0.929  -5.28352e-05
-0.928  -5.30965e-05
-0.927  -5.57975e-05
-0.926  -6.15603e-05
-0.925  -6.30471e-05
-0.924  -6.51024e-05
-0.923  -6.28077e-05
-0.922  -6.15384e-05
-0.921  -6.22374e-05
-0.92  -6.62855e-05
-0.919  -7.19116e-05
-0.918  -6.92494e-05
-0.917  -7.1005e-05
-0.916  -7.50832e-05
-0.915  -7.77327e-05
-0.914  -7.71095e-05
-0.913  -7.9057e-05
-0.912  -8.08499e-05
-0.911  -8.34045e-05
-0.91  -8.43469e-05
-0.909  -8.0572e-05
-0.908  -7.59454e-05
-0.907  -7.43641e-05
-0.906  -7.31437e-05
-0.905  -6.90935e-05
-0.904  -6.98372e-05
-0.903  -6.60279e-05
-0.902  -6.61736e-05
-0.901  -5.85259e-05
-0.9  -5.6914e-05
-0.899  -5.64288e-05
-0.898  -5.46282e-05
-0.897  -5.84451e-05
-0.896  -6.14877e-05
-0.895  -6.36582e-05
-0.894  -6.47091e-05
-0.893  -6.15271e-05
-0.892  -6.12097e-05
-0.891  -6.91604e-05
-0.89  -7.99285e-05
-0.889  -8.72275e-05
-0.888  -8.22198e-05
-0.887  -8.16366e-05
-0.886  -8.44909e-05
-0.885  -9.01637e-05
-0.884  -9.04969e-05
-0.883  -9.10385e-05
-0.882  -9.24922e-05
-0.881  -9.16849e-05
-0.88  -8.90209e-05
-0.879  -8.71774e-05
-0.878  -8.25105e-05
-0.877  -8.22473e-05
-0.876  -8.11121e-05
-0.875  -7.2328e-05
-0.874  -7.72449e-05
-0.873  -6.88948e-05
-0.872  -6.46201e-05
-0.871  -5.42586e-05
-0.87  -4.96419e-05
-0.869  -4.93948e-05
-0.868  -4.85995e-05
-0.867  -4.74156e-05
-0.866  -4.61558e-05
-0.865  -4.85911e-05
-0.864  -5.15339e-05
-0.863  -4.95623e-05
-0.862  -5.28363e-05
-0.861  -6.34588e-05
-0.86  -7.04005e-05
-0.859  -7.54468e-05
-0.858  -6.97954e-05
-0.857  -7.02983e-05
-0.856  -7.37521e-05
-0.855  -7.49914e-05
-0.854  -7.88405e-05
-0.853  -8.10637e-05
-0.852  -8.01037e-05
-0.851  -8.18477e-05
-0.85  -8.44669e-05
-0.849  -8.29996e-05
-0.848  -8.46762e-05
-0.847  -8.4066e-05
-0.846  -8.1754e-05
-0.845  -7.69189e-05
-0.844  -7.5998e-05
-0.843  -6.7188e-05
-0.842  -6.02175e-05
-0.841  -5.19637e-05
-0.84  -4.29651e-05
-0.839  -4.54237e-05
-0.838  -4.59442e-05
-0.837  -4.69076e-05
-0.836  -4.76834e-05
-0.835  -5.1017e-05
-0.834  -5.148e-05
-0.833  -5.29702e-05
-0.832  -5.56134e-05
-0.831  -6.21078e-05
-0.83  -6.95466e-05
-0.829  -7.2134e-05
-0.828  -6.66862e-05
-0.827  -6.98318e-05
-0.826  -6.84405e-05
-0.825  -7.51127e-05
-0.824  -7.85332e-05
-0.823  -7.72042e-05
-0.822  -7.6308e-05
-0.821  -8.0292e-05
-0.82  -8.29983e-05
-0.819  -8.48925e-05
-0.818  -8.51109e-05
-0.817  -8.55771e-05
-0.816  -8.65201e-05
-0.815  -8.33859e-05
-0.814  -8.5011e-05
-0.813  -7.62525e-05
-0.812  -7.43159e-05
-0.811  -6.77617e-05
-0.81  -5.86981e-05
-0.809  -6.24691e-05
-0.808  -6.27799e-05
-0.807  -6.52601e-05
-0.806  -6.16588e-05
-0.805  -6.17697e-05
-0.804  -6.24304e-05
-0.803  -6.06009e-05
-0.802  -6.24857e-05
-0.801  -6.37702e-05
-0.8  -6.39969e-05
-0.799  -6.76402e-05
-0.798  -6.06473e-05
-0.797  -6.13644e-05
-0.796  -6.13116e-05
-0.795  -6.49547e-05
-0.794  -6.48593e-05
-0.793  -5.73707e-05
-0.792  -5.58655e-05
-0.791  -5.78044e-05
-0.79  -5.77145e-05
-0.789  -5.79554e-05
-0.788  -5.53765e-05
-0.787  -5.96921e-05
-0.786  -6.15666e-05
-0.785  -6.09558e-05
-0.784  -6.97701e-05
-0.783  -5.79735e-05
-0.782  -5.54688e-05
-0.781  -5.37624e-05
-0.78  -4.69337e-05
-0.779  -5.32782e-05
-0.778  -4.65677e-05
-0.777  -4.5211e-05
-0.776  -4.61521e-05
-0.775  -5.40261e-05
-0.774  -5.56164e-05
-0.773  -5.47996e-05
-0.772  -6.10277e-05
-0.771  -6.26376e-05
-0.77  -6.3085e-05
-0.769  -7.17791e-05
-0.768  -6.84295e-05
-0.767  -6.73671e-05
-0.766  -7.04474e-05
-0.765  -7.35735e-05
-0.764  -8.17877e-05
-0.763  -7.90955e-05
-0.762  -7.99682e-05
-0.761  -7.97612e-05
-0.76  -8.21064e-05
-0.759  -8.48214e-05
-0.758  -8.42025e-05
-0.757  -8.28979e-05
-0.756  -8.21397e-05
-0.755  -8.04367e-05
-0.754  -8.76464e-05
-0.753  -7.55202e-05
-0.752  -7.10463e-05
-0.751  -7.3236e-05
-0.75  -6.57231e-05
-0.749  -6.96083e-05
-0.748  -6.88394e-05
-0.747  -6.57255e-05
-0.746  -6.55594e-05
-0.745  -7.07366e-05
-0.744  -7.03353e-05
-0.743  -6.66403e-05
-0.742  -7.49403e-05
-0.741  -7.21677e-05
-0.74  -7.44249e-05
-0.739  -7.76775e-05
-0.738  -7.38006e-05
-0.737  -7.39379e-05
-0.736  -7.94424e-05
-0.735  -7.93521e-05
-0.734  -8.86935e-05
-0.733  -8.90271e-05
-0.732  -8.79039e-05
-0.731  -8.72654e-05
-0.73  -8.85149e-05
-0.729  -8.86225e-05
-0.728  -8.62224e-05
-0.727  -8.28867e-05
-0.726  -8.26083e-05
-0.725  -8.28186e-05
-0.724  -9.19152e-05
-0.723  -8.15945e-05
-0.722  -7.98977e-05
-0.721  -7.99456e-05
-0.72  -7.80479e-05
-0.719  -8.30868e-05
-0.718  -8.05951e-05
-0.717  -7.73654e-05
-0.716  -7.89647e-05
-0.715  -8.0244e-05
-0.714  -7.97245e-05
-0.713  -7.79671e-05
-0.712  -8.74775e-05
-0.711  -8.4314e-05
-0.71  -8.7061e-05
-0.709  -9.42447e-05
-0.708  -9.416e-05
-0.707  -9.15271e-05
-0.706  -9.12839e-05
-0.705  -8.63559e-05
-0.704  -9.51554e-05
-0.703  -9.17718e-05
-0.702  -9.13614e-05
-0.701  -9.38039e-05
-0.7  -9.93218e-05
-0.699  -9.9485e-05
-0.698  -9.90166e-05
-0.697  -9.59472e-05
-0.696  -9.73003e-05
-0.695  -9.94393e-05
-0.694  -0.000105167
-0.693  -9.7062e-05
-0.692  -9.26864e-05
-0.691  -9.18697e-05
-0.69  -8.78124e-05
-0.689  -9.00388e-05
-0.688  -8.63321e-05
-0.687  -8.955e-05
-0.686  -9.0941e-05
-0.685  -9.12957e-05
-0.684  -9.30543e-05
-0.683  -9.33956e-05
-0.682  -9.50436e-05
-0.681  -8.98654e-05
-0.68  -8.83086e-05
-0.679  -9.47731e-05
-0.678  -9.41421e-05
-0.677  -9.14022e-05
-0.676  -9.24549e-05
-0.675  -8.34116e-05
-0.674  -8.80742e-05
-0.673  -8.8995e-05
-0.672  -9.20918e-05
-0.671  -9.50911e-05
-0.67  -9.69108e-05
-0.669  -9.96743e-05
-0.668  -9.57636e-05
-0.667  -9.52231e-05
-0.666  -9.69158e-05
-0.665  -9.63861e-05
-0.664  -9.78938e-05
-0.663  -9.23862e-05
-0.662  -8.35118e-05
-0.661  -8.47488e-05
-0.66  -8.16878e-05
-0.659  -8.11818e-05
-0.658  -7.73519e-05
-0.657  -7.48316e-05
-0.656  -7.94812e-05
-0.655  -7.74537e-05
-0.654  -7.76535e-05
-0.653  -7.33235e-05
-0.652  -7.49427e-05
-0.651  -6.95189e-05
-0.65  -6.76541e-05
-0.649  -7.53723e-05
-0.648  -7.53857e-05
-0.647  -7.12735e-05
-0.646  -7.37192e-05
-0.645  -7.31199e-05
-0.644  -7.9976e-05
-0.643  -8.50739e-05
-0.642  -8.82225e-05
-0.641  -9.06467e-05
-0.64  -9.4809e-05
-0.639  -9.51298e-05
-0.638  -9.56306e-05
-0.637  -9.75669e-05
-0.636  -9.67185e-05
-0.635  -9.89405e-05
-0.634  -0.000103287
-0.633  -9.8575e-05
-0.632  -9.54914e-05
-0.631  -9.41917e-05
-0.63  -8.7655e-05
-0.629  -8.28937e-05
-0.628  -7.85347e-05
-0.627  -7.97303e-05
-0.626  -7.64345e-05
-0.625  -7.17961e-05
-0.624  -7.13111e-05
-0.623  -6.9155e-05
-0.622  -6.75274e-05
-0.621  -6.10079e-05
-0.62  -6.3217e-05
-0.619  -6.80456e-05
-0.618  -6.42318e-05
-0.617  -6.48355e-05
-0.616  -6.60251e-05
-0.615  -6.35088e-05
-0.614  -6.9328e-05
-0.613  -7.76388e-05
-0.612  -8.60638e-05
-0.611  -8.95203e-05
-0.61  -9.21663e-05
-0.609  -9.27712e-05
-0.608  -8.95463e-05
-0.607  -9.43225e-05
-0.606  -9.35161e-05
-0.605  -9.91705e-05
-0.604  -0.000103761
-0.603  -0.000103762
-0.602  -0.000103593
-0.601  -9.74489e-05
-0.6  -9.2453e-05
-0.599  -9.31386e-05
-0.598  -8.88394e-05
-0.597  -8.71225e-05
-0.596  -8.23669e-05
-0.595  -7.96017e-05
-0.594  -7.25118e-05
-0.593  -6.7795e-05
-0.592  -6.51021e-05
-0.591  -6.07998e-05
-0.59  -6.24374e-05
-0.589  -6.46126e-05
-0.588  -5.91215e-05
-0.587  -6.07043e-05
-0.586  -5.62762e-05
-0.585  -5.26302e-05
-0.584  -5.53869e-05
-0.583  -5.84396e-05
-0.582  -6.8519e-05
-0.581  -7.15581e-05
-0.58  -6.78618e-05
-0.579  -6.8368e-05
-0.578  -6.85821e-05
-0.577  -7.51116e-05
-0.576  -7.3944e-05
-0.575  -7.92315e-05
-0.574  -8.276e-05
-0.573  -8.84098e-05
-0.572  -9.35378e-05
-0.571  -9.22963e-05
-0.57  -9.3418e-05
-0.569  -9.63753e-05
-0.568  -9.48226e-05
-0.567  -9.62963e-05
-0.566  -9.1768e-05
-0.565  -8.86086e-05
-0.564  -8.79408e-05
-0.563  -8.73589e-05
-0.562  -8.5359e-05
-0.561  -8.53915e-05
-0.56  -8.78434e-05
-0.559  -8.6835e-05
-0.558  -8.28247e-05
-0.557  -7.99321e-05
-0.556  -7.44374e-05
-0.555  -6.94017e-05
-0.554  -6.81997e-05
-0.553  -6.91138e-05
-0.552  -7.33042e-05
-0.551  -7.24743e-05
-0.55  -6.97474e-05
-0.549  -6.68301e-05
-0.548  -6.65701e-05
-0.547  -7.27994e-05
-0.546  -7.04484e-05
-0.545  -7.37625e-05
-0.544  -7.45873e-05
-0.543  -7.63334e-05
-0.542  -7.90605e-05
-0.541  -8.12861e-05
-0.54  -8.66613e-05
-0.539  -8.88148e-05
-0.538  -9.08253e-05
-0.537  -9.56667e-05
-0.536  -9.51691e-05
-0.535  -9.32897e-05
-0.534  -9.52257e-05
-0.533  -9.24234e-05
-0.532  -9.33746e-05
-0.531  -9.31828e-05
-0.53  -9.96193e-05
-0.529  -9.82792e-05
-0.528  -9.54123e-05
-0.527  -9.82851e-05
-0.526  -9.66547e-05
-0.525  -9.22197e-05
-0.524  -9.36977e-05
-0.523  -9.6734e-05
-0.522  -9.49922e-05
-0.521  -9.09774e-05
-0.52  -8.97674e-05
-0.519  -9.16632e-05
-0.518  -8.34426e-05
-0.517  -8.85379e-05
-0.516  -8.90225e-05
-0.515  -8.74504e-05
-0.514  -9.05526e-05
-0.513  -8.92597e-05
-0.512  -9.54784e-05
-0.511  -9.23428e-05
-0.51  -9.89399e-05
-0.509  -9.9724e-05
-0.508  -9.7226e-05
-0.507  -9.75603e-05
-0.506  -9.56226e-05
-0.505  -9.34241e-05
-0.504  -9.38885e-05
-0.503  -9.25804e-05
-0.502  -9.53874e-05
-0.501  -9.34426e-05
-0.5  -9.35335e-05
-0.499  -9.88948e-05
-0.498  -9.35505e-05
-0.497  -9.24872e-05
-0.496  -8.89871e-05
-0.495  -8.65528e-05
-0.494  -9.29679e-05
-0.493  -9.36547e-05
-0.492  -9.56463e-05
-0.491  -8.71655e-05
-0.49  -8.89721e-05
-0.489  -8.89135e-05
-0.488  -8.47736e-05
-0.487  -8.64257e-05
-0.486  -8.72393e-05
-0.485  -8.59915e-05
-0.484  -8.84488e-05
-0.483  -8.64863e-05
-0.482  -8.70213e-05
-0.481  -8.63876e-05
-0.48  -9.02832e-05
-0.479  -8.96418e-05
-0.478  -8.79521e-05
-0.477  -8.91308e-05
-0.476  -8.50702e-05
-0.475  -8.02853e-05
-0.474  -8.04201e-05
-0.473  -7.53647e-05
-0.472  -7.81182e-05
-0.471  -7.48368e-05
-0.47  -7.91023e-05
-0.469  -8.12581e-05
-0.468  -8.17887e-05
-0.467  -8.11256e-05
-0.466  -7.66714e-05
-0.465  -7.37448e-05
-0.464  -7.54012e-05
-0.463  -7.86937e-05
-0.462  -7.71643e-05
-0.461  -7.10429e-05
-0.46  -7.53201e-05
-0.459  -7.54304e-05
-0.458  -7.36367e-05
-0.457  -7.43501e-05
-0.456  -7.50436e-05
-0.455  -7.30814e-05
-0.454  -7.79784e-05
-0.453  -7.80613e-05
-0.452  -8.02021e-05
-0.451  -7.21425e-05
-0.45  -7.75177e-05
-0.449  -7.68683e-05
-0.448  -7.77566e-05
-0.447  -8.01546e-05
-0.446  -7.43981e-05
-0.445  -7.33455e-05
-0.444  -7.28535e-05
-0.443  -7.0661e-05
-0.442  -7.67262e-05
-0.441  -7.20314e-05
-0.44  -7.68254e-05
-0.439  -8.07054e-05
-0.438  -8.18284e-05
-0.437  -8.12179e-05
-0.436  -7.4696e-05
-0.435  -6.72951e-05
-0.434  -6.74559e-05
-0.433  -6.70274e-05
-0.432  -7.30949e-05
-0.431  -6.23705e-05
-0.43  -6.41854e-05
-0.429  -6.34346e-05
-0.428  -6.12967e-05
-0.427  -6.8252e-05
-0.426  -7.12964e-05
-0.425  -7.07909e-05
-0.424  -7.57717e-05
-0.423  -7.47947e-05
-0.422  -7.88271e-05
-0.421  -7.42518e-05
-0.42  -7.64611e-05
-0.419  -7.84311e-05
-0.418  -8.06353e-05
-0.417  -8.52526e-05
-0.416  -8.57192e-05
-0.415  -9.01895e-05
-0.414  -9.25378e-05
-0.413  -9.16439e-05
-0.412  -9.85772e-05
-0.411  -9.53861e-05
-0.41  -9.53508e-05
-0.409  -9.99891e-05
-0.408  -9.59225e-05
-0.407  -9.29636e-05
-0.406  -8.82187e-05
-0.405  -8.14891e-05
-0.404  -7.77688e-05
-0.403  -7.87713e-05
-0.402  -8.04785e-05
-0.401  -7.47397e-05
-0.4  -7.54449e-05
-0.399  -7.41322e-05
-0.398  -6.94374e-05
-0.397  -7.23011e-05
-0.396  -6.99464e-05
-0.395  -6.75003e-05
-0.394  -6.8942e-05
-0.393  -7.47778e-05
-0.392  -7.97052e-05
-0.391  -7.82056e-05
-0.39  -7.96433e-05
-0.389  -8.02528e-05
-0.388  -8.16605e-05
-0.387  -8.70731e-05
-0.386  -8.51174e-05
-0.385  -8.90156e-05
-0.384  -8.92779e-05
-0.383  -9.06053e-05
-0.382  -9.57883e-05
-0.381  -9.34909e-05
-0.38  -9.10429e-05
-0.379  -9.56336e-05
-0.378  -9.46064e-05
-0.377  -9.45371e-05
-0.376  -9.01651e-05
-0.375  -8.57208e-05
-0.374  -7.36644e-05
-0.373  -7.14801e-05
-0.372  -7.33452e-05
-0.371  -6.82097e-05
-0.37  -6.84005e-05
-0.369  -6.87537e-05
-0.368  -6.30937e-05
-0.367  -6.70073e-05
-0.366  -6.25272e-05
-0.365  -6.2376e-05
-0.364  -6.55434e-05
-0.363  -6.60727e-05
-0.362  -6.81785e-05
-0.361  -6.57004e-05
-0.36  -6.7436e-05
-0.359  -6.85439e-05
-0.358  -6.25302e-05
-0.357  -6.56996e-05
-0.356  -6.39792e-05
-0.355  -7.15956e-05
-0.354  -7.17899e-05
-0.353  -7.25187e-05
-0.352  -7.74663e-05
-0.351  -7.65222e-05
-0.35  -7.2502e-05
-0.349  -7.71759e-05
-0.348  -7.88595e-05
-0.347  -8.11244e-05
-0.346  -7.73392e-05
-0.345  -6.94445e-05
-0.344  -6.2116e-05
-0.343  -5.86789e-05
-0.342  -6.06831e-05
-0.341  -5.88161e-05
-0.34  -6.18759e-05
-0.339  -6.9459e-05
-0.338  -6.88565e-05
-0.337  -7.34432e-05
-0.336  -7.397e-05
-0.335  -7.65887e-05
-0.334  -7.86528e-05
-0.333  -7.66606e-05
-0.332  -8.00155e-05
-0.331  -7.61055e-05
-0.33  -7.53824e-05
-0.329  -7.12055e-05
-0.328  -6.99371e-05
-0.327  -7.21333e-05
-0.326  -7.35057e-05
-0.325  -8.27752e-05
-0.324  -8.92638e-05
-0.323  -9.36247e-05
-0.322  -9.38642e-05
-0.321  -8.92435e-05
-0.32  -8.48157e-05
-0.319  -8.63528e-05
-0.318  -8.56837e-05
-0.317  -7.89489e-05
-0.316  -7.55374e-05
-0.315  -6.69385e-05
-0.314  -6.48975e-05
-0.313  -6.15451e-05
-0.312  -6.55706e-05
-0.311  -6.48172e-05
-0.31  -7.09283e-05
-0.309  -7.17167e-05
-0.308  -7.02958e-05
-0.307  -6.92258e-05
-0.306  -6.65686e-05
-0.305  -6.39527e-05
-0.304  -6.08366e-05
-0.303  -5.91785e-05
-0.302  -6.09568e-05
-0.301  -5.85331e-05
-0.3  -5.63295e-05
-0.299  -5.36976e-05
-0.298  -5.72452e-05
-0.297  -5.88856e-05
-0.296  -6.13306e-05
-0.295  -6.87083e-05
-0.294  -7.41824e-05
-0.293  -7.85637e-05
-0.292  -7.70167e-05
-0.291  -7.4537e-05
-0.29  -7.61894e-05
-0.289  -7.88581e-05
-0.288  -8.08776e-05
-0.287  -7.52387e-05
-0.286  -7.45764e-05
-0.285  -7.11479e-05
-0.284  -7.32627e-05
-0.283  -7.2589e-05
-0.282  -7.16473e-05
-0.281  -7.30792e-05
-0.28  -8.10421e-05
-0.279  -8.33359e-05
-0.278  -8.29137e-05
-0.277  -8.81037e-05
-0.276  -8.20435e-05
-0.275  -8.13184e-05
-0.274  -7.66282e-05
-0.273  -7.89746e-05
-0.272  -8.04405e-05
-0.271  -7.94416e-05
-0.27  -7.70294e-05
-0.269  -7.6482e-05
-0.268  -8.05394e-05
-0.267  -8.142e-05
-0.266  -8.58892e-05
-0.265  -9.03089e-05
-0.264  -9.14457e-05
-0.263  -9.41639e-05
-0.262  -9.32849e-05
-0.261  -8.85015e-05
-0.26  -9.00298e-05
-0.259  -9.09715e-05
-0.258  -9.02194e-05
-0.257  -8.70709e-05
-0.256  -8.92295e-05
-0.255  -9.08815e-05
-0.254  -9.09784e-05
-0.253  -9.04738e-05
-0.252  -8.83205e-05
-0.251  -8.69106e-05
-0.25  -8.8513e-05
-0.249  -8.83861e-05
-0.248  -8.79199e-05
-0.247  -9.08398e-05
-0.246  -8.47405e-05
-0.245  -8.69855e-05
-0.244  -8.70975e-05
-0.243  -8.697e-05
-0.242  -8.60817e-05
-0.241  -7.93949e-05
-0.24  -7.66472e-05
-0.239  -7.39385e-05
-0.238  -7.67716e-05
-0.237  -7.76452e-05
-0.236  -7.9301e-05
-0.235  -8.63429e-05
-0.234  -8.48652e-05
-0.233  -8.83135e-05
-0.232  -8.7934e-05
-0.231  -8.79137e-05
-0.23  -8.77759e-05
-0.229  -9.05431e-05
-0.228  -8.85712e-05
-0.227  -8.73845e-05
-0.226  -8.93302e-05
-0.225  -9.05498e-05
-0.224  -8.83258e-05
-0.223  -8.90467e-05
-0.222  -9.42136e-05
-0.221  -9.54753e-05
-0.22  -9.77569e-05
-0.219  -0.000103763
-0.218  -0.000101008
-0.217  -0.000101873
-0.216  -9.47487e-05
-0.215  -9.60399e-05
-0.214  -9.15185e-05
-0.213  -9.12568e-05
-0.212  -9.12615e-05
-0.211  -8.80316e-05
-0.21  -8.44914e-05
-0.209  -7.97074e-05
-0.208  -8.38867e-05
-0.207  -7.98627e-05
-0.206  -8.08541e-05
-0.205  -8.76698e-05
-0.204  -8.56308e-05
-0.203  -8.34527e-05
-0.202  -8.19045e-05
-0.201  -8.09793e-05
-0.2  -7.29635e-05
-0.199  -7.19281e-05
-0.198  -6.76446e-05
-0.197  -6.44142e-05
-0.196  -6.98381e-05
-0.195  -7.43784e-05
-0.194  -7.47339e-05
-0.193  -7.74048e-05
-0.192  -7.79886e-05
-0.191  -7.47651e-05
-0.19  -7.84239e-05
-0.189  -7.81559e-05
-0.188  -7.92975e-05
-0.187  -8.179e-05
-0.186  -7.611e-05
-0.185  -8.20536e-05
-0.184  -8.00777e-05
-0.183  -8.06797e-05
-0.182  -8.19197e-05
-0.181  -8.13644e-05
-0.18  -8.08097e-05
-0.179  -7.63145e-05
-0.178  -8.08878e-05
-0.177  -7.37886e-05
-0.176  -7.35732e-05
-0.175  -8.09039e-05
-0.174  -7.62148e-05
-0.173  -7.72823e-05
-0.172  -7.89919e-05
-0.171  -8.14535e-05
-0.17  -8.06237e-05
-0.169  -7.99187e-05
-0.168  -7.36576e-05
-0.167  -7.24647e-05
-0.166  -7.13831e-05
-0.165  -7.50723e-05
-0.164  -7.51393e-05
-0.163  -7.3453e-05
-0.162  -7.47045e-05
-0.161  -7.01746e-05
-0.16  -7.36232e-05
-0.159  -7.34079e-05
-0.158  -7.50465e-05
-0.157  -7.74663e-05
-0.156  -6.86187e-05
-0.155  -7.43008e-05
-0.154  -7.7095e-05
-0.153  -7.70912e-05
-0.152  -7.682e-05
-0.151  -7.70446e-05
-0.15  -7.75127e-05
-0.149  -7.0329e-05
-0.148  -7.61216e-05
-0.147  -7.07088e-05
-0.146  -7.11816e-05
-0.145  -7.59706e-05
-0.144  -7.37378e-05
-0.143  -7.18587e-05
-0.142  -7.34191e-05
-0.141  -7.81125e-05
-0.14  -7.52661e-05
-0.139  -7.17444e-05
-0.138  -7.31904e-05
-0.137  -8.54267e-05
-0.136  -0.000102438
-0.135  -0.000139546
-0.134  -0.000195308
-0.133  -0.000282042
-0.132  -0.000416902
-0.131  -0.000598694
-0.13  -0.000868572
-0.129  -0.00122017
-0.128  -0.00167698
-0.127  -0.00227018
-0.126  -0.00301092
-0.125  -0.00394226
-0.124  -0.0050853
-0.123  -0.00646391
-0.122  -0.00810402
-0.121  -0.0100054
-0.12  -0.0122171
-0.119  -0.0147297
-0.118  -0.0175877
-0.117  -0.0208239
-0.116  -0.024418
-0.115  -0.0283976
-0.114  -0.0327733
-0.113  -0.0375385
-0.112  -0.0427266
-0.111  -0.0482605
-0.11  -0.0542056
-0.109  -0.0605921
-0.108  -0.0673708
-0.107  -0.0745125
-0.106  -0.082004
-0.105  -0.0897997
-0.104  -0.0979343
-0.103  -0.106393
-0.102  -0.115274
-0.101  -0.124393
-0.1  -0.133806
-0.099  -0.143516
-0.098  -0.15344
-0.097  -0.163655
-0.096  -0.174118
-0.095  -0.184808
-0.094  -0.195756
-0.093  -0.206926
-0.092  -0.218356
-0.091  -0.229914
-0.09  -0.241612
-0.089  -0.253436
-0.088  -0.265448
-0.087  -0.277627
-0.086  -0.289978
-0.085  -0.30242
-0.084  -0.314957
-0.083  -0.327457
-0.082  -0.340071
-0.081  -0.352721
-0.08  -0.365408
-0.079  -0.378174
-0.078  -0.390949
-0.077  -0.403719
-0.076  -0.416471
-0.075  -0.429141
-0.074  -0.441746
-0.073  -0.454308
-0.072  -0.466908
-0.071  -0.479461
-0.07  -0.491964
-0.069  -0.504389
-0.068  -0.516713
-0.067  -0.528952
-0.066  -0.541126
-0.065  -0.553211
-0.064  -0.565253
-0.063  -0.577235
-0.062  -0.589144
-0.061  -0.600914
-0.06  -0.612556
-0.059  -0.624043
-0.058  -0.635435
-0.057  -0.646708
-0.056  -0.6579
-0.055  -0.668966
-0.054  -0.679884
-0.053  -0.690571
-0.052  -0.701078
-0.051  -0.711443
-0.05  -0.721638
-0.049  -0.731673
-0.048  -0.741523
-0.047  -0.751194
-0.046  -0.76067
-0.045  -0.769929
-0.044  -0.778939
-0.043  -0.787745
-0.042  -0.796374
-0.041  -0.804833
-0.04  -0.813101
-0.039  -0.821137
-0.038  -0.828975
-0.037  -0.836569
-0.036  -0.843959
-0.035  -0.851137
-0.034  -0.858159
-0.033  -0.864993
-0.032  -0.87161
-0.031  -0.878037
-0.03  -0.884222
-0.029  -0.890213
-0.028  -0.896001
-0.027  -0.901582
-0.026  -0.906973
-0.025  -0.912221
-0.024  -0.917262
-0.023  -0.92208
-0.022  -0.926652
-0.021  -0.931058
-0.02  -0.935289
-0.019  -0.9393
-0.018  -0.943136
-0.017  -0.946797
-0.016  -0.950278
-0.015  -0.953578
-0.014  -0.95667
-0.013  -0.959582
-0.012  -0.962277
-0.011  -0.964868
-0.01  -0.967305
-0.009  -0.969542
-0.008  -0.971627
-0.007  -0.973543
-0.006  -0.975269
-0.005  -0.976846
-0.004  -0.978286
-0.003  -0.979603
-0.002  -0.980734
-0.001  -0.981752
0  -0.982609
0.001  -0.983358
0.002  -0.983968
0.003  -0.984427
0.004  -0.984738
0.005  -0.98497
0.006  -0.985067
0.007  -0.985054
0.008  -0.984883
0.009  -0.984604
0.01  -0.984242
0.011  -0.983734
0.012  -0.983115
0.013  -0.982411
0.014  -0.981621
0.015  -0.980737
0.016  -0.979742
0.017  -0.978662
0.018  -0.977416
0.019  -0.97613
0.02  -0.974732
0.021  -0.973214
0.022  -0.971645
0.023  -0.969992
0.024  -0.968226
0.025  -0.966405
0.026  -0.964493
0.027  -0.962505
0.028  -0.960414
0.029  -0.958264
0.03  -0.956052
0.031  -0.953805
0.032  -0.951455
0.033  -0.949034
0.034  -0.94652
0.035  -0.943964
0.036  -0.941356
0.037  -0.938721
0.038  -0.936022
0.039  -0.933277
0.04  -0.9305
0.041  -0.927639
0.042  -0.924718
0.043  -0.92178
0.044  -0.918787
0.045  -0.915768
0.046  -0.912718
0.047  -0.909646
0.048  -0.906481
0.049  -0.90329
0.05  -0.90004
0.051  -0.896772
0.052  -0.893467
0.053  -0.890166
0.054  -0.886795
0.055  -0.883403
0.056  -0.87998
0.057  -0.8765
0.058  -0.872985
0.059  -0.869438
0.06  -0.865889
0.061  -0.862338
0.062  -0.858733
0.063  -0.855104
0.064  -0.851444
0.065  -0.847763
0.066  -0.844056
0.067  -0.840368
0.068  -0.836683
0.069  -0.832979
0.07  -0.829237
0.071  -0.825471
0.072  -0.82169
0.073  -0.817918
0.074  -0.814112
0.075  -0.810303
0.076  -0.806518
0.077  -0.802725
0.078  -0.798925
0.079  -0.795084
0.08  -0.791241
0.081  -0.787402
0.082  -0.783558
0.083  -0.779724
0.084  -0.775864
0.085  -0.772012
0.086  -0.768142
0.087  -0.76424
0.088  -0.760339
0.089  -0.756439
0.09  -0.752566
0.091  -0.748681
0.092  -0.744792
0.093  -0.740908
0.094  -0.737021
0.095  -0.733128
0.096  -0.729235
0.097  -0.725367
0.098  -0.721534
0.099  -0.717682
0.1  -0.71381
0.101  -0.709956
0.102  -0.706122
0.103  -0.702296
0.104  -0.698449
0.105  -0.694622
0.106  -0.690838
0.107  -0.687038
0.108  -0.683296
0.109  -0.679506
0.11  -0.675718
0.111  -0.671971
0.112  -0.668217
0.113  -0.66448
0.114  -0.66075
0.115  -0.657027
0.116  -0.653281
0.117  -0.649521
0.118  -0.645787
0.119  -0.642067
0.12  -0.638384
0.121  -0.634673
0.122  -0.630999
0.123  -0.627341
0.124  -0.623699
0.125  -0.620032
0.126  -0.616402
0.127  -0.612776
0.128  -0.60921
0.129  -0.605635
0.13  -0.602035
0.131  -0.59849
0.132  -0.594965
0.133  -0.591433
0.134  -0.587906
0.135  -0.584398
0.136  -0.580941
0.137  -0.577472
0.138  -0.574084
0.139  -0.57063
0.14  -0.567205
0.141  -0.563806
0.142  -0.56041
0.143  -0.557004
0.144  -0.553644
0.145  -0.550277
0.146  -0.546889
0.147  -0.543502
0.148  -0.540163
0.149  -0.536803
0.15  -0.533482
0.151  -0.530147
0.152  -0.526845
0.153  -0.52357
0.154  -0.520338
0.155  -0.51706
0.156  -0.513841
0.157  -0.510593
0.158  -0.507408
0.159  -0.504207
0.16  -0.500994
0.161  -0.497828
0.162  -0.494687
0.163  -0.49154
0.164  -0.48842
0.165  -0.485328
0.166  -0.482242
0.167  -0.47917
0.168  -0.476191
0.169  -0.473143
0.17  -0.470104
0.171  -0.467108
0.172  -0.464105
0.173  -0.461082
0.174  -0.458131
0.175  -0.455141
0.176  -0.452156
0.177  -0.449169
0.178  -0.446235
0.179  -0.443281
0.18  -0.440372
0.181  -0.437462
0.182  -0.434572
0.183  -0.431712
0.184  -0.428875
0.185  -0.426029
0.186  -0.423217
0.187  -0.420384
0.188  -0.417602
0.189  -0.414823
0.19  -0.412029
0.191  -0.409284
0.192  -0.406569
0.193  -0.403833
0.194  -0.401139
0.195  -0.398468
0.196  -0.395813
0.197  -0.393178
0.198  -0.39063
0.199  -0.388004
0.2  -0.385418
0.201  -0.382861
0.202  -0.38028
0.203  -0.377691
0.204  -0.375172
0.205  -0.37262
0.206  -0.370094
0.207  -0.367565
0.208  -0.365089
0.209  -0.362598
0.21  -0.360143
0.211  -0.357684
0.212  -0.355272
0.213  -0.352871
0.214  -0.350499
0.215  -0.348126
0.216  -0.345771
0.217  -0.343404
0.218  -0.341095
0.219  -0.338778
0.22  -0.33647
0.221  -0.33421
0.222  -0.331984
0.223  -0.329733
0.224  -0.327523
0.225  -0.325311
0.226  -0.323129
0.227  -0.320973
0.228  -0.318887
0.229  -0.316743
0.23  -0.314653
0.231  -0.312556
0.232  -0.310454
0.233  -0.308347
0.234  -0.306293
0.235  -0.304221
0.236  -0.302178
0.237  -0.30014
0.238  -0.298132
0.239  -0.296119
0.24  -0.294139
0.241  -0.292153
0.242  -0.29022
0.243  -0.288286
0.244  -0.286403
0.245  -0.284497
0.246  -0.282602
0.247  -0.280702
0.248  -0.27885
0.249  -0.277002
0.25  -0.275166
0.251  -0.273379
0.252  -0.271627
0.253  -0.269844
0.254  -0.268114
0.255  -0.266334
0.256  -0.264589
0.257  -0.262886
0.258  -0.261211
0.259  -0.259495
0.26  -0.257826
0.261  -0.256159
0.262  -0.254492
0.263  -0.252822
0.264  -0.251199
0.265  -0.249556
0.266  -0.247926
0.267  -0.246311
0.268  -0.244699
0.269  -0.243104
0.27  -0.241526
0.271  -0.239935
0.272  -0.238387
0.273  -0.236824
0.274  -0.235334
0.275  -0.233805
0.276  -0.232266
0.277  -0.230746
0.278  -0.22927
0.279  -0.227794
0.28  -0.226317
0.281  -0.224883
0.282  -0.223458
0.283  -0.222021
0.284  -0.220629
0.285  -0.219209
0.286  -0.217804
0.287  -0.216415
0.288  -0.215048
0.289  -0.213648
0.29  -0.212278
0.291  -0.210929
0.292  -0.209578
0.293  -0.208232
0.294  -0.206922
0.295  -0.205594
0.296  -0.20428
0.297  -0.202958
0.298  -0.201647
0.299  -0.200338
0.3  -0.19904
0.301  -0.19774
0.302  -0.196475
0.303  -0.195185
0.304  -0.193947
0.305  -0.192685
0.306  -0.19142
0.307  -0.190171
0.308  -0.188965
0.309  -0.187755
0.31  -0.186541
0.311  -0.185351
0.312  -0.184162
0.313  -0.182972
0.314  -0.181831
0.315  -0.180649
0.316  -0.179489
0.317  -0.178336
0.318  -0.177205
0.319  -0.176056
0.32  -0.174921
0.321  -0.173799
0.322  -0.172695
0.323  -0.171599
0.324  -0.170523
0.325  -0.169445
0.326  -0.168372
0.327  -0.167281
0.328  -0.166211
0.329  -0.165135
0.33  -0.164095
0.331  -0.163034
0.332  -0.162
0.333  -0.160942
0.334  -0.159924
0.335  -0.158906
0.336  -0.157867
0.337  -0.156872
0.338  -0.155887
0.339  -0.154908
0.34  -0.153924
0.341  -0.152956
0.342  -0.151994
0.343  -0.151034
0.344  -0.15012
0.345  -0.149181
0.346  -0.148247
0.347  -0.147318
0.348  -0.146408
0.349  -0.145477
0.35  -0.144566
0.351  -0.143678
0.352  -0.142799
0.353  -0.141941
0.354  -0.141088
0.355  -0.140241
0.356  -0.139363
0.357  -0.1385
0.358  -0.137647
0.359  -0.1368
0.36  -0.135982
0.361  -0.135141
0.362  -0.134325
0.363  -0.133481
0.364  -0.132669
0.365  -0.131861
0.366  -0.131046
0.367  -0.130265
0.368  -0.129488
0.369  -0.128731
0.37  -0.127948
0.371  -0.127194
0.372  -0.126434
0.373  -0.125678
0.374  -0.12497
0.375  -0.124258
0.376  -0.123533
0.377  -0.122808
0.378  -0.122103
0.379  -0.121375
0.38  -0.120664
0.381  -0.11998
0.382  -0.119302
0.383  -0.118626
0.384  -0.117982
0.385  -0.117323
0.386  -0.116636
0.387  -0.115959
0.388  -0.115288
0.389  -0.114632
0.39  -0.113987
0.391  -0.113339
0.392  -0.112704
0.393  -0.112043
0.394  -0.1114
0.395  -0.110773
0.396  -0.110144
0.397  -0.109533
0.398  -0.108915
0.399  -0.108336
0.4  -0.107712
0.401  -0.107127
0.402  -0.106532
0.403  -0.105928
0.404  -0.105368
0.405  -0.10481
0.406  -0.104247
0.407  -0.103669
0.408  -0.103123
0.409  -0.10256
0.41  -0.101995
0.411  -0.101448
0.412  -0.100903
0.413  -0.100362
0.414  -0.0998405
0.415  -0.0993094
0.416  -0.0987605
0.417  -0.0982185
0.418  -0.0976582
0.419  -0.0971436
0.42  -0.0966076
0.421  -0.0960952
0.422  -0.0955711
0.423  -0.0950328
0.424  -0.0945033
0.425  -0.0939895
0.426  -0.0934873
0.427  -0.0929775
0.428  -0.092467
0.429  -0.0919891
0.43  -0.0914797
0.431  -0.0910015
0.432  -0.0905141
0.433  -0.090019
0.434  -0.0895517
0.435  -0.0890839
0.436  -0.0886186
0.437  -0.0881431
0.438  -0.0876736
0.439  -0.0872103
0.44  -0.0867348
0.441  -0.0862856
0.442  -0.0858278
0.443  -0.0853824
0.444  -0.0849445
0.445  -0.0844987
0.446  -0.0840378
0.447  -0.0835818
0.448  -0.0831179
0.449  -0.0826854
0.45  -0.0822414
0.451  -0.0818133
0.452  -0.0813734
0.453  -0.0809277
0.454  -0.0804873
0.455  -0.0800584
0.456  -0.0796395
0.457  -0.0792257
0.458  -0.0788137
0.459  -0.0784162
0.46  -0.078003
0.461  -0.0776136
0.462  -0.0772135
0.463  -0.0768073
0.464  -0.0764219
0.465  -0.0760395
0.466  -0.0756673
0.467  -0.0752799
0.468  -0.0748965
0.469  -0.0745145
0.47  -0.0741141
0.471  -0.0737439
0.472  -0.0733646
0.473  -0.0730064
0.474  -0.0726584
0.475  -0.0723036
0.476  -0.0719292
0.477  -0.0715567
0.478  -0.0711793
0.479  -0.0708267
0.48  -0.0704695
0.481  -0.0701306
0.482  -0.0697857
0.483  -0.069427
0.484  -0.0690838
0.485  -0.0687341
0.486  -0.0684003
0.487  -0.0680715
0.488  -0.0677573
0.489  -0.0674522
0.49  -0.067144
0.491  -0.0668529
0.492  -0.0665463
0.493  -0.0662336
0.494  -0.0659448
0.495  -0.0656483
0.496  -0.0653544
0.497  -0.0650637
0.498  -0.0647705
0.499  -0.0644763
0.5  -0.0641682
0.501  -0.063882
0.502  -0.0635901
0.503  -0.0633116
0.504  -0.063044
0.505  -0.0627789
0.506  -0.062495
0.507  -0.0621921
0.508  -0.0619138
0.509  -0.0616241
0.51  -0.0613503
0.511  -0.0610845
0.512  -0.0608256
0.513  -0.06054
0.514  -0.0602836
0.515  -0.0600168
0.516  -0.05977
0.517  -0.0595222
0.518  -0.0592751
0.519  -0.0590296
0.52  -0.0587947
0.521  -0.0585824
0.522  -0.0583517
0.523  -0.0581132
0.524  -0.0578849
0.525  -0.0576637
0.526  -0.0574541
0.527  -0.0572195
0.528  -0.0570017
0.529  -0.0567761
0.53  -0.0565375
0.531  -0.0563077
0.532  -0.0560911
0.533  -0.0558652
0.534  -0.0556559
0.535  -0.0554307
0.536  -0.0552062
0.537  -0.054967
0.538  -0.054753
0.539  -0.0545128
0.54  -0.0542898
0.541  -0.0540653
0.542  -0.0538496
0.543  -0.0536206
0.544  -0.0534184
0.545  -0.0531919
0.546  -0.0529952
0.547  -0.052795
0.548  -0.0525825
0.549  -0.0523737
0.55  -0.0521739
0.551  -0.0519825
0.552  -0.0517876
0.553  -0.0515911
0.554  -0.0513972
0.555  -0.051209
0.556  -0.0510345
0.557  -0.0508343
0.558  -0.0506516
0.559  -0.0504552
0.56  -0.05026
0.561  -0.0500697
0.562  -0.0498895
0.563  -0.0496811
0.564  -0.0495039
0.565  -0.0493048
0.566  -0.0491112
0.567  -0.0489101
0.568  -0.0487313
0.569  -0.0485279
0.57  -0.0483407
0.571  -0.0481484
0.572  -0.04795
0.573  -0.0477597
0.574  -0.0475845
0.575  -0.0473986
0.576  -0.0472391
0.577  -0.0470673
0.578  -0.0468833
0.579  -0.0467026
0.58  -0.0465263
0.581  -0.0463501
0.582  -0.04618
0.583  -0.0460074
0.584  -0.0458329
0.585  -0.0456624
0.586  -0.0455031
0.587  -0.0453244
0.588  -0.045162
0.589  -0.0449864
0.59  -0.0448189
0.591  -0.0446554
0.592  -0.0444922
0.593  -0.0443092
0.594  -0.0441458
0.595  -0.0439753
0.596  -0.0438095
0.597  -0.0436391
0.598  -0.0434843
0.599  -0.0433172
0.6  -0.0431611
0.601  -0.0430024
0.602  -0.0428312
0.603  -0.0426788
0.604  -0.0425304
0.605  -0.0423845
0.606  -0.0422583
0.607  -0.0421138
0.608  -0.0419531
0.609  -0.0418048
0.61  -0.0416693
0.611  -0.0415232
0.612  -0.0413813
0.613  -0.0412407
0.614  -0.0410897
0.615  -0.0409465
0.616  -0.0408146
0.617  -0.0406709
0.618  -0.0405333
0.619  -0.040385
0.62  -0.0402451
0.621  -0.0401109
0.622  -0.0399712
0.623  -0.0398204
0.624  -0.0396728
0.625  -0.0395355
0.626  -0.0394031
0.627  -0.039278
0.628  -0.0391502
0.629  -0.0390117
0.63  -0.0388877
0.631  -0.0387623
0.632  -0.038618
0.633  -0.0384842
0.634  -0.0383601
0.635  -0.0382468
0.636  -0.038139
0.637  -0.0380243
0.638  -0.0378988
0.639  -0.0377826
0.64  -0.0376816
0.641  -0.0375703
0.642  -0.0374615
0.643  -0.0373591
0.644  -0.0372344
0.645  -0.0371156
0.646  -0.0370019
0.647  -0.0368895
0.648  -0.0367787
0.649  -0.0366583
0.65  -0.0365458
0.651  -0.0364383
0.652  -0.0363305
0.653  -0.0362145
0.654  -0.0360948
0.655  -0.0359881
0.656  -0.0358832
0.657  -0.0357813
0.658  -0.0356706
0.659  -0.0355507
0.66  -0.0354419
0.661  -0.0353407
0.662  -0.0352221
0.663  -0.0351127
0.664  -0.0350097
0.665  -0.0349151
0.666  -0.0348287
0.667  -0.0347327
0.668  -0.0346333
0.669  -0.0345364
0.67  -0.0344645
0.671  -0.0343744
0.672  -0.0342859
0.673  -0.0342004
0.674  -0.0340976
0.675  -0.0339953
0.676  -0.0338982
0.677  -0.0338094
0.678  -0.0337226
0.679  -0.0336279
0.68  -0.0335338
0.681  -0.0334395
0.682  -0.0333509
0.683  -0.0332573
0.684  -0.0331669
0.685  -0.0330689
0.686  -0.0329779
0.687  -0.0328864
0.688  -0.0327906
0.689  -0.0326732
0.69  -0.0325759
0.691  -0.0324796
0.692  -0.0323733
0.693  -0.0322773
0.694  -0.0321873
0.695  -0.0321015
0.696  -0.0320166
0.697  -0.0319246
0.698  -0.0318304
0.699  -0.0317404
0.7  -0.0316732
0.701  -0.0315789
0.702  -0.0314949
0.703  -0.0314101
0.704  -0.0313173
0.705  -0.0312199
0.706  -0.0311289
0.707  -0.0310417
0.708  -0.0309629
0.709  -0.0308747
0.71  -0.0307854
0.711  -0.0306984
0.712  -0.03061
0.713  -0.0305195
0.714  -0.0304286
0.715  -0.0303354
0.716  -0.0302435
0.717  -0.0301533
0.718  -0.0300635
0.719  -0.0299486
0.72  -0.0298546
0.721  -0.0297624
0.722  -0.0296606
0.723  -0.0295707
0.724  -0.0294877
0.725  -0.0294051
0.726  -0.0293228
0.727  -0.0292322
0.728  -0.029139
0.729  -0.0290559
0.73  -0.0289805
0.731  -0.0288828
0.732  -0.0288053
0.733  -0.0287266
0.734  -0.028637
0.735  -0.0285505
0.736  -0.0284654
0.737  -0.0283787
0.738  -0.0283065
0.739  -0.028225
0.74  -0.0281346
0.741  -0.0280565
0.742  -0.0279674
0.743  -0.0278806
0.744  -0.0277929
0.745  -0.0277031
0.746  -0.027622
0.747  -0.0275405
0.748  -0.0274603
0.749  -0.0273647
0.75  -0.0272897
0.751  -0.0272065
0.752  -0.0271201
0.753  -0.027047
0.754  -0.0269651
0.755  -0.0268982
0.756  -0.0268198
0.757  -0.0267482
0.758  -0.0266726
0.759  -0.0266137
0.76  -0.0265389
0.761  -0.0264601
0.762  -0.0263904
0.763  -0.0263231
0.764  -0.0262495
0.765  -0.0261756
0.766  -0.0261027
0.767  -0.0260292
0.768  -0.0259659
0.769  -0.0258896
0.77  -0.0258094
0.771  -0.0257364
0.772  -0.0256598
0.773  -0.0255936
0.774  -0.0255129
0.775  -0.0254384
0.776  -0.0253615
0.777  -0.0252875
0.778  -0.0252098
0.779  -0.0251328
0.78  -0.0250584
0.781  -0.0249846
0.782  -0.0249059
0.783  -0.0248336
0.784  -0.0247525
0.785  -0.0246831
0.786  -0.0246061
0.787  -0.0245402
0.788  -0.0244771
0.789  -0.0244197
0.79  -0.0243523
0.791  -0.024273
0.792  -0.0241974
0.793  -0.0241327
0.794  -0.0240657
0.795  -0.0239963
0.796  -0.0239254
0.797  -0.0238577
0.798  -0.0237932
0.799  -0.0237213
0.8  -0.0236441
0.801  -0.0235788
0.802  -0.0235083
0.803  -0.0234439
0.804  -0.0233719
0.805  -0.023301
0.806  -0.0232203
0.807  -0.0231431
0.808  -0.0230625
0.809  -0.0229841
0.81  -0.0229103
0.811  -0.022844
0.812  -0.0227628
0.813  -0.0226877
0.814  -0.0225994
0.815  -0.0225271
0.816  -0.0224408
0.817  -0.0223683
0.818  -0.0223049
0.819  -0.0222489
0.82  -0.0221757
0.821  -0.0221014
0.822  -0.0220233
0.823  -0.0219598
0.824  -0.0218894
0.825  -0.0218205
0.826  -0.0217515
0.827  -0.0216844
0.828  -0.0216221
0.829  -0.0215506
0.83  -0.0214728
0.831  -0.0214043
0.832  -0.0213338
0.833  -0.0212683
0.834  -0.0211992
0.835  -0.0211314
0.836  -0.0210488
0.837  -0.020966
0.838  -0.0208854
0.839  -0.0208035
0.84  -0.020726
0.841  -0.0206626
0.842  -0.0205782
0.843  -0.020497
0.844  -0.0204097
0.845  -0.0203267
0.846  -0.0202401
0.847  -0.0201574
0.848  -0.0200912
0.849  -0.0200263
0.85  -0.0199472
0.851  -0.0198726
0.852  -0.019801
0.853  -0.0197262
0.854  -0.01965
0.855  -0.0195818
0.856  -0.0195218
0.857  -0.0194488
0.858  -0.0193839
0.859  -0.0193116
0.86  -0.0192328
0.861  -0.0191629
0.862  -0.0190972
0.863  -0.0190268
0.864  -0.0189591
0.865  -0.0188988
0.866  -0.0188214
0.867  -0.0187335
0.868  -0.018652
0.869  -0.0185777
0.87  -0.0184991
0.871  -0.0184304
0.872  -0.0183492
0.873  -0.0182744
0.874  -0.018193
0.875  -0.0181022
0.876  -0.0180162
0.877  -0.0179334
0.878  -0.0178667
0.879  -0.0178009
0.88  -0.0177247
0.881  -0.0176581
0.882  -0.017594
0.883  -0.0175227
0.884  -0.0174392
0.885  -0.0173733
0.886  -0.0173229
0.887  -0.0172592
0.888  -0.0171987
0.889  -0.0171307
0.89  -0.0170607
0.891  -0.016997
0.892  -0.0169349
0.893  -0.0168647
0.894  -0.0168031
0.895  -0.0167514
0.896  -0.0166815
0.897  -0.0166017
0.898  -0.0165262
0.899  -0.0164538
0.9  -0.0163763
0.901  -0.0163086
0.902  -0.0162335
0.903  -0.0161686
0.904  -0.0160938
0.905  -0.016007
0.906  -0.0159264
0.907  -0.0158543
0.908  -0.0157902
0.909  -0.0157277
0.91  -0.0156576
0.911  -0.0155931
0.912  -0.0155314
0.913  -0.0154625
0.914  -0.015388
0.915  -0.0153202
0.916  -0.0152715
0.917  -0.0152094
0.918  -0.0151555
0.919  -0.015089
0.92  -0.0150266
0.921  -0.014968
0.922  -0.0149092
0.923  -0.0148495
0.924  -0.0147909
0.925  -0.0147419
0.926  -0.0146712
0.927  -0.0145989
0.928  -0.0145262
0.929  -0.0144583
0.93  -0.0143884
0.931  -0.0143309
0.932  -0.0142662
0.933  -0.0142017
0.934  -0.0141382
0.935  -0.0140597
0.936  -0.0139889
0.937  -0.0139158
0.938  -0.0138578
0.939  -0.0137909
0.94  -0.0137237
0.941  -0.0136563
0.942  -0.0135844
0.943  -0.0135193
0.944  -0.013446
0.945  -0.0133842
0.946  -0.0133356
0.947  -0.0132778
0.948  -0.0132266
0.949  -0.0131588
0.95  -0.0130948
0.951  -0.0130284
0.952  -0.0129655
0.953  -0.0129095
0.954  -0.0128487
0.955  -0.0127992
0.956  -0.0127378
0.957  -0.0126662
0.958  -0.0125999
0.959  -0.0125377
0.96  -0.0124723
0.961  -0.0124204
0.962  -0.0123502
0.963  -0.0122888
0.964  -0.0122249
0.965  -0.0121462
0.966  -0.0120802
0.967  -0.0120125
0.968  -0.0119635
0.969  -0.0118978
0.97  -0.011835
0.971  -0.0117711
0.972  -0.0117008
0.973  -0.0116367
0.974  -0.0115595
0.975  -0.0114965
0.976  -0.0114454
0.977  -0.0113838
0.978  -0.0113278
0.979  -0.0112636
0.98  -0.0111999
0.981  -0.0111487
0.982  -0.0110879
0.983  -0.0110339
0.984  -0.0109808
0.985  -0.0109267
0.986  -0.0108649
0.987  -0.0107911
0.988  -0.0107301
0.989  -0.0106772
0.99  -0.010617
0.991  -0.0105649
0.992  -0.0105028
0.993  -0.0104487
0.994  -0.0103905
0.995  -0.0103232
0.996  -0.0102711
0.997  -0.0102141
0.998  -0.0101707
0.999  -0.010114
1  -0.0100519
1.001  -0.00999505
1.002  -0.00993069
1.003  -0.00987176
1.004  -0.00980787
1.005  -0.00975567
1.006  -0.00971106
1.007  -0.00965149
1.008  -0.00960126
1.009  -0.0095462
1.01  -0.0094945
1.011  -0.00944167
1.012  -0.00938947
1.013  -0.00933812
1.014  -0.00929146
1.015  -0.00923331
1.016  -0.009177
1.017  -0.00910699
1.018  -0.00905307
1.019  -0.00900785
1.02  -0.00895889
1.021  -0.00890919
1.022  -0.00885853
1.023  -0.00880762
1.024  -0.00875429
1.025  -0.00869596
1.026  -0.00865433
1.027  -0.00860736
1.028  -0.00856667
1.029  -0.00851011
1.03  -0.00845842
1.031  -0.00841443
1.032  -0.00836577
1.033  -0.00831337
1.034  -0.00826322
1.035  -0.00821799
1.036  -0.00817959
1.037  -0.00812812
1.038  -0.00808072
1.039  -0.00802673
1.04  -0.00798634
1.041  -0.00793634
1.042  -0.00789242
1.043  -0.00784703
1.044  -0.0078037
1.045  -0.00775455
1.046  -0.00770666
1.047  -0.00764646
1.048  -0.00760584
1.049  -0.00756608
1.05  -0.00752408
1.051  -0.00747872
1.052  -0.00743428
1.053  -0.00739611
1.054  -0.00734947
1.055  -0.00729874
1.056  -0.0072595
1.057  -0.00721891
1.058  -0.00718681
1.059  -0.00713211
1.06  -0.00709231
1.061  -0.00705135
1.062  -0.00700758
1.063  -0.00696272
1.064  -0.00691884
1.065  -0.00687277
1.066  -0.00683858
1.067  -0.00679136
1.068  -0.00675446
1.069  -0.00670607
1.07  -0.00666749
1.071  -0.00662636
1.072  -0.00658193
1.073  -0.00654078
1.074  -0.00650755
1.075  -0.00646526
1.076  -0.00642262
1.077  -0.00636845
1.078  -0.00633423
1.079  -0.00629429
1.08  -0.0062546
1.081  -0.00621024
1.082  -0.00617094
1.083  -0.00613424
1.084  -0.00609487
1.085  -0.00604794
1.086  -0.00601188
1.087  -0.00597434
1.088  -0.00594006
1.089  -0.00589617
1.09  -0.00585931
1.091  -0.00582117
1.092  -0.00578683
1.093  -0.00574459
1.094  -0.00570891
1.095  -0.00566631
1.096  -0.00563838
1.097  -0.0056023
1.098  -0.00556742
1.099  -0.00553483
1.1  -0.0055042
1.101  -0.00546849
1.102  -0.00542944
1.103  -0.0054008
1.104  -0.00536992
1.105  -0.00533187
1.106  -0.00529772
1.107  -0.00525573
1.108  -0.00522699
1.109  -0.00519374
1.11  -0.00516287
1.111  -0.00512175
1.112  -0.00508935
1.113  -0.00505833
1.114  -0.005029
1.115  -0.00498836
1.116  -0.00495895
1.117  -0.00493141
1.118  -0.00489298
1.119  -0.00485895
1.12  -0.00483043
1.121  -0.00480088
1.122  -0.00476249
1.123  -0.00473429
1.124  -0.00470796
1.125  -0.00467045
1.126  -0.00464621
1.127  -0.00460892
1.128  -0.00457765
1.129  -0.00455717
1.13  -0.00453179
1.131  -0.0045065
1.132  -0.00447837
1.133  -0.00445231
1.134  -0.00442738
1.135  -0.00439963
1.136  -0.00436778
1.137  -0.00433726
1.138  -0.00431424
1.139  -0.00428965
1.14  -0.00427303
1.141  -0.00425346
1.142  -0.00422773
1.143  -0.0042046
1.144  -0.00418821
1.145  -0.00416212
1.146  -0.00414416
1.147  -0.00412516
1.148  -0.00409471
1.149  -0.00406635
1.15  -0.00404442
1.151  -0.00402215
1.152  -0.00400024
1.153  -0.00398132
1.154  -0.00396376
1.155  -0.00393613
1.156  -0.0039206
1.157  -0.00389286
1.158  -0.00387029
1.159  -0.00385256
1.16  -0.00382279
1.161  -0.00380464
1.162  -0.00378296
1.163  -0.00375967
1.164  -0.00373591
1.165  -0.00372163
1.166  -0.00369648
1.167  -0.00367361
1.168  -0.00366392
1.169  -0.0036429
1.17  -0.00362341
1.171  -0.00361016
1.172  -0.00359338
1.173  -0.00357214
1.174  -0.00356585
1.175  -0.0035572
1.176  -0.00354968
1.177  -0.00353969
1.178  -0.00351671
1.179  -0.00350933
1.18  -0.00349597
1.181  -0.00348649
1.182  -0.00347619
1.183  -0.00346466
1.184  -0.00345551
1.185  -0.00343678
1.186  -0.00342688
1.187  -0.00340886
1.188  -0.00340087
1.189  -0.00339479
1.19  -0.00337536
1.191  -0.00335906
1.192  -0.00335088
1.193  -0.0033339
1.194  -0.00331138
1.195  -0.00329929
1.196  -0.0032854
1.197  -0.00327221
1.198  -0.00325468
1.199  -0.00323863
1.2  -0.00322027
1.201  -0.00320951
1.202  -0.00320138
1.203  -0.00318241
1.204  -0.00318064
1.205  -0.0031702
1.206  -0.00316039
1.207  -0.00315404
1.208  -0.00313813
1.209  -0.00313541
1.21  -0.00313599
1.211  -0.00312097
1.212  -0.00311681
1.213  -0.00310492
1.214  -0.00310371
1.215  -0.0030852
1.216  -0.00308021
1.217  -0.00306424
1.218  -0.0030593
1.219  -0.00305945
1.22  -0.00304013
1.221  -0.00302596
1.222  -0.00301625
1.223  -0.00300674
1.224  -0.00299326
1.225  -0.00298747
1.226  -0.00296547
1.227  -0.00295722
1.228  -0.00293661
1.229  -0.00291421
1.23  -0.00290129
1.231  -0.00289014
1.232  -0.00288513
1.233  -0.00286534
1.234  -0.00286728
1.235  -0.0028579
1.236  -0.00286288
1.237  -0.0028547
1.238  -0.00284062
1.239  -0.00284541
1.24  -0.00284658
1.241  -0.00284009
1.242  -0.00283355
1.243  -0.00281937
1.244  -0.0028121
1.245  -0.002801
1.246  -0.00280003
1.247  -0.00279056
1.248  -0.00279066
1.249  -0.00279654
1.25  -0.00278542
1.251  -0.00277587
1.252  -0.00276836
1.253  -0.00275291
1.254  -0.00274532
1.255  -0.00274516
1.256  -0.00273467
1.257  -0.00272811
1.258  -0.00271095
1.259  -0.00269392
1.26  -0.00269005
1.261  -0.00268474
1.262  -0.00269361
1.263  -0.00268556
1.264  -0.00268828
1.265  -0.0026737
1.266  -0.00268123
1.267  -0.00267973
1.268  -0.00266272
1.269  -0.00266092
1.27  -0.0026652
1.271  -0.00266377
1.272  -0.00266106
1.273  -0.00264613
1.274  -0.00262814
1.275  -0.00261267
1.276  -0.00261508
1.277  -0.00260917
1.278  -0.00260857
1.279  -0.00260664
1.28  -0.0025997
1.281  -0.00259586
1.282  -0.00258533
1.283  -0.00257815
1.284  -0.00257414
1.285  -0.00256547
1.286  -0.0025556
1.287  -0.00256127
1.288  -0.00255103
1.289  -0.00254036
1.29  -0.00253408
1.291  -0.00252968
1.292  -0.00254115
1.293  -0.00253575
1.294  -0.00254948
1.295  -0.0025296
1.296  -0.00253322
1.297  -0.0025368
1.298  -0.00253188
1.299  -0.00252903
1.3  -0.00252676
1.301  -0.00253533
1.302  -0.0025384
1.303  -0.00253187
1.304  -0.00253065
1.305  -0.00252382
1.306  -0.00252287
1.307  -0.00252443
1.308  -0.00252097
1.309  -0.00252685
1.31  -0.00253118
1.311  -0.00253066
1.312  -0.00252221
1.313  -0.00251612
1.314  -0.00252736
1.315  -0.00253013
1.316  -0.00251677
1.317  -0.00251999
1.318  -0.00251504
1.319  -0.00250878
1.32  -0.00250547
1.321  -0.00249445
1.322  -0.00250836
1.323  -0.00250694
1.324  -0.00251706
1.325  -0.00250578
1.326  -0.00251364
1.327  -0.00251398
1.328  -0.00250806
1.329  -0.00250613
1.33  -0.00250316
1.331  -0.00251797
1.332  -0.00251937
1.333  -0.00251566
1.334  -0.00251605
1.335  -0.00252316
1.336  -0.00251779
1.337  -0.00251244
1.338  -0.00250675
1.339  -0.00250496
1.34  -0.00251741
1.341  -0.00253281
1.342  -0.00252121
1.343  -0.00250824
1.344  -0.00252082
1.345  -0.00252542
1.346  -0.00252506
1.347  -0.00252182
1.348  -0.00250981
1.349  -0.00249663
1.35  -0.00249528
1.351  -0.00248644
1.352  -0.00249593
1.353  -0.00249096
1.354  -0.00249371
1.355  -0.00249693
1.356  -0.00251733
1.357  -0.00251901
1.358  -0.00251671
1.359  -0.00251214
1.36  -0.00249407
1.361  -0.00250406
1.362  -0.00250354
1.363  -0.00249422
1.364  -0.00248837
1.365  -0.00249631
1.366  -0.00250335
1.367  -0.00249489
1.368  -0.00249938
1.369  -0.00250534
1.37  -0.00252324
1.371  -0.00252809
1.372  -0.00251366
1.373  -0.00250723
1.374  -0.00250245
1.375  -0.00250365
1.376  -0.00249978
1.377  -0.0025093
1.378  -0.00251544
1.379  -0.00250974
1.38  -0.0025103
1.381  -0.00251453
1.382  -0.0025271
1.383  -0.00252158
1.384  -0.00252371
1.385  -0.00252053
1.386  -0.00253698
1.387  -0.00252097
1.388  -0.00252089
1.389  -0.00250993
1.39  -0.00251944
1.391  -0.00252933
1.392  -0.00251091
1.393  -0.00252656
1.394  -0.00252189
1.395  -0.00252256
1.396  -0.00251824
1.397  -0.00250329
1.398  -0.00250493
1.399  -0.00253152
1.4  -0.00254682
1.401  -0.00255314
1.402  -0.0025439
1.403  -0.00252502
1.404  -0.00253604
1.405  -0.00253298
1.406  -0.00255318
1.407  -0.0025419
1.408  -0.00255966
1.409  -0.00253854
1.41  -0.0025367
1.411  -0.00256176
1.412  -0.00256483
1.413  -0.00256348
1.414  -0.00258827
1.415  -0.00260086
1.416  -0.00262031
1.417  -0.00260603
1.418  -0.00259833
1.419  -0.00258278
1.42  -0.00257421
1.421  -0.00257264
1.422  -0.00257436
1.423  -0.00258187
1.424  -0.00259988
1.425  -0.0025929
1.426  -0.0025911
1.427  -0.0025872
1.428  -0.00259234
1.429  -0.00261825
1.43  -0.0026211
1.431  -0.00262769
1.432  -0.00262747
1.433  -0.0025887
1.434  -0.00259052
1.435  -0.00259167
1.436  -0.00262003
1.437  -0.00261845
1.438  -0.00267629
1.439  -0.00272106
1.44  -0.00273563
1.441  -0.00275896
1.442  -0.00275465
1.443  -0.00275526
1.444  -0.00278498
1.445  -0.00281625
1.446  -0.00282728
1.447  -0.00284528
1.448  -0.00285026
1.449  -0.00286959
1.45  -0.00286943
1.451  -0.00288788
1.452  -0.00293224
1.453  -0.00294052
1.454  -0.00295277
1.455  -0.00296149
1.456  -0.00297021
1.457  -0.00294194
1.458  -0.00291368
1.459  -0.0029348
1.46  -0.00294463
1.461  -0.00295447
1.462  -0.00296431
1.463  -0.00296431
1.464  -0.00296431
1.465  -0.00296431
1.466  -0.00296431
1.467  -0.00296431
1.468  -0.00296431
1.469  -0.00296431
1.47  -0.00296431
1.471  -0.00296431
1.472  -0.00296431
1.473  -0.00296431
1.474  -0.00296431
1.475  -0.00296431
1.476  -0.00296431
1.477  -0.00296431
1.478  -0.00296431
1.479  -0.00296431
1.48  -0.00296431
1.481  -0.00296431
1.482  -0.00296431
1.483  -0.00296431
1.484  -0.00296431
1.485  -0.00296431
1.486  -0.00296431
1.487  -0.00296431
1.488  -0.00296431
1.489  -0.00296431
1.49  -0.00296431
1.491  -0.00296431
1.492  -0.00296431
1.493  -0.00296431
1.494  -0.00296431
1.495  -0.00296431
1.496  -0.00296431
1.497  -0.00296431
1.498  -0.00296431
1.499  -0.00296431
1.5  -0.00296431
1.501  -0.00296431
1.502  -0.00296431
1.503  -0.00296431
1.504  -0.00296431
1.505  -0.00296431
1.506  -0.00296431
1.507  -0.00296431
1.508  -0.00296431
1.509  -0.00296431
1.51  -0.00296431
1.511  -0.00296431
1.512  -0.00296431
1.513  -0.00296431
1.514  -0.00296431
1.515  -0.00296431
1.516  -0.00296431
1.517  -0.00296431
1.518  -0.00296431
1.519  -0.00296431
1.52  -0.00296431
1.521  -0.00296431
1.522  -0.00296431
1.523  -0.00296431
1.524  -0.00296431
1.525  -0.00296431
1.526  -0.00296431
1.527  -0.00296431
1.528  -0.00296431
1.529  -0.00296431
1.53  -0.00296431
1.531  -0.00296431
1.532  -0.00296431
1.533  -0.00296431
1.534  -0.00296431
1.535  -0.00296431
1.536  -0.00296431
1.537  -0.00296431
1.538  -0.00296431
1.539  -0.00296431
1.54  -0.00296431
1.541  -0.00296431
1.542  -0.00296431
1.543  -0.00296431
1.544  -0.00296431
1.545  -0.00296431
1.546  -0.00296431
1.547  -0.00296431
1.548  -0.00296431
1.549  -0.00296431
1.55  -0.00296431
1.551  -0.00296431
1.552  -0.00296431
1.553  -0.00296431
1.554  -0.00296431
1.555  -0.00296431
1.556  -0.00296431
1.557  -0.00296431
1.558  -0.00296431
1.559  -0.00296431
1.56  -0.00296431
1.561  -0.00296431
1.562  -0.00296431
1.563  -0.00296431
1.564  -0.00296431
1.565  -0.00296431
1.566  -0.00296431
1.567  -0.00296431
1.568  -0.00296431
1.569  -0.00296431
1.57  -0.00296431
1.571  -0.00296431
1.572  -0.00296431
1.573  -0.00296431
1.574  -0.00296431
1.575  -0.00296431
1.576  -0.00296431
1.577  -0.00296431
1.578  -0.00296431
1.579  -0.00296431
1.58  -0.00296431
1.581  -0.00296431
1.582  -0.00296431
1.583  -0.00296431
1.584  -0.00296431
1.585  -0.00296431
1.586  -0.00296431
1.587  -0.00296431
1.588  -0.00296431
1.589  -0.00296431
1.59  -0.00296431
1.591  -0.00296431
1.592  -0.00296431
1.593  -0.00296431
1.594  -0.00296431
1.595  -0.00296431
1.596  -0.00296431
1.597  -0.00296431
1.598  -0.00296431
1.599  -0.00296431
1.6  -0.00296431
1.601  -0.00296431
1.602  -0.00296431
1.603  -0.00296431
1.604  -0.00296431
1.605  -0.00296431
1.606  -0.00296431
1.607  -0.00296431
1.608  -0.00296431
1.609  -0.00296431
1.61  -0.00296431
1.611  -0.00296431
1.612  -0.00296431
1.613  -0.00296431
1.614  -0.00296431
1.615  -0.00296431
1.616  -0.00296431
1.617  -0.00296431
1.618  -0.00296431
1.619  -0.00296431
1.62  -0.00296431
1.621  -0.00296431
1.622  -0.00296431
1.623  -0.00296431
1.624  -0.00296431
1.625  -0.00296431
1.626  -0.00296431
1.627  -0.00296431
1.628  -0.00296431
1.629  -0.00296431
1.63  -0.00296431
1.631  -0.00296431
1.632  -0.00296431
1.633  -0.00296431
1.634  -0.00296431
1.635  -0.00296431
1.636  -0.00296431
1.637  -0.00296431
1.638  -0.00296431
1.639  -0.00296431
1.64  -0.00296431
1.641  -0.00296431
1.642  -0.00296431
1.643  -0.00296431
1.644  -0.00296431
1.645  -0.00296431
1.646  -0.00296431
1.647  -0.00296431
1.648  -0.00296431
1.649  -0.00296431
1.65  -0.00296431
1.651  -0.00296431
1.652  -0.00296431
1.653  -0.00296431
1.654  -0.00296431
1.655  -0.00296431
1.656  -0.00296431
1.657  -0.00296431
1.658  -0.00296431
1.659  -0.00296431
1.66  -0.00296431
1.661  -0.00296431
1.662  -0.00296431
1.663  -0.00296431
1.664  -0.00296431
1.665  -0.00296431
1.666  -0.00296431
1.667  -0.00296431
1.668  -0.00296431
1.669  -0.00296431
1.67  -0.00296431
1.671  -0.00296431
1.672  -0.00296431
1.673  -0.00296431
1.674  -0.00296431
1.675  -0.00296431
1.676  -0.00296431
1.677  -0.00296431
1.678  -0.00296431
1.679  -0.00296431
1.68  -0.00296431
1.681  -0.00296431
1.682  -0.00296431
1.683  -0.00296431
1.684  -0.00296431
1.685  -0.00296431
1.686  -0.00296431
1.687  -0.00296431
1.688  -0.00296431
1.689  -0.00296431
1.69  -0.00296431
1.691  -0.00296431
1.692  -0.00296431
1.693  -0.00296431
1.694  -0.00296431
1.695  -0.00296431
1.696  -0.00296431
1.697  -0.00296431
1.698  -0.00296431
1.699  -0.00296431
1.7  -0.00296431
1.701  -0.00296431
1.702  -0.00296431
1.703  -0.00296431
1.704  -0.00296431
1.705  -0.00296431
1.706  -0.00296431
1.707  -0.00296431
1.708  -0.00296431
1.709  -0.00296431
1.71  -0.00296431
1.711  -0.00296431
1.712  -0.00296431
1.713  -0.00296431
1.714  -0.00296431
1.715  -0.00296431
1.716  -0.00296431
1.717  -0.00296431
1.718  -0.00296431
1.719  -0.00296431
1.72  -0.00296431
1.721  -0.00296431
1.722  -0.00296431
1.723  -0.00296431
1.724  -0.00296431
1.725  -0.00296431
1.726  -0.00296431
1.727  -0.00296431
1.728  -0.00296431
1.729  -0.00296431
1.73  -0.00296431
1.731  -0.00296431
1.732  -0.00296431
1.733  -0.00296431
1.734  -0.00296431
1.735  -0.00296431
1.736  -0.00296431
1.737  -0.00296431
1.738  -0.00296431
1.739  -0.00296431
1.74  -0.00296431
1.741  -0.00296431
1.742  -0.00296431
1.743  -0.00296431
1.744  -0.00296431
1.745  -0.00296431
1.746  -0.00296431
1.747  -0.00296431
1.748  -0.00296431
1.749  -0.00296431
1.75  -0.00296431
1.751  -0.00296431
1.752  -0.00296431
1.753  -0.00296431
1.754  -0.00296431
1.755  -0.00296431
1.756  -0.00296431
1.757  -0.00296431
1.758  -0.00296431
1.759  -0.00296431
1.76  -0.00296431
1.761  -0.00296431
1.762  -0.00296431
1.763  -0.00296431
1.764  -0.00296431
1.765  -0.00296431
1.766  -0.00296431
1.767  -0.00296431
1.768  -0.00296431
1.769  -0.00296431
1.77  -0.00296431
1.771  -0.00296431
1.772  -0.00296431
1.773  -0.00296431
1.774  -0.00296431
1.775  -0.00296431
1.776  -0.00296431
1.777  -0.00296431
1.778  -0.00296431
1.779  -0.00296431
1.78  -0.00296431
1.781  -0.00296431
1.782  -0.00296431
1.783  -0.00296431
1.784  -0.00296431
1.785  -0.00296431
1.786  -0.00296431
1.787  -0.00296431
1.788  -0.00296431
1.789  -0.00296431
1.79  -0.00296431
1.791  -0.00296431
1.792  -0.00296431
1.793  -0.00296431
1.794  -0.00296431
1.795  -0.00296431
1.796  -0.00296431
1.797  -0.00296431
1.798  -0.00296431
1.799  -0.00296431
1.8  -0.00296431
1.801  -0.00296431
1.802  -0.00296431
1.803  -0.00296431
1.804  -0.00296431
1.805  -0.00296431
1.806  -0.00296431
1.807  -0.00296431
1.808  -0.00296431
1.809  -0.00296431
1.81  -0.00296431
1.811  -0.00296431
1.812  -0.00296431
1.813  -0.00296431
1.814  -0.00296431
1.815  -0.00296431
1.816  -0.00296431
1.817  -0.00296431
1.818  -0.00296431
1.819  -0.00296431
1.82  -0.00296431
1.821  -0.00296431
1.822  -0.00296431
1.823  -0.00296431
1.824  -0.00296431
1.825  -0.00296431
1.826  -0.00296431
1.827  -0.00296431
1.828  -0.00296431
1.829  -0.00296431
1.83  -0.00296431
1.831  -0.00296431
1.832  -0.00296431
1.833  -0.00296431
1.834  -0.00296431
1.835  -0.00296431
1.836  -0.00296431
1.837  -0.00296431
1.838  -0.00296431
1.839  -0.00296431
1.84  -0.00296431
1.841  -0.00296431
1.842  -0.00296431
1.843  -0.00296431
1.844  -0.00296431
1.845  -0.00296431
1.846  -0.00296431
1.847  -0.00296431
1.848  -0.00296431
1.849  -0.00296431
1.85  -0.00296431
1.851  -0.00296431
1.852  -0.00296431
1.853  -0.00296431
1.854  -0.00296431
1.855  -0.00296431
1.856  -0.00296431
1.857  -0.00296431
1.858  -0.00296431
1.859  -0.00296431
1.86  -0.00296431
1.861  -0.00296431
1.862  -0.00296431
1.863  -0.00296431
1.864  -0.00296431
1.865  -0.00296431
1.866  -0.00296431
1.867  -0.00296431
1.868  -0.00296431
1.869  -0.00296431
1.87  -0.00296431
1.871  -0.00296431
1.872  -0.00296431
1.873  -0.00296431
1.874  -0.00296431
1.875  -0.00296431
1.876  -0.00296431
1.877  -0.00296431
1.878  -0.00296431
1.879  -0.00296431
1.88  -0.00296431
1.881  -0.00296431
1.882  -0.00296431
1.883  -0.00296431
1.884  -0.00296431
1.885  -0.00296431
1.886  -0.00296431
1.887  -0.00296431
1.888  -0.00296431
1.889  -0.00296431
1.89  -0.00296431
1.891  -0.00296431
1.892  -0.00296431
1.893  -0.00296431
1.894  -0.00296431
1.895  -0.00296431
1.896  -0.00296431
1.897  -0.00296431
1.898  -0.00296431
1.899  -0.00296431
1.9  -0.00296431
1.901  -0.00296431
1.902  -0.00296431
1.903  -0.00296431
1.904  -0.00296431
1.905  -0.00296431
1.906  -0.00296431
1.907  -0.00296431
1.908  -0.00296431
1.909  -0.00296431
1.91  -0.00296431
1.911  -0.00296431
1.912  -0.00296431
1.913  -0.00296431
1.914  -0.00296431
1.915  -0.00296431
1.916  -0.00296431
1.917  -0.00296431
1.918  -0.00296431
1.919  -0.00296431
1.92  -0.00296431
1.921  -0.00296431
1.922  -0.00296431
1.923  -0.00296431
1.924  -0.00296431
1.925  -0.00296431
1.926  -0.00296431
1.927  -0.00296431
1.928  -0.00296431
1.929  -0.00296431
1.93  -0.00296431
1.931  -0.00296431
1.932  -0.00296431
1.933  -0.00296431
1.934  -0.00296431
1.935  -0.00296431
1.936  -0.00296431
1.937  -0.00296431
1.938  -0.00296431
1.939  -0.00296431
1.94  -0.00296431
1.941  -0.00296431
1.942  -0.00296431
1.943  -0.00296431
1.944  -0.00296431
1.945  -0.00296431
1.946  -0.00296431
1.947  -0.00296431
1.948  -0.00296431
1.949  -0.00296431
1.95  -0.00296431
1.951  -0.00296431
1.952  -0.00296431
1.953  -0.00296431
1.954  -0.00296431
1.955  -0.00296431
1.956  -0.00296431
1.957  -0.00296431
1.958  -0.00296431
1.959  -0.00296431
1.96  -0.00296431
1.961  -0.00296431
1.962  -0.00296431
1.963  -0.00296431
1.964  -0.00296431
1.965  -0.00296431
1.966  -0.00296431
1.967  -0.00296431
1.968  -0.00296431
1.969  -0.00296431
1.97  -0.00296431
1.971  -0.00296431
1.972  -0.00296431
1.973  -0.00296431
1.974  -0.00296431
1.975  -0.00296431
1.976  -0.00296431
1.977  -0.00296431
1.978  -0.00296431
1.979  -0.00296431
1.98  -0.00296431
1.981  -0.00296431
1.982  -0.00296431
1.983  -0.00296431
1.984  -0.00296431
1.985  -0.00296431
1.986  -0.00296431
1.987  -0.00296431
1.988  -0.00296431
1.989  -0.00296431
1.99  -0.00296431
1.991  -0.00296431
1.992  -0.00296431
1.993  -0.00296431
1.994  -0.00296431
1.995  -0.00296431
1.996  -0.00296431
1.997  -0.00296431
1.998  -0.00296431
1.999  -0.00296431
2  -0.00296431
2.001  -0.00296431
2.002  -0.00296431
2.003  -0.00296431
2.004  -0.00296431
2.005  -0.00296431
2.006  -0.00296431
2.007  -0.00296431
2.008  -0.00296431
2.009  -0.00296431
2.01  -0.00296431
2.011  -0.00296431
2.012  -0.00296431
2.013  -0.00296431
2.014  -0.00296431
2.015  -0.00296431
2.016  -0.00296431
2.017  -0.00296431
2.018  -0.00296431
2.019  -0.00296431
2.02  -0.00296431
2.021  -0.00296431
2.022  -0.00296431
2.023  -0.00296431
2.024  -0.00296431
2.025  -0.00296431
2.026  -0.00296431
2.027  -0.00296431
2.028  -0.00296431
2.029  -0.00296431
2.03  -0.00296431
2.031  -0.00296431
2.032  -0.00296431
2.033  -0.00296431
2.034  -0.00296431
2.035  -0.00296431
2.036  -0.00296431
2.037  -0.00296431
2.038  -0.00296431
2.039  -0.00296431
2.04  -0.00296431
2.041  -0.00296431
2.042  -0.00296431
2.043  -0.00296431
2.044  -0.00296431
2.045  -0.00296431
2.046  -0.00296431
2.047  -0.00296431
2.048  -0.00296431
2.049  -0.00296431
2.05  -0.00296431
2.051  -0.00296431
2.052  -0.00296431
2.053  -0.00296431
2.054  -0.00296431
2.055  -0.00296431
2.056  -0.00296431
2.057  -0.00296431
2.058  -0.00296431
2.059  -0.00296431
2.06  -0.00296431
2.061  -0.00296431
2.062  -0.00296431
2.063  -0.00296431
2.064  -0.00296431
2.065  -0.00296431
2.066  -0.00296431
2.067  -0.00296431
2.068  -0.00296431
2.069  -0.00296431
2.07  -0.00296431
2.071  -0.00296431
2.072  -0.00296431
2.073  -0.00296431
2.074  -0.00296431
2.075  -0.00296431
2.076  -0.00296431
2.077  -0.00296431
2.078  -0.00296431
2.079  -0.00296431
2.08  -0.00296431
2.081  -0.00296431
2.082  -0.00296431
2.083  -0.00296431
2.084  -0.00296431
2.085  -0.00296431
2.086  -0.00296431
2.087  -0.00296431
2.088  -0.00296431
2.089  -0.00296431
2.09  -0.00296431
2.091  -0.00296431
2.092  -0.00296431
2.093  -0.00296431
2.094  -0.00296431
2.095  -0.00296431
2.096  -0.00296431
2.097  -0.00296431
2.098  -0.00296431
2.099  -0.00296431
2.1  -0.00296431
2.101  -0.00296431
2.102  -0.00296431
2.103  -0.00296431
2.104  -0.00296431
2.105  -0.00296431
2.106  -0.00296431
2.107  -0.00296431
2.108  -0.00296431
2.109  -0.00296431
2.11  -0.00296431
2.111  -0.00296431
2.112  -0.00296431
2.113  -0.00296431
2.114  -0.00296431
2.115  -0.00296431
2.116  -0.00296431
2.117  -0.00296431
2.118  -0.00296431
2.119  -0.00296431
2.12  -0.00296431
2.121  -0.00296431
2.122  -0.00296431
2.123  -0.00296431
2.124  -0.00296431
2.125  -0.00296431
2.126  -0.00296431
2.127  -0.00296431
2.128  -0.00296431
2.129  -0.00296431
2.13  -0.00296431
2.131  -0.00296431
2.132  -0.00296431
2.133  -0.00296431
2.134  -0.00296431
2.135  -0.00296431
2.136  -0.00296431
2.137  -0.00296431
2.138  -0.00296431
2.139  -0.00296431
2.14  -0.00296431
2.141  -0.00296431
2.142  -0.00296431
2.143  -0.00296431
2.144  -0.00296431
2.145  -0.00296431
2.146  -0.00296431
2.147  -0.00296431
2.148  -0.00296431
2.149  -0.00296431
2.15  -0.00296431
2.151  -0.00296431
2.152  -0.00296431
2.153  -0.00296431
2.154  -0.00296431
2.155  -0.00296431
2.156  -0.00296431
2.157  -0.00296431
2.158  -0.00296431
2.159  -0.00296431
2.16  -0.00296431
2.161  -0.00296431
2.162  -0.00296431
2.163  -0.00296431
2.164  -0.00296431
2.165  -0.00296431
2.166  -0.00296431
2.167  -0.00296431
2.168  -0.00296431
2.169  -0.00296431
2.17  -0.00296431
2.171  -0.00296431
2.172  -0.00296431
2.173  -0.00296431
2.174  -0.00296431
2.175  -0.00296431
2.176  -0.00296431
2.177  -0.00296431
2.178  -0.00296431
2.179  -0.00296431
2.18  -0.00296431
2.181  -0.00296431
2.182  -0.00296431
2.183  -0.00296431
2.184  -0.00296431
2.185  -0.00296431
2.186  -0.00296431
2.187  -0.00296431
2.188  -0.00296431
2.189  -0.00296431
2.19  -0.00296431
2.191  -0.00296431
2.192  -0.00296431
2.193  -0.00296431
2.194  -0.00296431
2.195  -0.00296431
2.196  -0.00296431
2.197  -0.00296431
2.198  -0.00296431
2.199  -0.00296431
2.2  -0.00296431
2.201  -0.00296431
2.202  -0.00296431
2.203  -0.00296431
2.204  -0.00296431
2.205  -0.00296431
2.206  -0.00296431
2.207  -0.00296431
2.208  -0.00296431
2.209  -0.00296431
2.21  -0.00296431
2.211  -0.00296431
2.212  -0.00296431
2.213  -0.00296431
2.214  -0.00296431
2.215  -0.00296431
2.216  -0.00296431
2.217  -0.00296431
2.218  -0.00296431
2.219  -0.00296431
2.22  -0.00296431
2.221  -0.00296431
2.222  -0.00296431
2.223  -0.00296431
2.224  -0.00296431
2.225  -0.00296431
2.226  -0.00296431
2.227  -0.00296431
2.228  -0.00296431
2.229  -0.00296431
2.23  -0.00296431
2.231  -0.00296431
2.232  -0.00296431
2.233  -0.00296431
2.234  -0.00296431
2.235  -0.00296431
2.236  -0.00296431
2.237  -0.00296431
2.238  -0.00296431
2.239  -0.00296431
2.24  -0.00296431
2.241  -0.00296431
2.242  -0.00296431
2.243  -0.00296431
2.244  -0.00296431
2.245  -0.00296431
2.246  -0.00296431
2.247  -0.00296431
2.248  -0.00296431
2.249  -0.00296431
2.25  -0.00296431
2.251  -0.00296431
2.252  -0.00296431
2.253  -0.00296431
2.254  -0.00296431
2.255  -0.00296431
2.256  -0.00296431
2.257  -0.00296431
2.258  -0.00296431
2.259  -0.00296431
2.26  -0.00296431
2.261  -0.00296431
2.262  -0.00296431
2.263  -0.00296431
2.264  -0.00296431
2.265  -0.00296431
2.266  -0.00296431
2.267  -0.00296431
2.268  -0.00296431
2.269  -0.00296431
2.27  -0.00296431
2.271  -0.00296431
2.272  -0.00296431
2.273  -0.00296431
2.274  -0.00296431
2.275  -0.00296431
2.276  -0.00296431
2.277  -0.00296431
2.278  -0.00296431
2.279  -0.00296431
2.28  -0.00296431
2.281  -0.00296431
2.282  -0.00296431
2.283  -0.00296431
2.284  -0.00296431
2.285  -0.00296431
2.286  -0.00296431
2.287  -0.00296431
2.288  -0.00296431
2.289  -0.00296431
2.29  -0.00296431
2.291  -0.00296431
2.292  -0.00296431
2.293  -0.00296431
2.294  -0.00296431
2.295  -0.00296431
2.296  -0.00296431
2.297  -0.00296431
2.298  -0.00296431
2.299  -0.00296431
2.3  -0.00296431
2.301  -0.00296431
2.302  -0.00296431
2.303  -0.00296431
2.304  -0.00296431
2.305  -0.00296431
2.306  -0.00296431
2.307  -0.00296431
2.308  -0.00296431
2.309  -0.00296431
2.31  -0.00296431
2.311  -0.00296431
2.312  -0.00296431
2.313  -0.00296431
2.314  -0.00296431
2.315  -0.00296431
2.316  -0.00296431
2.317  -0.00296431
2.318  -0.00296431
2.319  -0.00296431
2.32  -0.00296431
2.321  -0.00296431
2.322  -0.00296431
2.323  -0.00296431
2.324  -0.00296431
2.325  -0.00296431
2.326  -0.00296431
2.327  -0.00296431
2.328  -0.00296431
2.329  -0.00296431
2.33  -0.00296431
2.331  -0.00296431
2.332  -0.00296431
2.333  -0.00296431
2.334  -0.00296431
2.335  -0.00296431
2.336  -0.00296431
2.337  -0.00296431
2.338  -0.00296431
2.339  -0.00296431
2.34  -0.00296431
2.341  -0.00296431
2.342  -0.00296431
2.343  -0.00296431
2.344  -0.00296431
2.345  -0.00296431
2.346  -0.00296431
2.347  -0.00296431
2.348  -0.00296431
2.349  -0.00296431
2.35  -0.00296431
2.351  -0.00296431
2.352  -0.00296431
2.353  -0.00296431
2.354  -0.00296431
2.355  -0.00296431
2.356  -0.00296431
2.357  -0.00296431
2.358  -0.00296431
2.359  -0.00296431
2.36  -0.00296431
2.361  -0.00296431
2.362  -0.00296431
2.363  -0.00296431
2.364  -0.00296431
2.365  -0.00296431
2.366  -0.00296431
2.367  -0.00296431
2.368  -0.00296431
2.369  -0.00296431
2.37  -0.00296431
2.371  -0.00296431
2.372  -0.00296431
2.373  -0.00296431
2.374  -0.00296431
2.375  -0.00296431
2.376  -0.00296431
2.377  -0.00296431
2.378  -0.00296431
2.379  -0.00296431
2.38  -0.00296431
2.381  -0.00296431
2.382  -0.00296431
2.383  -0.00296431
2.384  -0.00296431
2.385  -0.00296431
2.386  -0.00296431
2.387  -0.00296431
2.388  -0.00296431
2.389  -0.00296431
2.39  -0.00296431
2.391  -0.00296431
2.392  -0.00296431
2.393  -0.00296431
2.394  -0.00296431
2.395  -0.00296431
2.396  -0.00296431
2.397  -0.00296431
2.398  -0.00296431
2.399  -0.00296431
2.4  -0.00296431
2.401  -0.00296431
2.402  -0.00296431
2.403  -0.00296431
2.404  -0.00296431
2.405  -0.00296431
2.406  -0.00296431
2.407  -0.00296431
2.408  -0.00296431
2.409  -0.00296431
2.41  -0.00296431
2.411  -0.00296431
2.412  -0.00296431
2.413  -0.00296431
2.414  -0.00296431
2.415  -0.00296431
2.416  -0.00296431
2.417  -0.00296431
2.418  -0.00296431
2.419  -0.00296431
2.42  -0.00296431
2.421  -0.00296431
2.422  -0.00296431
2.423  -0.00296431
2.424  -0.00296431
2.425  -0.00296431
2.426  -0.00296431
2.427  -0.00296431
2.428  -0.00296431
2.429  -0.00296431
2.43  -0.00296431
2.431  -0.00296431
2.432  -0.00296431
2.433  -0.00296431
2.434  -0.00296431
2.435  -0.00296431
2.436  -0.00296431
2.437  -0.00296431
2.438  -0.00296431
2.439  -0.00296431
2.44  -0.00296431
2.441  -0.00296431
2.442  -0.00296431
2.443  -0.00296431
2.444  -0.00296431
2.445  -0.00296431
2.446  -0.00296431
2.447  -0.00296431
2.448  -0.00296431
2.449  -0.00296431
2.45  -0.00296431
2.451  -0.00296431
2.452  -0.00296431
2.453  -0.00296431
2.454  -0.00296431
2.455  -0.00296431
2.456  -0.00296431
2.457  -0.00296431
2.458  -0.00296431
2.459  -0.00296431
2.46  -0.00296431
2.461  -0.00296431
2.462  -0.00296431
2.463  -0.00296431
2.464  -0.00296431
2.465  -0.00296431
2.466  -0.00296431
2.467  -0.00296431
2.468  -0.00296431
2.469  -0.00296431
2.47  -0.00296431
2.471  -0.00296431
2.472  -0.00296431
2.473  -0.00296431
2.474  -0.00296431
2.475  -0.00296431
2.476  -0.00296431
2.477  -0.00296431
2.478  -0.00296431
2.479  -0.00296431
2.48  -0.00296431
2.481  -0.00296431
2.482  -0.00296431
2.483  -0.00296431
2.484  -0.00296431
2.485  -0.00296431
2.486  -0.00296431
2.487  -0.00296431
2.488  -0.00296431
2.489  -0.00296431
2.49  -0.00296431
2.491  -0.00296431
2.492  -0.00296431
2.493  -0.00296431
2.494  -0.00296431
2.495  -0.00296431
2.496  -0.00296431
2.497  -0.00296431
2.498  -0.00296431
2.499  -0.00296431
