-1.5  0
-1.499  0
-1.498  0
-1.497  0
-1.496  0
-1.495  0
-1.494  0
-1.493  0
-1.492  0
-1.491  0
-1.49  0
-1.489  0
-1.488  0
-1.487  0
-1.486  0
-1.485  0
-1.484  0
-1.483  0
-1.482  0
-1.481  0
-1.48  0
-1.479  0
-1.478  0
-1.477  0
-1.476  0
-1.475  0
-1.474  0
-1.473  0
-1.472  0
-1.471  0
-1.47  0
-1.469  0
-1.468  0
-1.467  0
-1.466  0
-1.465  0
-1.464  0
-1.463  0
-1.462  0
-1.461  0
-1.46  0
-1.459  0
-1.458  0
-1.457  0
-1.456  0
-1.455  0
-1.454  0
-1.453  0
-1.452  0
-1.451  0
-1.45  0
-1.449  0
-1.448  0
-1.447  0
-1.446  0
-1.445  0
-1.444  0
-1.443  0
-1.442  0
-1.441  0
-1.44  0
-1.439  0
-1.438  0
-1.437  0
-1.436  0
-1.435  0
-1.434  0
-1.433  0
-1.432  0
-1.431  0
-1.43  0
-1.429  0
-1.428  0
-1.427  0
-1.426  0
-1.425  0
-1.424  0
-1.423  0
-1.422  0
-1.421  0
-1.42  0
-1.419  0
-1.418  0
-1.417  0
-1.416  0
-1.415  0
-1.414  0
-1.413  0
-1.412  0
-1.411  0
-1.41  0
-1.409  0
-1.408  0
-1.407  0
-1.406  0
-1.405  0
-1.404  0
-1.403  0
-1.402  0
-1.401  0
-1.4  0
-1.399  0
-1.398  0
-1.397  0
-1.396  0
-1.395  0
-1.394  0
-1.393  0
-1.392  0
-1.391  0
-1.39  0
-1.389  0
-1.388  0
-1.387  0
-1.386  0
-1.385  0
-1.384  0
-1.383  0
-1.382  0
-1.381  0
-1.38  0
-1.379  0
-1.378  0
-1.377  0
-1.376  0
-1.375  0
-1.374  0
-1.373  0
-1.372  0
-1.371  0
-1.37  0
-1.369  0
-1.368  0
-1.367  0
-1.366  0
-1.365  0
-1.364  0
-1.363  0
-1.362  0
-1.361  0
-1.36  0
-1.359  0
-1.358  0
-1.357  0
-1.356  0
-1.355  0
-1.354  0
-1.353  0
-1.352  0
-1.351  0
-1.35  0
-1.349  0
-1.348  0
-1.347  0
-1.346  0
-1.345  0
-1.344  0
-1.343  0
-1.342  0
-1.341  0
-1.34  -2.16698e-05
-1.339  -2.19089e-05
-1.338  -2.43948e-05
-1.337  -2.66975e-05
-1.336  -3.02255e-05
-1.335  -3.30828e-05
-1.334  -3.87328e-05
-1.333  -3.99429e-05
-1.332  -5.08651e-05
-1.331  -6.23485e-05
-1.33  -6.70471e-05
-1.329  -6.93202e-05
-1.328  -7.09452e-05
-1.327  -8.884e-05
-1.326  -9.20295e-05
-1.325  -0.000102161
-1.324  -0.00011571
-1.323  -0.000123546
-1.322  -0.000126239
-1.321  -0.000110633
-1.32  -0.000118223
-1.319  -0.000118248
-1.318  -0.00012305
-1.317  -0.000128561
-1.316  -0.000124877
-1.315  -0.00012685
-1.314  -0.000126188
-1.313  -0.000125429
-1.312  -0.000112675
-1.311  -0.000109274
-1.31  -0.000113586
-1.309  -0.000118005
-1.308  -0.000105604
-1.307  -0.000103578
-1.306  -9.86686e-05
-1.305  -9.4725e-05
-1.304  -8.84179e-05
-1.303  -9.04619e-05
-1.302  -9.45814e-05
-1.301  -9.65721e-05
-1.3  -0.000101709
-1.299  -0.000102626
-1.298  -0.000101017
-1.297  -0.000113331
-1.296  -0.000108838
-1.295  -0.000116475
-1.294  -0.000116156
-1.293  -0.000124424
-1.292  -0.000126606
-1.291  -0.000129204
-1.29  -0.000134263
-1.289  -0.000130376
-1.288  -0.000135635
-1.287  -0.000139244
-1.286  -0.00013164
-1.285  -0.00013566
-1.284  -0.000136875
-1.283  -0.000130829
-1.282  -0.000125255
-1.281  -0.00012354
-1.28  -0.000123538
-1.279  -0.000124281
-1.278  -0.000118911
-1.277  -0.000117389
-1.276  -0.000114369
-1.275  -0.000115993
-1.274  -0.000114007
-1.273  -0.000116356
-1.272  -0.000115555
-1.271  -0.000114608
-1.27  -0.00012095
-1.269  -0.000122281
-1.268  -0.000119493
-1.267  -0.000126868
-1.266  -0.000123847
-1.265  -0.000123357
-1.264  -0.00012583
-1.263  -0.000127909
-1.262  -0.000123582
-1.261  -0.000125345
-1.26  -0.000122502
-1.259  -0.000120265
-1.258  -0.000126323
-1.257  -0.000131715
-1.256  -0.000124273
-1.255  -0.000124239
-1.254  -0.000124303
-1.253  -0.000119456
-1.252  -0.000117443
-1.251  -0.000116163
-1.25  -0.000113523
-1.249  -0.000114137
-1.248  -0.000109077
-1.247  -0.000107975
-1.246  -0.000105545
-1.245  -0.000108143
-1.244  -0.000108805
-1.243  -0.000113695
-1.242  -0.000108857
-1.241  -0.000109447
-1.24  -0.000114197
-1.239  -0.000113357
-1.238  -0.000108664
-1.237  -0.000114359
-1.236  -0.000115074
-1.235  -0.000117543
-1.234  -0.000120267
-1.233  -0.000117826
-1.232  -0.000113441
-1.231  -0.000115582
-1.23  -0.00011484
-1.229  -0.000115354
-1.228  -0.000117256
-1.227  -0.00012622
-1.226  -0.000119375
-1.225  -0.000118505
-1.224  -0.000120873
-1.223  -0.00012103
-1.222  -0.000124864
-1.221  -0.000121628
-1.22  -0.00012235
-1.219  -0.000124825
-1.218  -0.000120493
-1.217  -0.000114535
-1.216  -0.000107199
-1.215  -0.0001087
-1.214  -0.000113638
-1.213  -0.000116229
-1.212  -0.000111803
-1.211  -0.000112701
-1.21  -0.000116574
-1.209  -0.000116676
-1.208  -0.000111551
-1.207  -0.00011594
-1.206  -0.000113863
-1.205  -0.000113003
-1.204  -0.000114907
-1.203  -0.000112259
-1.202  -0.00011024
-1.201  -0.000109524
-1.2  -0.000108628
-1.199  -0.000106978
-1.198  -0.000114227
-1.197  -0.000121186
-1.196  -0.000116048
-1.195  -0.000111274
-1.194  -0.000113221
-1.193  -0.00011625
-1.192  -0.000121162
-1.191  -0.000122241
-1.19  -0.00012473
-1.189  -0.000125468
-1.188  -0.000123239
-1.187  -0.000121342
-1.186  -0.000116873
-1.185  -0.000118693
-1.184  -0.000118145
-1.183  -0.000120077
-1.182  -0.000115179
-1.181  -0.000114738
-1.18  -0.000119323
-1.179  -0.000115782
-1.178  -0.00011624
-1.177  -0.000119128
-1.176  -0.000118973
-1.175  -0.00011882
-1.174  -0.000119492
-1.173  -0.000113707
-1.172  -0.000109618
-1.171  -0.000111188
-1.17  -0.000113269
-1.169  -0.000114911
-1.168  -0.000121246
-1.167  -0.000128185
-1.166  -0.000123408
-1.165  -0.000123017
-1.164  -0.00012162
-1.163  -0.000129233
-1.162  -0.000133329
-1.161  -0.000130848
-1.16  -0.000133394
-1.159  -0.000131429
-1.158  -0.000128938
-1.157  -0.000126873
-1.156  -0.000122576
-1.155  -0.00012721
-1.154  -0.000129916
-1.153  -0.000127345
-1.152  -0.000124673
-1.151  -0.000122629
-1.15  -0.000120935
-1.149  -0.000113737
-1.148  -0.000109604
-1.147  -0.000112191
-1.146  -0.000109567
-1.145  -0.000111909
-1.144  -0.000105081
-1.143  -0.000100153
-1.142  -9.77776e-05
-1.141  -0.000100542
-1.14  -0.000109311
-1.139  -0.000110643
-1.138  -0.000117617
-1.137  -0.000122466
-1.136  -0.000115966
-1.135  -0.000113336
-1.134  -0.000112692
-1.133  -0.000115903
-1.132  -0.000117292
-1.131  -0.000119628
-1.13  -0.000124685
-1.129  -0.000123899
-1.128  -0.000119783
-1.127  -0.000122408
-1.126  -0.000119107
-1.125  -0.000125288
-1.124  -0.000130163
-1.123  -0.000129766
-1.122  -0.000125972
-1.121  -0.000115331
-1.12  -0.000115291
-1.119  -0.000104724
-1.118  -0.00010269
-1.117  -0.000104912
-1.116  -0.000100501
-1.115  -0.000104585
-1.114  -9.83452e-05
-1.113  -9.69605e-05
-1.112  -9.16879e-05
-1.111  -9.23324e-05
-1.11  -9.64826e-05
-1.109  -9.91591e-05
-1.108  -9.96177e-05
-1.107  -0.000104706
-1.106  -0.00010098
-1.105  -9.40978e-05
-1.104  -9.6419e-05
-1.103  -9.535e-05
-1.102  -9.98302e-05
-1.101  -0.000104364
-1.1  -0.000108474
-1.099  -0.000111216
-1.098  -0.000106337
-1.097  -0.000108869
-1.096  -0.000105624
-1.095  -0.000111838
-1.094  -0.00011433
-1.093  -0.000118558
-1.092  -0.000116354
-1.091  -0.000111029
-1.09  -0.000111876
-1.089  -0.000110277
-1.088  -0.000105798
-1.087  -0.000106823
-1.086  -0.000105465
-1.085  -0.000108065
-1.084  -0.000107784
-1.083  -0.000106224
-1.082  -9.77822e-05
-1.081  -9.88832e-05
-1.08  -0.000100863
-1.079  -0.000107426
-1.078  -0.000108984
-1.077  -0.000111798
-1.076  -0.000111219
-1.075  -0.000106802
-1.074  -0.000106632
-1.073  -0.000106625
-1.072  -0.000110256
-1.071  -0.000108235
-1.07  -0.000106188
-1.069  -0.00010848
-1.068  -0.000106351
-1.067  -0.000106185
-1.066  -9.91235e-05
-1.065  -0.000103208
-1.064  -0.000104792
-1.063  -0.000107116
-1.062  -0.000107278
-1.061  -0.000103279
-1.06  -0.000101385
-1.059  -9.78702e-05
-1.058  -9.6467e-05
-1.057  -9.48897e-05
-1.056  -9.64573e-05
-1.055  -0.000102108
-1.054  -9.96794e-05
-1.053  -9.72878e-05
-1.052  -9.46634e-05
-1.051  -9.72006e-05
-1.05  -9.92328e-05
-1.049  -0.000102618
-1.048  -0.000103331
-1.047  -0.000108
-1.046  -0.000108158
-1.045  -0.000106187
-1.044  -0.000105999
-1.043  -0.000102797
-1.042  -0.000104526
-1.041  -0.000103464
-1.04  -0.000106331
-1.039  -0.000109993
-1.038  -0.000112135
-1.037  -0.00010678
-1.036  -9.67601e-05
-1.035  -0.000101584
-1.034  -0.000104165
-1.033  -0.000108228
-1.032  -0.00010801
-1.031  -0.000104065
-1.03  -0.000101238
-1.029  -0.000100325
-1.028  -0.000100811
-1.027  -9.99617e-05
-1.026  -9.96368e-05
-1.025  -0.000107554
-1.024  -0.000112623
-1.023  -0.000109584
-1.022  -0.000106879
-1.021  -0.000109624
-1.02  -0.000106619
-1.019  -0.000105267
-1.018  -0.000108549
-1.017  -0.000113517
-1.016  -0.000111405
-1.015  -0.000111444
-1.014  -0.000108863
-1.013  -0.000107268
-1.012  -0.000113147
-1.011  -0.000113118
-1.01  -0.000116972
-1.009  -0.000118261
-1.008  -0.000114933
-1.007  -0.000109074
-1.006  -9.78302e-05
-1.005  -9.62981e-05
-1.004  -9.80101e-05
-1.003  -0.000100735
-1.002  -9.69154e-05
-1.001  -9.71593e-05
-1  -9.61792e-05
-0.999  -9.32481e-05
-0.998  -9.46317e-05
-0.997  -9.43415e-05
-0.996  -9.41698e-05
-0.995  -0.000103994
-0.994  -0.000107477
-0.993  -0.000105778
-0.992  -0.00010878
-0.991  -0.000113765
-0.99  -0.000110696
-0.989  -0.000114804
-0.988  -0.000115319
-0.987  -0.000122942
-0.986  -0.000119936
-0.985  -0.000126063
-0.984  -0.00012325
-0.983  -0.000122046
-0.982  -0.000124982
-0.981  -0.000124439
-0.98  -0.000126223
-0.979  -0.000123263
-0.978  -0.000122852
-0.977  -0.000116657
-0.976  -0.000104221
-0.975  -0.000103444
-0.974  -0.000103488
-0.973  -0.000101485
-0.972  -9.49837e-05
-0.971  -9.69266e-05
-0.97  -9.40434e-05
-0.969  -9.59015e-05
-0.968  -9.69593e-05
-0.967  -0.000100984
-0.966  -9.50415e-05
-0.965  -0.000103469
-0.964  -0.000107367
-0.963  -0.000106994
-0.962  -0.000107189
-0.961  -0.000113932
-0.96  -0.000115562
-0.959  -0.000119867
-0.958  -0.000126295
-0.957  -0.000132951
-0.956  -0.000131337
-0.955  -0.000133919
-0.954  -0.000134924
-0.953  -0.000133382
-0.952  -0.00013543
-0.951  -0.000137352
-0.95  -0.000138984
-0.949  -0.000137107
-0.948  -0.000134307
-0.947  -0.000133035
-0.946  -0.000119984
-0.945  -0.00012026
-0.944  -0.000120273
-0.943  -0.00012457
-0.942  -0.000121683
-0.941  -0.000121875
-0.94  -0.000119454
-0.939  -0.00011506
-0.938  -0.000118409
-0.937  -0.00012163
-0.936  -0.000116922
-0.935  -0.000117344
-0.934  -0.000122726
-0.933  -0.000121848
-0.932  -0.000120696
-0.931  -0.000120451
-0.93  -0.000120477
-0.929  -0.000125598
-0.928  -0.000128911
-0.927  -0.000139029
-0.926  -0.000136606
-0.925  -0.000137971
-0.924  -0.000135329
-0.923  -0.00012872
-0.922  -0.000128989
-0.921  -0.000129415
-0.92  -0.000127226
-0.919  -0.00011874
-0.918  -0.000117324
-0.917  -0.000115133
-0.916  -0.000108141
-0.915  -0.000105988
-0.914  -0.000104613
-0.913  -0.000107659
-0.912  -0.000110818
-0.911  -0.000109997
-0.91  -0.000107184
-0.909  -0.000101209
-0.908  -0.000100317
-0.907  -0.000104999
-0.906  -0.000103817
-0.905  -0.000102259
-0.904  -0.000106446
-0.903  -0.000106533
-0.902  -0.000106732
-0.901  -0.000111392
-0.9  -0.000113138
-0.899  -0.000117527
-0.898  -0.000123034
-0.897  -0.000128282
-0.896  -0.000123873
-0.895  -0.000125949
-0.894  -0.000123115
-0.893  -0.000119257
-0.892  -0.00012157
-0.891  -0.000121427
-0.89  -0.000122741
-0.889  -0.000122002
-0.888  -0.000119057
-0.887  -0.000115932
-0.886  -0.000110556
-0.885  -0.000112673
-0.884  -0.000114115
-0.883  -0.000113815
-0.882  -0.000116248
-0.881  -0.000117612
-0.88  -0.000111024
-0.879  -0.000107975
-0.878  -0.000107128
-0.877  -0.00011248
-0.876  -0.00011403
-0.875  -0.000116094
-0.874  -0.000114234
-0.873  -0.0001149
-0.872  -0.000116303
-0.871  -0.000116572
-0.87  -0.000114387
-0.869  -0.00011615
-0.868  -0.000118477
-0.867  -0.000124024
-0.866  -0.000123272
-0.865  -0.000124676
-0.864  -0.000125792
-0.863  -0.000121674
-0.862  -0.000121459
-0.861  -0.000127907
-0.86  -0.000124202
-0.859  -0.000126298
-0.858  -0.000124624
-0.857  -0.000121873
-0.856  -0.000117808
-0.855  -0.000122089
-0.854  -0.000119354
-0.853  -0.000118875
-0.852  -0.000120402
-0.851  -0.000125027
-0.85  -0.000122326
-0.849  -0.000122156
-0.848  -0.000119603
-0.847  -0.0001222
-0.846  -0.000122273
-0.845  -0.000125864
-0.844  -0.000129431
-0.843  -0.000133932
-0.842  -0.000130989
-0.841  -0.000134666
-0.84  -0.000135931
-0.839  -0.000138884
-0.838  -0.000142467
-0.837  -0.000145102
-0.836  -0.000141235
-0.835  -0.000145871
-0.834  -0.000146771
-0.833  -0.000146444
-0.832  -0.000141304
-0.831  -0.000147201
-0.83  -0.000143646
-0.829  -0.000147512
-0.828  -0.000145115
-0.827  -0.00014354
-0.826  -0.000135141
-0.825  -0.000133216
-0.824  -0.000128137
-0.823  -0.000127582
-0.822  -0.000127319
-0.821  -0.000125538
-0.82  -0.000122786
-0.819  -0.0001197
-0.818  -0.000117641
-0.817  -0.000123718
-0.816  -0.000117886
-0.815  -0.000121278
-0.814  -0.000123409
-0.813  -0.000127411
-0.812  -0.000127155
-0.811  -0.000132712
-0.81  -0.000133346
-0.809  -0.000135738
-0.808  -0.000136991
-0.807  -0.000139036
-0.806  -0.00013815
-0.805  -0.00014187
-0.804  -0.00014027
-0.803  -0.000139668
-0.802  -0.000139544
-0.801  -0.00014166
-0.8  -0.000138667
-0.799  -0.000142666
-0.798  -0.000137864
-0.797  -0.000142232
-0.796  -0.00013179
-0.795  -0.000129516
-0.794  -0.000125729
-0.793  -0.000124867
-0.792  -0.000123226
-0.791  -0.000126189
-0.79  -0.000123354
-0.789  -0.000120941
-0.788  -0.000118803
-0.787  -0.000119739
-0.786  -0.000116231
-0.785  -0.000117258
-0.784  -0.000116204
-0.783  -0.000115342
-0.782  -0.000116272
-0.781  -0.000118676
-0.78  -0.000115656
-0.779  -0.000122683
-0.778  -0.000119857
-0.777  -0.000124654
-0.776  -0.000123465
-0.775  -0.000126051
-0.774  -0.000120556
-0.773  -0.00011729
-0.772  -0.000111436
-0.771  -0.000112233
-0.77  -0.000110745
-0.769  -0.000115596
-0.768  -0.00011466
-0.767  -0.000115864
-0.766  -0.000111957
-0.765  -0.000112417
-0.764  -0.000112473
-0.763  -0.000111543
-0.762  -0.00011442
-0.761  -0.000120845
-0.76  -0.000116924
-0.759  -0.000117009
-0.758  -0.000115928
-0.757  -0.000115761
-0.756  -0.0001124
-0.755  -0.000115392
-0.754  -0.000116022
-0.753  -0.000112331
-0.752  -0.000113097
-0.751  -0.000113994
-0.75  -0.000112459
-0.749  -0.000118779
-0.748  -0.000118982
-0.747  -0.000124079
-0.746  -0.000120943
-0.745  -0.000121748
-0.744  -0.000116844
-0.743  -0.000110823
-0.742  -0.000104186
-0.741  -0.000103906
-0.74  -0.000105661
-0.739  -0.000106077
-0.738  -0.000106283
-0.737  -0.00010899
-0.736  -0.000103485
-0.735  -0.000102657
-0.734  -0.000109451
-0.733  -0.000109619
-0.732  -0.000110391
-0.731  -0.000118199
-0.73  -0.000111299
-0.729  -0.000111097
-0.728  -0.000109551
-0.727  -0.000115088
-0.726  -0.0001127
-0.725  -0.000116118
-0.724  -0.00011808
-0.723  -0.000115671
-0.722  -0.000117846
-0.721  -0.000118781
-0.72  -0.000123345
-0.719  -0.000129576
-0.718  -0.000128278
-0.717  -0.000134939
-0.716  -0.000131711
-0.715  -0.000127585
-0.714  -0.000122622
-0.713  -0.000121707
-0.712  -0.000112853
-0.711  -0.000115355
-0.71  -0.000115139
-0.709  -0.000111935
-0.708  -0.000109533
-0.707  -0.000112014
-0.706  -0.000110959
-0.705  -0.000107108
-0.704  -0.000112392
-0.703  -0.00011309
-0.702  -0.000113656
-0.701  -0.000113749
-0.7  -0.000108447
-0.699  -0.000107989
-0.698  -0.000107029
-0.697  -0.000112669
-0.696  -0.000116196
-0.695  -0.000119692
-0.694  -0.00011766
-0.693  -0.000114214
-0.692  -0.000113521
-0.691  -0.000116906
-0.69  -0.000124044
-0.689  -0.000126232
-0.688  -0.000121885
-0.687  -0.000124545
-0.686  -0.000123883
-0.685  -0.000119944
-0.684  -0.000113643
-0.683  -0.000111403
-0.682  -0.000108054
-0.681  -0.000112671
-0.68  -0.000115916
-0.679  -0.000112144
-0.678  -0.000113018
-0.677  -0.000113653
-0.676  -0.000114738
-0.675  -0.00011272
-0.674  -0.000118137
-0.673  -0.000120685
-0.672  -0.000117025
-0.671  -0.000115202
-0.67  -0.000112467
-0.669  -0.00011647
-0.668  -0.000116587
-0.667  -0.000123042
-0.666  -0.00012303
-0.665  -0.000126679
-0.664  -0.000124548
-0.663  -0.000123206
-0.662  -0.000117875
-0.661  -0.000118293
-0.66  -0.00012718
-0.659  -0.000126022
-0.658  -0.000122642
-0.657  -0.000121429
-0.656  -0.000121706
-0.655  -0.000119866
-0.654  -0.00011457
-0.653  -0.000115515
-0.652  -0.000111134
-0.651  -0.000116932
-0.65  -0.000119497
-0.649  -0.000118082
-0.648  -0.000118086
-0.647  -0.00012344
-0.646  -0.000118605
-0.645  -0.000116229
-0.644  -0.000117298
-0.643  -0.00012156
-0.642  -0.000114947
-0.641  -0.000110674
-0.64  -0.000108217
-0.639  -0.000108487
-0.638  -0.000108277
-0.637  -0.000113899
-0.636  -0.000114312
-0.635  -0.00012089
-0.634  -0.000119552
-0.633  -0.000119434
-0.632  -0.00011421
-0.631  -0.000107852
-0.63  -0.000113177
-0.629  -0.000109386
-0.628  -0.000101772
-0.627  -0.000105397
-0.626  -0.000107737
-0.625  -0.000108374
-0.624  -0.000104945
-0.623  -0.000112095
-0.622  -0.000110943
-0.621  -0.000115426
-0.62  -0.00011948
-0.619  -0.000121133
-0.618  -0.000120087
-0.617  -0.000124578
-0.616  -0.000114863
-0.615  -0.00011476
-0.614  -0.000119791
-0.613  -0.000124952
-0.612  -0.000125154
-0.611  -0.000123286
-0.61  -0.000121275
-0.609  -0.000123855
-0.608  -0.000123883
-0.607  -0.000128522
-0.606  -0.000126779
-0.605  -0.000130823
-0.604  -0.000131081
-0.603  -0.000132142
-0.602  -0.000128287
-0.601  -0.000124784
-0.6  -0.000128927
-0.599  -0.000125121
-0.598  -0.000119222
-0.597  -0.000122356
-0.596  -0.000124854
-0.595  -0.000122192
-0.594  -0.000119862
-0.593  -0.000126375
-0.592  -0.00012477
-0.591  -0.000131386
-0.59  -0.000133924
-0.589  -0.000132008
-0.588  -0.000128256
-0.587  -0.000132543
-0.586  -0.000129359
-0.585  -0.000127591
-0.584  -0.000124769
-0.583  -0.000125736
-0.582  -0.00012372
-0.581  -0.000119555
-0.58  -0.000123413
-0.579  -0.000122901
-0.578  -0.000125406
-0.577  -0.000125824
-0.576  -0.000122219
-0.575  -0.000123141
-0.574  -0.000123164
-0.573  -0.000122946
-0.572  -0.000122332
-0.571  -0.000123134
-0.57  -0.00012943
-0.569  -0.000127737
-0.568  -0.000121287
-0.567  -0.000119951
-0.566  -0.000120654
-0.565  -0.000120353
-0.564  -0.000124691
-0.563  -0.000131006
-0.562  -0.000134659
-0.561  -0.000135065
-0.56  -0.000138152
-0.559  -0.000129523
-0.558  -0.000126292
-0.557  -0.000131899
-0.556  -0.000127884
-0.555  -0.000125905
-0.554  -0.000125371
-0.553  -0.000125767
-0.552  -0.000124028
-0.551  -0.000122382
-0.55  -0.000122486
-0.549  -0.000122099
-0.548  -0.000125509
-0.547  -0.000126583
-0.546  -0.000127412
-0.545  -0.000122358
-0.544  -0.000121699
-0.543  -0.000115334
-0.542  -0.000113636
-0.541  -0.000117978
-0.54  -0.000127712
-0.539  -0.000128485
-0.538  -0.000123235
-0.537  -0.00012455
-0.536  -0.000126319
-0.535  -0.000125802
-0.534  -0.000125534
-0.533  -0.000127425
-0.532  -0.000131374
-0.531  -0.000136587
-0.53  -0.000138785
-0.529  -0.000128852
-0.528  -0.000124902
-0.527  -0.000128871
-0.526  -0.000131163
-0.525  -0.000128004
-0.524  -0.000127861
-0.523  -0.000129725
-0.522  -0.000126328
-0.521  -0.00012669
-0.52  -0.000125201
-0.519  -0.000123483
-0.518  -0.000126134
-0.517  -0.000128815
-0.516  -0.000126914
-0.515  -0.000124431
-0.514  -0.000127467
-0.513  -0.000121725
-0.512  -0.000120637
-0.511  -0.000127035
-0.51  -0.000135045
-0.509  -0.000138241
-0.508  -0.000128754
-0.507  -0.00012721
-0.506  -0.000131934
-0.505  -0.000135558
-0.504  -0.000135385
-0.503  -0.00013513
-0.502  -0.000139739
-0.501  -0.000145422
-0.5  -0.000149164
-0.499  -0.000140563
-0.498  -0.000135392
-0.497  -0.000136966
-0.496  -0.000138147
-0.495  -0.000135528
-0.494  -0.000133447
-0.493  -0.000134661
-0.492  -0.00012978
-0.491  -0.00012764
-0.49  -0.000126192
-0.489  -0.000128158
-0.488  -0.000129802
-0.487  -0.000132667
-0.486  -0.000130185
-0.485  -0.000128605
-0.484  -0.000129922
-0.483  -0.000122333
-0.482  -0.000120138
-0.481  -0.000124626
-0.48  -0.000129133
-0.479  -0.000130829
-0.478  -0.000125103
-0.477  -0.000125952
-0.476  -0.000129939
-0.475  -0.000133958
-0.474  -0.000133704
-0.473  -0.000135255
-0.472  -0.000142654
-0.471  -0.000147605
-0.47  -0.000148149
-0.469  -0.000143828
-0.468  -0.000136975
-0.467  -0.000139193
-0.466  -0.000139858
-0.465  -0.000139961
-0.464  -0.000139906
-0.463  -0.000141255
-0.462  -0.000140112
-0.461  -0.00013951
-0.46  -0.000139667
-0.459  -0.000142199
-0.458  -0.000142084
-0.457  -0.000137675
-0.456  -0.000136339
-0.455  -0.000133689
-0.454  -0.000132361
-0.453  -0.000126599
-0.452  -0.000120508
-0.451  -0.000124353
-0.45  -0.000125332
-0.449  -0.000127287
-0.448  -0.00012262
-0.447  -0.000125429
-0.446  -0.000126201
-0.445  -0.000127044
-0.444  -0.000127962
-0.443  -0.000127423
-0.442  -0.00013592
-0.441  -0.000139925
-0.44  -0.00014033
-0.439  -0.00013783
-0.438  -0.000133626
-0.437  -0.00013363
-0.436  -0.000134052
-0.435  -0.00013646
-0.434  -0.000136711
-0.433  -0.000140233
-0.432  -0.000139166
-0.431  -0.000140893
-0.43  -0.000139139
-0.429  -0.000142514
-0.428  -0.000141409
-0.427  -0.000140611
-0.426  -0.000141223
-0.425  -0.000138235
-0.424  -0.00013542
-0.423  -0.000123313
-0.422  -0.000117538
-0.421  -0.00011985
-0.42  -0.000119794
-0.419  -0.000123401
-0.418  -0.000119396
-0.417  -0.000122457
-0.416  -0.000120306
-0.415  -0.000122365
-0.414  -0.000123205
-0.413  -0.000125261
-0.412  -0.0001293
-0.411  -0.000134747
-0.41  -0.000135266
-0.409  -0.000131771
-0.408  -0.000126768
-0.407  -0.000130455
-0.406  -0.000131884
-0.405  -0.000135956
-0.404  -0.000139918
-0.403  -0.000144576
-0.402  -0.000144486
-0.401  -0.000146121
-0.4  -0.000141686
-0.399  -0.000143967
-0.398  -0.000140552
-0.397  -0.000141972
-0.396  -0.000140707
-0.395  -0.000135634
-0.394  -0.000132905
-0.393  -0.000126289
-0.392  -0.000119419
-0.391  -0.00011875
-0.39  -0.00012158
-0.389  -0.000123249
-0.388  -0.000117545
-0.387  -0.000116646
-0.386  -0.000113325
-0.385  -0.000116292
-0.384  -0.000115285
-0.383  -0.000117498
-0.382  -0.000120101
-0.381  -0.000127877
-0.38  -0.000129032
-0.379  -0.00012741
-0.378  -0.000124368
-0.377  -0.000127404
-0.376  -0.000128039
-0.375  -0.000131588
-0.374  -0.000132547
-0.373  -0.000136026
-0.372  -0.000137727
-0.371  -0.000134114
-0.37  -0.000131215
-0.369  -0.000130943
-0.368  -0.00013033
-0.367  -0.000131402
-0.366  -0.000131677
-0.365  -0.000128468
-0.364  -0.000123794
-0.363  -0.000119804
-0.362  -0.000113287
-0.361  -0.000115777
-0.36  -0.000117717
-0.359  -0.000115413
-0.358  -0.00010876
-0.357  -0.000111047
-0.356  -0.000107889
-0.355  -0.000111046
-0.354  -0.000107989
-0.353  -0.000106644
-0.352  -0.000110013
-0.351  -0.000117845
-0.35  -0.000122192
-0.349  -0.000120075
-0.348  -0.000120433
-0.347  -0.000123149
-0.346  -0.000120082
-0.345  -0.000120996
-0.344  -0.000120344
-0.343  -0.000124213
-0.342  -0.000125389
-0.341  -0.000125387
-0.34  -0.000128429
-0.339  -0.000131856
-0.338  -0.000129444
-0.337  -0.000130644
-0.336  -0.00013284
-0.335  -0.00013537
-0.334  -0.000135462
-0.333  -0.000132378
-0.332  -0.000130649
-0.331  -0.000128362
-0.33  -0.000132536
-0.329  -0.000132911
-0.328  -0.000122255
-0.327  -0.00012301
-0.326  -0.000122364
-0.325  -0.000124864
-0.324  -0.000121684
-0.323  -0.000117966
-0.322  -0.000117968
-0.321  -0.000123984
-0.32  -0.000125457
-0.319  -0.000125284
-0.318  -0.000127588
-0.317  -0.000125099
-0.316  -0.000119955
-0.315  -0.000119306
-0.314  -0.000120106
-0.313  -0.000116663
-0.312  -0.000117728
-0.311  -0.00011522
-0.31  -0.000112222
-0.309  -0.000118315
-0.308  -0.000119235
-0.307  -0.000119635
-0.306  -0.000121683
-0.305  -0.000123643
-0.304  -0.000123677
-0.303  -0.000121343
-0.302  -0.000116858
-0.301  -0.000117098
-0.3  -0.000120313
-0.299  -0.000119206
-0.298  -0.000114308
-0.297  -0.000115911
-0.296  -0.000112692
-0.295  -0.000113031
-0.294  -0.000111052
-0.293  -0.00011428
-0.292  -0.000118481
-0.291  -0.000123119
-0.29  -0.000124555
-0.289  -0.000125402
-0.288  -0.00012626
-0.287  -0.000123693
-0.286  -0.000120824
-0.285  -0.000123925
-0.284  -0.000126486
-0.283  -0.000127159
-0.282  -0.00012603
-0.281  -0.000126533
-0.28  -0.000126851
-0.279  -0.000128667
-0.278  -0.000129723
-0.277  -0.000128599
-0.276  -0.000128696
-0.275  -0.000132822
-0.274  -0.000126966
-0.273  -0.000123781
-0.272  -0.000123019
-0.271  -0.000126604
-0.27  -0.00012891
-0.269  -0.000131232
-0.268  -0.000125476
-0.267  -0.000128121
-0.266  -0.000122847
-0.265  -0.000119923
-0.264  -0.000115025
-0.263  -0.000118405
-0.262  -0.000117215
-0.261  -0.000117419
-0.26  -0.000121271
-0.259  -0.000120436
-0.258  -0.000122898
-0.257  -0.000125768
-0.256  -0.000119251
-0.255  -0.000124327
-0.254  -0.000122584
-0.253  -0.000122359
-0.252  -0.000120693
-0.251  -0.000119815
-0.25  -0.000120045
-0.249  -0.000123868
-0.248  -0.00012013
-0.247  -0.000120022
-0.246  -0.000118754
-0.245  -0.000120172
-0.244  -0.000109393
-0.243  -0.000108048
-0.242  -0.000107755
-0.241  -0.00010822
-0.24  -0.000110114
-0.239  -0.000113647
-0.238  -0.000107649
-0.237  -0.000109629
-0.236  -0.000106269
-0.235  -0.000107801
-0.234  -0.000103964
-0.233  -0.000106063
-0.232  -0.000103482
-0.231  -0.000104971
-0.23  -0.000108357
-0.229  -0.000112512
-0.228  -0.000114173
-0.227  -0.000118804
-0.226  -0.000114933
-0.225  -0.000124238
-0.224  -0.000125669
-0.223  -0.0001251
-0.222  -0.000124645
-0.221  -0.000126708
-0.22  -0.000127018
-0.219  -0.000129546
-0.218  -0.000130966
-0.217  -0.000128119
-0.216  -0.000124218
-0.215  -0.000124153
-0.214  -0.000113542
-0.213  -0.000114492
-0.212  -0.000113383
-0.211  -0.000111422
-0.21  -0.000114236
-0.209  -0.000114574
-0.208  -0.000108787
-0.207  -0.000110247
-0.206  -0.000104492
-0.205  -0.000105725
-0.204  -0.000105062
-0.203  -0.000103932
-0.202  -0.000102347
-0.201  -0.000104635
-0.2  -0.000105926
-0.199  -0.00011096
-0.198  -0.000113586
-0.197  -0.000118531
-0.196  -0.000117136
-0.195  -0.000122629
-0.194  -0.000126012
-0.193  -0.000122771
-0.192  -0.000124652
-0.191  -0.000123132
-0.19  -0.000123468
-0.189  -0.000129293
-0.188  -0.000133072
-0.187  -0.000133023
-0.186  -0.000127331
-0.185  -0.000123893
-0.184  -0.00012097
-0.183  -0.00011988
-0.182  -0.000116689
-0.181  -0.00011592
-0.18  -0.000118855
-0.179  -0.000121249
-0.178  -0.0001178
-0.177  -0.00011973
-0.176  -0.000118026
-0.175  -0.00011593
-0.174  -0.000114504
-0.173  -0.000118159
-0.172  -0.000119875
-0.171  -0.000120193
-0.17  -0.000123379
-0.169  -0.000127293
-0.168  -0.000130261
-0.167  -0.000134148
-0.166  -0.000133843
-0.165  -0.000134795
-0.164  -0.000137848
-0.163  -0.000136465
-0.162  -0.00013879
-0.161  -0.000132342
-0.16  -0.000130942
-0.159  -0.000137718
-0.158  -0.000139282
-0.157  -0.000139217
-0.156  -0.000133712
-0.155  -0.000130821
-0.154  -0.000124382
-0.153  -0.000118751
-0.152  -0.000119136
-0.151  -0.000113168
-0.15  -0.000116766
-0.149  -0.000116179
-0.148  -0.000111317
-0.147  -0.000113588
-0.146  -0.000112604
-0.145  -0.000110942
-0.144  -0.000106448
-0.143  -0.000107449
-0.142  -0.000112893
-0.141  -0.000115119
-0.14  -0.000111243
-0.139  -0.000113109
-0.138  -0.000117237
-0.137  -0.000120386
-0.136  -0.000118914
-0.135  -0.000120051
-0.134  -0.000122513
-0.133  -0.000123492
-0.132  -0.000126082
-0.131  -0.000118797
-0.13  -0.000120639
-0.129  -0.000126265
-0.128  -0.000126262
-0.127  -0.000128993
-0.126  -0.000128779
-0.125  -0.00013114
-0.124  -0.000129238
-0.123  -0.00012229
-0.122  -0.000122954
-0.121  -0.000129488
-0.12  -0.000143892
-0.119  -0.000160783
-0.118  -0.000197394
-0.117  -0.000265455
-0.116  -0.000354103
-0.115  -0.000484944
-0.114  -0.000668069
-0.113  -0.000927614
-0.112  -0.00128505
-0.111  -0.00175221
-0.11  -0.00235385
-0.109  -0.00312272
-0.108  -0.00408386
-0.107  -0.00526886
-0.106  -0.00670832
-0.105  -0.00844204
-0.104  -0.0104963
-0.103  -0.0129053
-0.102  -0.0156949
-0.101  -0.0188928
-0.1  -0.02254
-0.099  -0.0266838
-0.098  -0.0313131
-0.097  -0.0364455
-0.096  -0.0421263
-0.095  -0.0483427
-0.094  -0.0551112
-0.093  -0.0624437
-0.092  -0.0703476
-0.091  -0.0788045
-0.09  -0.0878015
-0.089  -0.097357
-0.088  -0.107429
-0.087  -0.118025
-0.086  -0.129108
-0.085  -0.140655
-0.084  -0.152655
-0.083  -0.165098
-0.082  -0.177961
-0.081  -0.19121
-0.08  -0.204773
-0.079  -0.218683
-0.078  -0.232918
-0.077  -0.247417
-0.076  -0.262182
-0.075  -0.277191
-0.074  -0.29239
-0.073  -0.30776
-0.072  -0.323286
-0.071  -0.338959
-0.07  -0.354712
-0.069  -0.370566
-0.068  -0.386461
-0.067  -0.402377
-0.066  -0.418322
-0.065  -0.434234
-0.064  -0.450094
-0.063  -0.465892
-0.062  -0.481609
-0.061  -0.497233
-0.06  -0.512738
-0.059  -0.528101
-0.058  -0.543308
-0.057  -0.558356
-0.056  -0.573209
-0.055  -0.587877
-0.054  -0.602339
-0.053  -0.616605
-0.052  -0.630647
-0.051  -0.64447
-0.05  -0.658049
-0.049  -0.6714
-0.048  -0.684527
-0.047  -0.697404
-0.046  -0.710051
-0.045  -0.722447
-0.044  -0.734587
-0.043  -0.746476
-0.042  -0.75812
-0.041  -0.769506
-0.04  -0.780637
-0.039  -0.791505
-0.038  -0.802119
-0.037  -0.812465
-0.036  -0.822546
-0.035  -0.832377
-0.034  -0.841926
-0.033  -0.85119
-0.032  -0.860186
-0.031  -0.868897
-0.03  -0.877364
-0.029  -0.885532
-0.028  -0.893424
-0.027  -0.901028
-0.026  -0.908365
-0.025  -0.915443
-0.024  -0.922238
-0.023  -0.928747
-0.022  -0.934968
-0.021  -0.940914
-0.02  -0.946627
-0.019  -0.952023
-0.018  -0.957158
-0.017  -0.96203
-0.016  -0.966619
-0.015  -0.970939
-0.014  -0.974991
-0.013  -0.978777
-0.012  -0.982329
-0.011  -0.985585
-0.01  -0.988598
-0.009  -0.991319
-0.008  -0.993801
-0.007  -0.996017
-0.006  -0.997942
-0.005  -0.999655
-0.004  -1.00112
-0.003  -1.00232
-0.002  -1.00329
-0.001  -1.00398
0  -1.00448
0.001  -1.00473
0.002  -1.00474
0.003  -1.00451
0.004  -1.00407
0.005  -1.00344
0.006  -1.0026
0.007  -1.00153
0.008  -1.00025
0.009  -0.998772
0.01  -0.99716
0.011  -0.995341
0.012  -0.993355
0.013  -0.991231
0.014  -0.988894
0.015  -0.986411
0.016  -0.983813
0.017  -0.981048
0.018  -0.978167
0.019  -0.975139
0.02  -0.972006
0.021  -0.968737
0.022  -0.965394
0.023  -0.961948
0.024  -0.958375
0.025  -0.954727
0.026  -0.951007
0.027  -0.9472
0.028  -0.94332
0.029  -0.939356
0.03  -0.935325
0.031  -0.931232
0.032  -0.927074
0.033  -0.922868
0.034  -0.918607
0.035  -0.914283
0.036  -0.909923
0.037  -0.905482
0.038  -0.90102
0.039  -0.896504
0.04  -0.891955
0.041  -0.887363
0.042  -0.882733
0.043  -0.87808
0.044  -0.873363
0.045  -0.868619
0.046  -0.863876
0.047  -0.859095
0.048  -0.854293
0.049  -0.849473
0.05  -0.844618
0.051  -0.83975
0.052  -0.834859
0.053  -0.829961
0.054  -0.825057
0.055  -0.820139
0.056  -0.81525
0.057  -0.810339
0.058  -0.80544
0.059  -0.800555
0.06  -0.795638
0.061  -0.790735
0.062  -0.785845
0.063  -0.780979
0.064  -0.776116
0.065  -0.77123
0.066  -0.76636
0.067  -0.761494
0.068  -0.756663
0.069  -0.75185
0.07  -0.747019
0.071  -0.742239
0.072  -0.737455
0.073  -0.732697
0.074  -0.727939
0.075  -0.723206
0.076  -0.718508
0.077  -0.713823
0.078  -0.709146
0.079  -0.704519
0.08  -0.699892
0.081  -0.695315
0.082  -0.690744
0.083  -0.686209
0.084  -0.681738
0.085  -0.677269
0.086  -0.672847
0.087  -0.668448
0.088  -0.664085
0.089  -0.659797
0.09  -0.655507
0.091  -0.651263
0.092  -0.647058
0.093  -0.642928
0.094  -0.638809
0.095  -0.63471
0.096  -0.630634
0.097  -0.626629
0.098  -0.622663
0.099  -0.618754
0.1  -0.614815
0.101  -0.610954
0.102  -0.607123
0.103  -0.603308
0.104  -0.599545
0.105  -0.595821
0.106  -0.592112
0.107  -0.588463
0.108  -0.584801
0.109  -0.581208
0.11  -0.577631
0.111  -0.5741
0.112  -0.570572
0.113  -0.567076
0.114  -0.563644
0.115  -0.560229
0.116  -0.556833
0.117  -0.55348
0.118  -0.550138
0.119  -0.546878
0.12  -0.543618
0.121  -0.540382
0.122  -0.537174
0.123  -0.534018
0.124  -0.530864
0.125  -0.527746
0.126  -0.524627
0.127  -0.521581
0.128  -0.518533
0.129  -0.515541
0.13  -0.512515
0.131  -0.509533
0.132  -0.506574
0.133  -0.503611
0.134  -0.500705
0.135  -0.497807
0.136  -0.494897
0.137  -0.492051
0.138  -0.48916
0.139  -0.486301
0.14  -0.483457
0.141  -0.480657
0.142  -0.477852
0.143  -0.475073
0.144  -0.472317
0.145  -0.469562
0.146  -0.466788
0.147  -0.464064
0.148  -0.461324
0.149  -0.458625
0.15  -0.455934
0.151  -0.453261
0.152  -0.450586
0.153  -0.447913
0.154  -0.44523
0.155  -0.442583
0.156  -0.439919
0.157  -0.43732
0.158  -0.434693
0.159  -0.432095
0.16  -0.429456
0.161  -0.426827
0.162  -0.424205
0.163  -0.421564
0.164  -0.418965
0.165  -0.416374
0.166  -0.413741
0.167  -0.411137
0.168  -0.408502
0.169  -0.405891
0.17  -0.403266
0.171  -0.400673
0.172  -0.398084
0.173  -0.395508
0.174  -0.392916
0.175  -0.39031
0.176  -0.387681
0.177  -0.385099
0.178  -0.382489
0.179  -0.379894
0.18  -0.377316
0.181  -0.37474
0.182  -0.37219
0.183  -0.3696
0.184  -0.367022
0.185  -0.364474
0.186  -0.361904
0.187  -0.359389
0.188  -0.35683
0.189  -0.354302
0.19  -0.351767
0.191  -0.349216
0.192  -0.346705
0.193  -0.34418
0.194  -0.341689
0.195  -0.339212
0.196  -0.336717
0.197  -0.334239
0.198  -0.331754
0.199  -0.329301
0.2  -0.326835
0.201  -0.324401
0.202  -0.321983
0.203  -0.319583
0.204  -0.31718
0.205  -0.314789
0.206  -0.312401
0.207  -0.310059
0.208  -0.30771
0.209  -0.305367
0.21  -0.303065
0.211  -0.300776
0.212  -0.298517
0.213  -0.296246
0.214  -0.294015
0.215  -0.291793
0.216  -0.289595
0.217  -0.287459
0.218  -0.285298
0.219  -0.283171
0.22  -0.281047
0.221  -0.278942
0.222  -0.276883
0.223  -0.274832
0.224  -0.272835
0.225  -0.270833
0.226  -0.26884
0.227  -0.266875
0.228  -0.264933
0.229  -0.263023
0.23  -0.261118
0.231  -0.259254
0.232  -0.257419
0.233  -0.255594
0.234  -0.25381
0.235  -0.252035
0.236  -0.250266
0.237  -0.248536
0.238  -0.246839
0.239  -0.245138
0.24  -0.243492
0.241  -0.241864
0.242  -0.240257
0.243  -0.238646
0.244  -0.237091
0.245  -0.235546
0.246  -0.234036
0.247  -0.232567
0.248  -0.231093
0.249  -0.229623
0.25  -0.228179
0.251  -0.226754
0.252  -0.225353
0.253  -0.223959
0.254  -0.222613
0.255  -0.221267
0.256  -0.219932
0.257  -0.218604
0.258  -0.21731
0.259  -0.216033
0.26  -0.214739
0.261  -0.2135
0.262  -0.21227
0.263  -0.211045
0.264  -0.209853
0.265  -0.208662
0.266  -0.207465
0.267  -0.206293
0.268  -0.205161
0.269  -0.203995
0.27  -0.202873
0.271  -0.201762
0.272  -0.200651
0.273  -0.199531
0.274  -0.198446
0.275  -0.197369
0.276  -0.196297
0.277  -0.195247
0.278  -0.194183
0.279  -0.193127
0.28  -0.192055
0.281  -0.191019
0.282  -0.189972
0.283  -0.18892
0.284  -0.187891
0.285  -0.186856
0.286  -0.18581
0.287  -0.184756
0.288  -0.183735
0.289  -0.182708
0.29  -0.181659
0.291  -0.180654
0.292  -0.179637
0.293  -0.178604
0.294  -0.177573
0.295  -0.176552
0.296  -0.175503
0.297  -0.174473
0.298  -0.173465
0.299  -0.172432
0.3  -0.171394
0.301  -0.17038
0.302  -0.169354
0.303  -0.168311
0.304  -0.167293
0.305  -0.166283
0.306  -0.165255
0.307  -0.164233
0.308  -0.163188
0.309  -0.162165
0.31  -0.16112
0.311  -0.160095
0.312  -0.159075
0.313  -0.158041
0.314  -0.157016
0.315  -0.156007
0.316  -0.154963
0.317  -0.153914
0.318  -0.152873
0.319  -0.15184
0.32  -0.150788
0.321  -0.149773
0.322  -0.148753
0.323  -0.147709
0.324  -0.146663
0.325  -0.145639
0.326  -0.144597
0.327  -0.143577
0.328  -0.142559
0.329  -0.141524
0.33  -0.140506
0.331  -0.139487
0.332  -0.138483
0.333  -0.137465
0.334  -0.136462
0.335  -0.135497
0.336  -0.134506
0.337  -0.133548
0.338  -0.132568
0.339  -0.131619
0.34  -0.130646
0.341  -0.129703
0.342  -0.128781
0.343  -0.127847
0.344  -0.126929
0.345  -0.126026
0.346  -0.125107
0.347  -0.124196
0.348  -0.123305
0.349  -0.122413
0.35  -0.121528
0.351  -0.120677
0.352  -0.119833
0.353  -0.118976
0.354  -0.118118
0.355  -0.117293
0.356  -0.11645
0.357  -0.115641
0.358  -0.114836
0.359  -0.114038
0.36  -0.113253
0.361  -0.112464
0.362  -0.111714
0.363  -0.110965
0.364  -0.110235
0.365  -0.109541
0.366  -0.108826
0.367  -0.10813
0.368  -0.107434
0.369  -0.106768
0.37  -0.106084
0.371  -0.105428
0.372  -0.104794
0.373  -0.104157
0.374  -0.103529
0.375  -0.102926
0.376  -0.102314
0.377  -0.101708
0.378  -0.101127
0.379  -0.10054
0.38  -0.0999569
0.381  -0.0993958
0.382  -0.0988387
0.383  -0.0982761
0.384  -0.0977114
0.385  -0.097186
0.386  -0.0966457
0.387  -0.0961218
0.388  -0.0956084
0.389  -0.0950881
0.39  -0.0945726
0.391  -0.0940606
0.392  -0.0935719
0.393  -0.0930993
0.394  -0.0926157
0.395  -0.0921621
0.396  -0.0916906
0.397  -0.0912181
0.398  -0.0907463
0.399  -0.0903003
0.4  -0.089827
0.401  -0.089368
0.402  -0.0889249
0.403  -0.0884717
0.404  -0.0880119
0.405  -0.0875723
0.406  -0.0871184
0.407  -0.0866602
0.408  -0.0862323
0.409  -0.0857769
0.41  -0.0853183
0.411  -0.0848711
0.412  -0.0844094
0.413  -0.0839486
0.414  -0.0834744
0.415  -0.0830261
0.416  -0.0825649
0.417  -0.0820972
0.418  -0.0816409
0.419  -0.0811789
0.42  -0.0807148
0.421  -0.0802349
0.422  -0.0797571
0.423  -0.0792999
0.424  -0.0788217
0.425  -0.078369
0.426  -0.077892
0.427  -0.0774025
0.428  -0.0769272
0.429  -0.0764552
0.43  -0.0759529
0.431  -0.0754639
0.432  -0.0749879
0.433  -0.0745075
0.434  -0.0739985
0.435  -0.0735161
0.436  -0.0730197
0.437  -0.072519
0.438  -0.0720353
0.439  -0.0715236
0.44  -0.0710145
0.441  -0.0705285
0.442  -0.0700119
0.443  -0.0695022
0.444  -0.0689688
0.445  -0.0684561
0.446  -0.067937
0.447  -0.0674128
0.448  -0.0669034
0.449  -0.0664002
0.45  -0.0658852
0.451  -0.0653533
0.452  -0.0648206
0.453  -0.0643156
0.454  -0.0637786
0.455  -0.0632732
0.456  -0.0627449
0.457  -0.062223
0.458  -0.0617147
0.459  -0.061209
0.46  -0.0606767
0.461  -0.0601653
0.462  -0.059671
0.463  -0.0591802
0.464  -0.0586616
0.465  -0.0581729
0.466  -0.057672
0.467  -0.0571785
0.468  -0.056692
0.469  -0.0561999
0.47  -0.0557217
0.471  -0.0552542
0.472  -0.0547806
0.473  -0.0543165
0.474  -0.0538413
0.475  -0.0533847
0.476  -0.0529141
0.477  -0.0524596
0.478  -0.0520198
0.479  -0.0515982
0.48  -0.0511638
0.481  -0.050721
0.482  -0.050288
0.483  -0.0498904
0.484  -0.0494603
0.485  -0.0490647
0.486  -0.0486575
0.487  -0.0482656
0.488  -0.0478899
0.489  -0.0475147
0.49  -0.047136
0.491  -0.0467599
0.492  -0.0464174
0.493  -0.0460685
0.494  -0.0457109
0.495  -0.0453793
0.496  -0.0450364
0.497  -0.044706
0.498  -0.0443732
0.499  -0.0440564
0.5  -0.0437485
0.501  -0.0434421
0.502  -0.0431346
0.503  -0.0428478
0.504  -0.042554
0.505  -0.0422758
0.506  -0.0419892
0.507  -0.0416946
0.508  -0.0414292
0.509  -0.0411726
0.51  -0.0409168
0.511  -0.0406497
0.512  -0.0403922
0.513  -0.0401542
0.514  -0.0399074
0.515  -0.039675
0.516  -0.0394396
0.517  -0.0392168
0.518  -0.0389956
0.519  -0.0387769
0.52  -0.0385587
0.521  -0.0383381
0.522  -0.0381343
0.523  -0.0379248
0.524  -0.03771
0.525  -0.0374979
0.526  -0.0372919
0.527  -0.0370915
0.528  -0.0368729
0.529  -0.0366758
0.53  -0.0364694
0.531  -0.036278
0.532  -0.036077
0.533  -0.0358778
0.534  -0.0356728
0.535  -0.035476
0.536  -0.0352732
0.537  -0.0350554
0.538  -0.0348535
0.539  -0.0346601
0.54  -0.0344585
0.541  -0.0342606
0.542  -0.0340566
0.543  -0.0338524
0.544  -0.0336517
0.545  -0.0334562
0.546  -0.0332419
0.547  -0.0330408
0.548  -0.0328288
0.549  -0.0326238
0.55  -0.0324057
0.551  -0.0321927
0.552  -0.0319797
0.553  -0.0317666
0.554  -0.0315405
0.555  -0.0313107
0.556  -0.0310899
0.557  -0.0308663
0.558  -0.0306281
0.559  -0.030401
0.56  -0.0301519
0.561  -0.02992
0.562  -0.0296858
0.563  -0.0294424
0.564  -0.0291943
0.565  -0.0289486
0.566  -0.0287158
0.567  -0.028454
0.568  -0.0281999
0.569  -0.0279556
0.57  -0.0276953
0.571  -0.0274541
0.572  -0.0272
0.573  -0.0269412
0.574  -0.0266833
0.575  -0.0264333
0.576  -0.0261759
0.577  -0.0259179
0.578  -0.0256611
0.579  -0.025406
0.58  -0.02515
0.581  -0.0248961
0.582  -0.0246413
0.583  -0.0243855
0.584  -0.0241316
0.585  -0.0238642
0.586  -0.0236141
0.587  -0.0233662
0.588  -0.0231115
0.589  -0.0228684
0.59  -0.0226011
0.591  -0.0223624
0.592  -0.0221225
0.593  -0.0218794
0.594  -0.0216315
0.595  -0.0213885
0.596  -0.0211691
0.597  -0.0209294
0.598  -0.0206953
0.599  -0.0204642
0.6  -0.0202346
0.601  -0.0200272
0.602  -0.0198168
0.603  -0.0195974
0.604  -0.01938
0.605  -0.0191751
0.606  -0.0189646
0.607  -0.0187598
0.608  -0.0185567
0.609  -0.0183584
0.61  -0.018168
0.611  -0.0179813
0.612  -0.0178057
0.613  -0.017631
0.614  -0.0174567
0.615  -0.017272
0.616  -0.0171053
0.617  -0.0169522
0.618  -0.0168025
0.619  -0.0166492
0.62  -0.016485
0.621  -0.0163385
0.622  -0.0162013
0.623  -0.0160673
0.624  -0.015937
0.625  -0.0158149
0.626  -0.0157096
0.627  -0.0155924
0.628  -0.0154789
0.629  -0.0153506
0.63  -0.0152529
0.631  -0.0151578
0.632  -0.0150699
0.633  -0.0149687
0.634  -0.0148756
0.635  -0.0147884
0.636  -0.0146958
0.637  -0.0146109
0.638  -0.0145253
0.639  -0.0144443
0.64  -0.0143719
0.641  -0.0142971
0.642  -0.0142343
0.643  -0.0141672
0.644  -0.0141116
0.645  -0.0140348
0.646  -0.0139777
0.647  -0.0139339
0.648  -0.0138939
0.649  -0.0138453
0.65  -0.0137819
0.651  -0.0137201
0.652  -0.0136734
0.653  -0.0136298
0.654  -0.0135935
0.655  -0.0135551
0.656  -0.0135231
0.657  -0.0134895
0.658  -0.013449
0.659  -0.0133945
0.66  -0.0133699
0.661  -0.0133386
0.662  -0.0133125
0.663  -0.0132677
0.664  -0.0132359
0.665  -0.0131978
0.666  -0.0131477
0.667  -0.01311
0.668  -0.0130602
0.669  -0.0130203
0.67  -0.0129892
0.671  -0.0129467
0.672  -0.0129116
0.673  -0.0128669
0.674  -0.0128448
0.675  -0.0127894
0.676  -0.0127457
0.677  -0.0127132
0.678  -0.0126806
0.679  -0.0126354
0.68  -0.0125736
0.681  -0.0125124
0.682  -0.012463
0.683  -0.0124106
0.684  -0.0123609
0.685  -0.0123151
0.686  -0.0122671
0.687  -0.0122109
0.688  -0.0121531
0.689  -0.0120823
0.69  -0.0120449
0.691  -0.0119849
0.692  -0.0119302
0.693  -0.0118488
0.694  -0.0117906
0.695  -0.0117261
0.696  -0.0116485
0.697  -0.011578
0.698  -0.0115057
0.699  -0.0114401
0.7  -0.0113829
0.701  -0.0113087
0.702  -0.0112392
0.703  -0.0111708
0.704  -0.0111241
0.705  -0.0110485
0.706  -0.0109826
0.707  -0.0109269
0.708  -0.0108667
0.709  -0.0107926
0.71  -0.0107145
0.711  -0.0106414
0.712  -0.0105765
0.713  -0.0105121
0.714  -0.0104477
0.715  -0.0103917
0.716  -0.0103425
0.717  -0.0102746
0.718  -0.0102132
0.719  -0.0101437
0.72  -0.0101079
0.721  -0.0100497
0.722  -0.0100017
0.723  -0.00992725
0.724  -0.00987555
0.725  -0.00981973
0.726  -0.00975328
0.727  -0.00970616
0.728  -0.00965401
0.729  -0.00961252
0.73  -0.00957248
0.731  -0.00953233
0.732  -0.00949203
0.733  -0.00945868
0.734  -0.00944496
0.735  -0.00941092
0.736  -0.00938914
0.737  -0.00937369
0.738  -0.00935585
0.739  -0.00931864
0.74  -0.00929931
0.741  -0.00927821
0.742  -0.0092692
0.743  -0.0092553
0.744  -0.00924653
0.745  -0.00925406
0.746  -0.00925542
0.747  -0.00925517
0.748  -0.00925621
0.749  -0.00925643
0.75  -0.00927143
0.751  -0.00927772
0.752  -0.00929532
0.753  -0.00928771
0.754  -0.00929833
0.755  -0.0093149
0.756  -0.00932215
0.757  -0.00934141
0.758  -0.00935619
0.759  -0.00938368
0.76  -0.00940366
0.761  -0.00943056
0.762  -0.00946504
0.763  -0.00950029
0.764  -0.00954597
0.765  -0.00958516
0.766  -0.00962693
0.767  -0.00966826
0.768  -0.00971312
0.769  -0.00974878
0.77  -0.00979924
0.771  -0.00984087
0.772  -0.00988975
0.773  -0.00993184
0.774  -0.00997476
0.775  -0.0100315
0.776  -0.0100848
0.777  -0.0101451
0.778  -0.0101979
0.779  -0.0102514
0.78  -0.0103043
0.781  -0.0103572
0.782  -0.0104221
0.783  -0.0104615
0.784  -0.0105089
0.785  -0.0105639
0.786  -0.0106223
0.787  -0.0106777
0.788  -0.0107255
0.789  -0.0107756
0.79  -0.0108235
0.791  -0.0108815
0.792  -0.0109429
0.793  -0.010999
0.794  -0.011063
0.795  -0.0111244
0.796  -0.0111817
0.797  -0.0112331
0.798  -0.0112903
0.799  -0.0113404
0.8  -0.0113959
0.801  -0.0114415
0.802  -0.0114901
0.803  -0.0115327
0.804  -0.0115663
0.805  -0.011605
0.806  -0.0116506
0.807  -0.011697
0.808  -0.0117389
0.809  -0.0117745
0.81  -0.0118097
0.811  -0.0118412
0.812  -0.0118837
0.813  -0.0119074
0.814  -0.011931
0.815  -0.011958
0.816  -0.0119942
0.817  -0.0120223
0.818  -0.0120489
0.819  -0.0120763
0.82  -0.0120913
0.821  -0.0121198
0.822  -0.0121537
0.823  -0.012187
0.824  -0.0122206
0.825  -0.0122436
0.826  -0.0122661
0.827  -0.0122835
0.828  -0.0123132
0.829  -0.0123251
0.83  -0.0123511
0.831  -0.0123581
0.832  -0.0123726
0.833  -0.0123881
0.834  -0.012395
0.835  -0.0123947
0.836  -0.0124047
0.837  -0.0124167
0.838  -0.0124253
0.839  -0.0124351
0.84  -0.0124439
0.841  -0.0124485
0.842  -0.0124551
0.843  -0.0124563
0.844  -0.0124637
0.845  -0.0124742
0.846  -0.0124864
0.847  -0.0124856
0.848  -0.0125003
0.849  -0.0125102
0.85  -0.0125153
0.851  -0.012528
0.852  -0.0125459
0.853  -0.0125611
0.854  -0.0125835
0.855  -0.0125885
0.856  -0.0126031
0.857  -0.0126103
0.858  -0.0126293
0.859  -0.0126317
0.86  -0.0126398
0.861  -0.0126489
0.862  -0.0126634
0.863  -0.012671
0.864  -0.0126793
0.865  -0.0126845
0.866  -0.0127032
0.867  -0.0127088
0.868  -0.0127206
0.869  -0.0127413
0.87  -0.012758
0.871  -0.0127661
0.872  -0.0127876
0.873  -0.0127947
0.874  -0.0128265
0.875  -0.0128468
0.876  -0.0128658
0.877  -0.0128828
0.878  -0.0129157
0.879  -0.0129518
0.88  -0.0129773
0.881  -0.0130072
0.882  -0.0130486
0.883  -0.0130881
0.884  -0.0131295
0.885  -0.0131547
0.886  -0.0132001
0.887  -0.0132366
0.888  -0.0132827
0.889  -0.0133126
0.89  -0.0133496
0.891  -0.0133864
0.892  -0.0134358
0.893  -0.0134708
0.894  -0.0135149
0.895  -0.0135586
0.896  -0.0136063
0.897  -0.0136353
0.898  -0.0136703
0.899  -0.0137234
0.9  -0.0137593
0.901  -0.013793
0.902  -0.013831
0.903  -0.0138658
0.904  -0.0139132
0.905  -0.0139527
0.906  -0.0139862
0.907  -0.0140212
0.908  -0.0140679
0.909  -0.0141076
0.91  -0.0141413
0.911  -0.0141819
0.912  -0.0142304
0.913  -0.0142743
0.914  -0.014319
0.915  -0.0143523
0.916  -0.0144134
0.917  -0.0144546
0.918  -0.0144875
0.919  -0.0145292
0.92  -0.0145615
0.921  -0.0145995
0.922  -0.0146452
0.923  -0.0146803
0.924  -0.0147151
0.925  -0.0147531
0.926  -0.0147863
0.927  -0.0148083
0.928  -0.0148369
0.929  -0.0148771
0.93  -0.0148956
0.931  -0.0149152
0.932  -0.014933
0.933  -0.014949
0.934  -0.014967
0.935  -0.0149717
0.936  -0.0149856
0.937  -0.0149951
0.938  -0.0150096
0.939  -0.0150247
0.94  -0.0150217
0.941  -0.0150195
0.942  -0.0150287
0.943  -0.0150373
0.944  -0.0150449
0.945  -0.0150381
0.946  -0.0150541
0.947  -0.0150603
0.948  -0.0150459
0.949  -0.0150489
0.95  -0.0150368
0.951  -0.015035
0.952  -0.0150336
0.953  -0.0150304
0.954  -0.0150316
0.955  -0.0150256
0.956  -0.0150181
0.957  -0.0150005
0.958  -0.0149878
0.959  -0.014992
0.96  -0.014977
0.961  -0.0149588
0.962  -0.0149342
0.963  -0.0149098
0.964  -0.0148898
0.965  -0.0148601
0.966  -0.014839
0.967  -0.014817
0.968  -0.0147945
0.969  -0.0147846
0.97  -0.0147457
0.971  -0.0147144
0.972  -0.0146869
0.973  -0.0146586
0.974  -0.0146323
0.975  -0.0146003
0.976  -0.0145777
0.977  -0.0145539
0.978  -0.0145102
0.979  -0.0144891
0.98  -0.0144521
0.981  -0.0144288
0.982  -0.0144043
0.983  -0.0143827
0.984  -0.0143622
0.985  -0.0143306
0.986  -0.0143086
0.987  -0.0142742
0.988  -0.0142442
0.989  -0.014232
0.99  -0.0142052
0.991  -0.014176
0.992  -0.0141431
0.993  -0.0141125
0.994  -0.0140868
0.995  -0.0140572
0.996  -0.0140337
0.997  -0.0140046
0.998  -0.0139731
0.999  -0.0139644
1  -0.013934
1.001  -0.0139026
1.002  -0.0138761
1.003  -0.0138508
1.004  -0.0138299
1.005  -0.0138033
1.006  -0.0137777
1.007  -0.0137525
1.008  -0.0137144
1.009  -0.0136875
1.01  -0.0136632
1.011  -0.0136391
1.012  -0.013618
1.013  -0.0136061
1.014  -0.0135882
1.015  -0.013558
1.016  -0.0135469
1.017  -0.0135238
1.018  -0.0135015
1.019  -0.0134882
1.02  -0.0134703
1.021  -0.013447
1.022  -0.0134231
1.023  -0.0133992
1.024  -0.0133809
1.025  -0.013367
1.026  -0.0133521
1.027  -0.0133343
1.028  -0.0133242
1.029  -0.0133157
1.03  -0.0132986
1.031  -0.0132759
1.032  -0.0132541
1.033  -0.0132391
1.034  -0.0132214
1.035  -0.0132009
1.036  -0.0131803
1.037  -0.013156
1.038  -0.013129
1.039  -0.0131064
1.04  -0.01309
1.041  -0.0130683
1.042  -0.0130555
1.043  -0.0130378
1.044  -0.0130169
1.045  -0.0129854
1.046  -0.0129666
1.047  -0.0129377
1.048  -0.0129134
1.049  -0.0128947
1.05  -0.0128713
1.051  -0.0128409
1.052  -0.0128139
1.053  -0.0127838
1.054  -0.0127548
1.055  -0.0127275
1.056  -0.0127013
1.057  -0.0126721
1.058  -0.0126466
1.059  -0.0126089
1.06  -0.0125753
1.061  -0.0125279
1.062  -0.0124886
1.063  -0.0124527
1.064  -0.0124149
1.065  -0.0123764
1.066  -0.0123333
1.067  -0.0122851
1.068  -0.0122402
1.069  -0.0121911
1.07  -0.0121493
1.071  -0.0120981
1.072  -0.0120658
1.073  -0.012021
1.074  -0.0119759
1.075  -0.0119234
1.076  -0.0118717
1.077  -0.0118206
1.078  -0.011777
1.079  -0.011731
1.08  -0.0116829
1.081  -0.0116339
1.082  -0.0115861
1.083  -0.0115263
1.084  -0.0114733
1.085  -0.0114171
1.086  -0.011368
1.087  -0.0113133
1.088  -0.0112644
1.089  -0.0112067
1.09  -0.0111518
1.091  -0.0110826
1.092  -0.0110225
1.093  -0.0109684
1.094  -0.0109069
1.095  -0.0108481
1.096  -0.0107853
1.097  -0.0107204
1.098  -0.0106562
1.099  -0.0105942
1.1  -0.0105363
1.101  -0.0104691
1.102  -0.01042
1.103  -0.0103584
1.104  -0.0103025
1.105  -0.0102372
1.106  -0.0101703
1.107  -0.0101111
1.108  -0.0100484
1.109  -0.00998727
1.11  -0.00992703
1.111  -0.00986576
1.112  -0.00980459
1.113  -0.00973826
1.114  -0.00968126
1.115  -0.0096196
1.116  -0.00955855
1.117  -0.00949666
1.118  -0.00943496
1.119  -0.00937254
1.12  -0.00930706
1.121  -0.00924281
1.122  -0.0091785
1.123  -0.00911741
1.124  -0.00905539
1.125  -0.00899766
1.126  -0.00893544
1.127  -0.00887537
1.128  -0.00881558
1.129  -0.00875811
1.13  -0.00870558
1.131  -0.00864277
1.132  -0.008596
1.133  -0.00853755
1.134  -0.00848237
1.135  -0.00842491
1.136  -0.00836272
1.137  -0.00831025
1.138  -0.0082444
1.139  -0.00819479
1.14  -0.00813658
1.141  -0.00808799
1.142  -0.00803389
1.143  -0.00797798
1.144  -0.00792386
1.145  -0.00787123
1.146  -0.00782074
1.147  -0.0077664
1.148  -0.00771484
1.149  -0.00766134
1.15  -0.00760936
1.151  -0.00755017
1.152  -0.00749322
1.153  -0.00743933
1.154  -0.00739044
1.155  -0.00734757
1.156  -0.00729546
1.157  -0.00724919
1.158  -0.00719353
1.159  -0.00715141
1.16  -0.00709988
1.161  -0.00705054
1.162  -0.00700405
1.163  -0.00695529
1.164  -0.00690819
1.165  -0.00685933
1.166  -0.00680751
1.167  -0.0067597
1.168  -0.00670422
1.169  -0.00666187
1.17  -0.00661661
1.171  -0.00657341
1.172  -0.00652905
1.173  -0.00647939
1.174  -0.00642412
1.175  -0.00638247
1.176  -0.00633704
1.177  -0.00628898
1.178  -0.00623569
1.179  -0.00618848
1.18  -0.00613109
1.181  -0.00607572
1.182  -0.0060185
1.183  -0.00596052
1.184  -0.00590667
1.185  -0.00585868
1.186  -0.00580767
1.187  -0.00575798
1.188  -0.0056944
1.189  -0.00564848
1.19  -0.00559503
1.191  -0.00553861
1.192  -0.00548405
1.193  -0.00543648
1.194  -0.00538151
1.195  -0.00532883
1.196  -0.00527755
1.197  -0.00521723
1.198  -0.00515841
1.199  -0.00511655
1.2  -0.00506577
1.201  -0.0050164
1.202  -0.00496552
1.203  -0.00489978
1.204  -0.00483383
1.205  -0.00477941
1.206  -0.0047242
1.207  -0.00466655
1.208  -0.00459533
1.209  -0.00453582
1.21  -0.00447578
1.211  -0.00440896
1.212  -0.00434435
1.213  -0.004272
1.214  -0.00420573
1.215  -0.00414154
1.216  -0.00408253
1.217  -0.00401901
1.218  -0.00394522
1.219  -0.00388938
1.22  -0.00382373
1.221  -0.00376201
1.222  -0.00370314
1.223  -0.00365047
1.224  -0.00357682
1.225  -0.00351507
1.226  -0.0034525
1.227  -0.00339214
1.228  -0.00333354
1.229  -0.00327287
1.23  -0.00321642
1.231  -0.00316086
1.232  -0.00311323
1.233  -0.00304419
1.234  -0.00297821
1.235  -0.00291506
1.236  -0.00285644
1.237  -0.00280105
1.238  -0.0027324
1.239  -0.00267561
1.24  -0.00261303
1.241  -0.0025551
1.242  -0.00248951
1.243  -0.00242919
1.244  -0.00236717
1.245  -0.00230615
1.246  -0.00224382
1.247  -0.00217942
1.248  -0.00211642
1.249  -0.00207209
1.25  -0.00200744
1.251  -0.0019439
1.252  -0.00189998
1.253  -0.00185215
1.254  -0.00179647
1.255  -0.00174081
1.256  -0.00168672
1.257  -0.00163334
1.258  -0.00158471
1.259  -0.00153089
1.26  -0.00148351
1.261  -0.00144274
1.262  -0.00140978
1.263  -0.0013487
1.264  -0.00130826
1.265  -0.00126661
1.266  -0.00122377
1.267  -0.00118225
1.268  -0.00112337
1.269  -0.00107908
1.27  -0.00103759
1.271  -0.000988203
1.272  -0.000940789
1.273  -0.000898803
1.274  -0.000858656
1.275  -0.00081377
1.276  -0.000772748
1.277  -0.000723712
1.278  -0.000678909
1.279  -0.000643539
1.28  -0.00059454
1.281  -0.000545017
1.282  -0.000524087
1.283  -0.000483939
1.284  -0.00043936
1.285  -0.00040016
1.286  -0.000365669
1.287  -0.000332037
1.288  -0.000306101
1.289  -0.000259736
1.29  -0.00022604
1.291  -0.00018993
1.292  -0.000160961
1.293  -0.00011929
1.294  -9.28603e-05
1.295  -5.6289e-05
1.296  -2.68708e-05
1.297  -3.15796e-06
1.298  3.70121e-05
1.299  7.26532e-05
1.3  0.000107736
1.301  0.000149779
1.302  0.000183202
1.303  0.000207538
1.304  0.000238812
1.305  0.000273573
1.306  0.000304787
1.307  0.000349365
1.308  0.000379757
1.309  0.000402408
1.31  0.000430124
1.311  0.000460342
1.312  0.00047993
1.313  0.000509001
1.314  0.000535077
1.315  0.000565579
1.316  0.000594718
1.317  0.000618991
1.318  0.000638588
1.319  0.000679315
1.32  0.00070485
1.321  0.000734152
1.322  0.000762717
1.323  0.000789894
1.324  0.000809993
1.325  0.000842117
1.326  0.000862609
1.327  0.000881188
1.328  0.000919117
1.329  0.000944628
1.33  0.000978669
1.331  0.0010064
1.332  0.00103305
1.333  0.00105571
1.334  0.00107364
1.335  0.00110196
1.336  0.0011284
1.337  0.0011564
1.338  0.00117084
1.339  0.00119433
1.34  0.00121367
1.341  0.00123258
1.342  0.00125189
1.343  0.00127397
1.344  0.00128845
1.345  0.00130736
1.346  0.00132286
1.347  0.00133861
1.348  0.00136059
1.349  0.00138644
1.35  0.00140891
1.351  0.00143682
1.352  0.00145621
1.353  0.00147558
1.354  0.0014953
1.355  0.00151242
1.356  0.0015215
1.357  0.00153247
1.358  0.00155015
1.359  0.00156589
1.36  0.00158843
1.361  0.00161093
1.362  0.00162411
1.363  0.00163648
1.364  0.00164792
1.365  0.00167148
1.366  0.00168201
1.367  0.00169325
1.368  0.00169447
1.369  0.00170963
1.37  0.00171412
1.371  0.00172242
1.372  0.0017369
1.373  0.00173844
1.374  0.00174352
1.375  0.00175707
1.376  0.00175487
1.377  0.00176009
1.378  0.00177012
1.379  0.00177907
1.38  0.00178085
1.381  0.00178569
1.382  0.00179385
1.383  0.00179959
1.384  0.00180227
1.385  0.00180891
1.386  0.00179905
1.387  0.00179638
1.388  0.00178956
1.389  0.00178367
1.39  0.00178567
1.391  0.00178884
1.392  0.00178204
1.393  0.00177533
1.394  0.00176922
1.395  0.0017801
1.396  0.00177592
1.397  0.00176865
1.398  0.00175529
1.399  0.00175211
1.4  0.00174919
1.401  0.00174255
1.402  0.00173423
1.403  0.00171389
1.404  0.00170021
1.405  0.00170014
1.406  0.00168037
1.407  0.00166986
1.408  0.00166379
1.409  0.00165127
1.41  0.00163078
1.411  0.00161919
1.412  0.00161399
1.413  0.00160051
1.414  0.00157666
1.415  0.00155745
1.416  0.00153059
1.417  0.00151007
1.418  0.00148716
1.419  0.00146584
1.42  0.00144034
1.421  0.00142389
1.422  0.00140892
1.423  0.00138489
1.424  0.00135408
1.425  0.00134603
1.426  0.00132446
1.427  0.00130577
1.428  0.00127851
1.429  0.0012624
1.43  0.00123736
1.431  0.00120975
1.432  0.00118469
1.433  0.00116101
1.434  0.00113198
1.435  0.00111506
1.436  0.00107824
1.437  0.00104312
1.438  0.00101698
1.439  0.000990243
1.44  0.0009559
1.441  0.000920693
1.442  0.000895753
1.443  0.000875515
1.444  0.000835991
1.445  0.000797068
1.446  0.000752356
1.447  0.000723339
1.448  0.000686685
1.449  0.000661185
1.45  0.000628637
1.451  0.000597709
1.452  0.000565875
1.453  0.000533272
1.454  0.000493414
1.455  0.000469898
1.456  0.000447932
1.457  0.000418503
1.458  0.000387874
1.459  0.000360914
1.46  0.000326825
1.461  0.000297347
1.462  0.00025961
1.463  0.000234478
1.464  0.000202716
1.465  0.000180138
1.466  0.000137246
1.467  0.000100044
1.468  6.53473e-05
1.469  3.00559e-05
1.47  -1.1946e-05
1.471  -5.17955e-05
1.472  -8.66728e-05
1.473  -0.000116875
1.474  -0.000154434
1.475  -0.000199124
1.476  -0.000245224
1.477  -0.0002866
1.478  -0.000323938
1.479  -0.000349185
1.48  -0.000392549
1.481  -0.000429739
1.482  -0.000470395
1.483  -0.000505331
1.484  -0.000548167
1.485  -0.000581105
1.486  -0.00062275
1.487  -0.000665213
1.488  -0.000698954
1.489  -0.000734685
1.49  -0.000776058
1.491  -0.000814942
1.492  -0.000857011
1.493  -0.000893183
1.494  -0.000936866
1.495  -0.000972329
1.496  -0.00101468
1.497  -0.00105999
1.498  -0.00110332
1.499  -0.00113949
1.5  -0.00118573
1.501  -0.00123177
1.502  -0.00127391
1.503  -0.00131044
1.504  -0.00135493
1.505  -0.00139095
1.506  -0.00143575
1.507  -0.00148675
1.508  -0.00152599
1.509  -0.00155757
1.51  -0.00159468
1.511  -0.00163245
1.512  -0.00167197
1.513  -0.00170176
1.514  -0.00174378
1.515  -0.00178749
1.516  -0.00183279
1.517  -0.00187829
1.518  -0.00191406
1.519  -0.00194928
1.52  -0.00199634
1.521  -0.00203671
1.522  -0.00208697
1.523  -0.00212873
1.524  -0.00217941
1.525  -0.00221859
1.526  -0.00226219
1.527  -0.00230971
1.528  -0.00235334
1.529  -0.00240059
1.53  -0.0024574
1.531  -0.00250676
1.532  -0.00256036
1.533  -0.00259968
1.534  -0.00264874
1.535  -0.00268976
1.536  -0.00274366
1.537  -0.00280507
1.538  -0.0028531
1.539  -0.0028884
1.54  -0.00293769
1.541  -0.00298211
1.542  -0.00302285
1.543  -0.00306284
1.544  -0.00311193
1.545  -0.00316005
1.546  -0.00321192
1.547  -0.00326583
1.548  -0.00331096
1.549  -0.00334443
1.55  -0.00339879
1.551  -0.00344171
1.552  -0.00349212
1.553  -0.00352975
1.554  -0.00358073
1.555  -0.00362219
1.556  -0.00367038
1.557  -0.00371501
1.558  -0.00375366
1.559  -0.00379943
1.56  -0.00385
1.561  -0.00390308
1.562  -0.00395504
1.563  -0.00399549
1.564  -0.004045
1.565  -0.00408917
1.566  -0.00413992
1.567  -0.00419339
1.568  -0.00424515
1.569  -0.00428052
1.57  -0.00432897
1.571  -0.00437095
1.572  -0.00441247
1.573  -0.00444454
1.574  -0.00448841
1.575  -0.00453106
1.576  -0.00457959
1.577  -0.00463696
1.578  -0.00467414
1.579  -0.00470643
1.58  -0.0047469
1.581  -0.00478414
1.582  -0.00482389
1.583  -0.00485637
1.584  -0.00489514
1.585  -0.00493104
1.586  -0.0049691
1.587  -0.00501184
1.588  -0.00504223
1.589  -0.00507729
1.59  -0.00512688
1.591  -0.00516573
1.592  -0.00521207
1.593  -0.00525182
1.594  -0.00529746
1.595  -0.00533103
1.596  -0.00536569
1.597  -0.00540931
1.598  -0.00545258
1.599  -0.00548671
1.6  -0.00551999
1.601  -0.00555794
1.602  -0.00558855
1.603  -0.00561521
1.604  -0.00564315
1.605  -0.00567305
1.606  -0.00570269
1.607  -0.00574516
1.608  -0.00577537
1.609  -0.00579347
1.61  -0.00582728
1.611  -0.0058555
1.612  -0.00587771
1.613  -0.00589159
1.614  -0.00592448
1.615  -0.00595611
1.616  -0.00598188
1.617  -0.0060128
1.618  -0.00603125
1.619  -0.00605912
1.62  -0.00608594
1.621  -0.00611401
1.622  -0.00614097
1.623  -0.00616878
1.624  -0.00619676
1.625  -0.00621473
1.626  -0.00623298
1.627  -0.0062639
1.628  -0.00628932
1.629  -0.00630575
1.63  -0.00632128
1.631  -0.00633732
1.632  -0.00635726
1.633  -0.00637134
1.634  -0.00639085
1.635  -0.00642097
1.636  -0.00643616
1.637  -0.00646615
1.638  -0.00647684
1.639  -0.00649889
1.64  -0.00651345
1.641  -0.00653542
1.642  -0.00654982
1.643  -0.00655272
1.644  -0.00657132
1.645  -0.00659479
1.646  -0.00660762
1.647  -0.00662836
1.648  -0.00664165
1.649  -0.00666273
1.65  -0.00669202
1.651  -0.00671076
1.652  -0.00671436
1.653  -0.00672586
1.654  -0.00672016
1.655  -0.00672888
1.656  -0.0067332
1.657  -0.00675951
1.658  -0.00676363
1.659  -0.00676939
1.66  -0.00677756
1.661  -0.00677515
1.662  -0.00678113
1.663  -0.00678591
1.664  -0.00679001
1.665  -0.00679432
1.666  -0.00680473
1.667  -0.00681491
1.668  -0.00681202
1.669  -0.00681221
1.67  -0.00681402
1.671  -0.00681814
1.672  -0.00680734
1.673  -0.00679835
1.674  -0.00679489
1.675  -0.00679065
1.676  -0.00678577
1.677  -0.00678291
1.678  -0.00678513
1.679  -0.00678579
1.68  -0.00679906
1.681  -0.00680157
1.682  -0.00680661
1.683  -0.00680896
1.684  -0.00679969
1.685  -0.00678529
1.686  -0.00679456
1.687  -0.00679949
1.688  -0.00677713
1.689  -0.00678057
1.69  -0.0067861
1.691  -0.00678418
1.692  -0.00679082
1.693  -0.00676762
1.694  -0.00677491
1.695  -0.0067717
1.696  -0.0067741
1.697  -0.00677827
1.698  -0.00676208
1.699  -0.00673771
1.7  -0.00673504
1.701  -0.00671189
1.702  -0.00668382
1.703  -0.00665288
1.704  -0.0066094
1.705  -0.00656016
1.706  -0.00653767
1.707  -0.00653027
1.708  -0.00649066
1.709  -0.00646525
1.71  -0.00643187
1.711  -0.00639757
1.712  -0.00637015
1.713  -0.00632489
1.714  -0.00630068
1.715  -0.00624606
1.716  -0.00622985
1.717  -0.0061837
1.718  -0.00612979
1.719  -0.00607191
1.72  -0.00602331
1.721  -0.00598816
1.722  -0.00597688
1.723  -0.00589017
1.724  -0.00589201
1.725  -0.00579178
1.726  -0.00570464
1.727  -0.00561274
1.728  -0.00552426
1.729  -0.00547228
1.73  -0.00540224
1.731  -0.00536311
1.732  -0.00529345
1.733  -0.00513239
1.734  -0.00505848
1.735  -0.00488969
1.736  -0.00476126
1.737  -0.00465087
1.738  -0.00453207
1.739  -0.0044142
1.74  -0.00430642
1.741  -0.00420894
1.742  -0.0041982
1.743  -0.00408985
1.744  -0.00406763
1.745  -0.00403237
1.746  -0.00401159
1.747  -0.00398114
1.748  -0.00392944
1.749  -0.00389621
1.75  -0.00384469
1.751  -0.0038142
1.752  -0.00385406
1.753  -0.00383812
1.754  -0.00387853
1.755  -0.00391893
1.756  -0.00395934
1.757  -0.00399974
1.758  -0.00404015
1.759  -0.00406041
1.76  -0.00406041
1.761  -0.00406041
1.762  -0.00406041
1.763  -0.00406041
1.764  -0.00406041
1.765  -0.00406041
1.766  -0.00406041
1.767  -0.00406041
1.768  -0.00406041
1.769  -0.00406041
1.77  -0.00406041
1.771  -0.00406041
1.772  -0.00406041
1.773  -0.00406041
1.774  -0.00406041
1.775  -0.00406041
1.776  -0.00406041
1.777  -0.00406041
1.778  -0.00406041
1.779  -0.00406041
1.78  -0.00406041
1.781  -0.00406041
1.782  -0.00406041
1.783  -0.00406041
1.784  -0.00406041
1.785  -0.00406041
1.786  -0.00406041
1.787  -0.00406041
1.788  -0.00406041
1.789  -0.00406041
1.79  -0.00406041
1.791  -0.00406041
1.792  -0.00406041
1.793  -0.00406041
1.794  -0.00406041
1.795  -0.00406041
1.796  -0.00406041
1.797  -0.00406041
1.798  -0.00406041
1.799  -0.00406041
1.8  -0.00406041
1.801  -0.00406041
1.802  -0.00406041
1.803  -0.00406041
1.804  -0.00406041
1.805  -0.00406041
1.806  -0.00406041
1.807  -0.00406041
1.808  -0.00406041
1.809  -0.00406041
1.81  -0.00406041
1.811  -0.00406041
1.812  -0.00406041
1.813  -0.00406041
1.814  -0.00406041
1.815  -0.00406041
1.816  -0.00406041
1.817  -0.00406041
1.818  -0.00406041
1.819  -0.00406041
1.82  -0.00406041
1.821  -0.00406041
1.822  -0.00406041
1.823  -0.00406041
1.824  -0.00406041
1.825  -0.00406041
1.826  -0.00406041
1.827  -0.00406041
1.828  -0.00406041
1.829  -0.00406041
1.83  -0.00406041
1.831  -0.00406041
1.832  -0.00406041
1.833  -0.00406041
1.834  -0.00406041
1.835  -0.00406041
1.836  -0.00406041
1.837  -0.00406041
1.838  -0.00406041
1.839  -0.00406041
1.84  -0.00406041
1.841  -0.00406041
1.842  -0.00406041
1.843  -0.00406041
1.844  -0.00406041
1.845  -0.00406041
1.846  -0.00406041
1.847  -0.00406041
1.848  -0.00406041
1.849  -0.00406041
1.85  -0.00406041
1.851  -0.00406041
1.852  -0.00406041
1.853  -0.00406041
1.854  -0.00406041
1.855  -0.00406041
1.856  -0.00406041
1.857  -0.00406041
1.858  -0.00406041
1.859  -0.00406041
1.86  -0.00406041
1.861  -0.00406041
1.862  -0.00406041
1.863  -0.00406041
1.864  -0.00406041
1.865  -0.00406041
1.866  -0.00406041
1.867  -0.00406041
1.868  -0.00406041
1.869  -0.00406041
1.87  -0.00406041
1.871  -0.00406041
1.872  -0.00406041
1.873  -0.00406041
1.874  -0.00406041
1.875  -0.00406041
1.876  -0.00406041
1.877  -0.00406041
1.878  -0.00406041
1.879  -0.00406041
1.88  -0.00406041
1.881  -0.00406041
1.882  -0.00406041
1.883  -0.00406041
1.884  -0.00406041
1.885  -0.00406041
1.886  -0.00406041
1.887  -0.00406041
1.888  -0.00406041
1.889  -0.00406041
1.89  -0.00406041
1.891  -0.00406041
1.892  -0.00406041
1.893  -0.00406041
1.894  -0.00406041
1.895  -0.00406041
1.896  -0.00406041
1.897  -0.00406041
1.898  -0.00406041
1.899  -0.00406041
1.9  -0.00406041
1.901  -0.00406041
1.902  -0.00406041
1.903  -0.00406041
1.904  -0.00406041
1.905  -0.00406041
1.906  -0.00406041
1.907  -0.00406041
1.908  -0.00406041
1.909  -0.00406041
1.91  -0.00406041
1.911  -0.00406041
1.912  -0.00406041
1.913  -0.00406041
1.914  -0.00406041
1.915  -0.00406041
1.916  -0.00406041
1.917  -0.00406041
1.918  -0.00406041
1.919  -0.00406041
1.92  -0.00406041
1.921  -0.00406041
1.922  -0.00406041
1.923  -0.00406041
1.924  -0.00406041
1.925  -0.00406041
1.926  -0.00406041
1.927  -0.00406041
1.928  -0.00406041
1.929  -0.00406041
1.93  -0.00406041
1.931  -0.00406041
1.932  -0.00406041
1.933  -0.00406041
1.934  -0.00406041
1.935  -0.00406041
1.936  -0.00406041
1.937  -0.00406041
1.938  -0.00406041
1.939  -0.00406041
1.94  -0.00406041
1.941  -0.00406041
1.942  -0.00406041
1.943  -0.00406041
1.944  -0.00406041
1.945  -0.00406041
1.946  -0.00406041
1.947  -0.00406041
1.948  -0.00406041
1.949  -0.00406041
1.95  -0.00406041
1.951  -0.00406041
1.952  -0.00406041
1.953  -0.00406041
1.954  -0.00406041
1.955  -0.00406041
1.956  -0.00406041
1.957  -0.00406041
1.958  -0.00406041
1.959  -0.00406041
1.96  -0.00406041
1.961  -0.00406041
1.962  -0.00406041
1.963  -0.00406041
1.964  -0.00406041
1.965  -0.00406041
1.966  -0.00406041
1.967  -0.00406041
1.968  -0.00406041
1.969  -0.00406041
1.97  -0.00406041
1.971  -0.00406041
1.972  -0.00406041
1.973  -0.00406041
1.974  -0.00406041
1.975  -0.00406041
1.976  -0.00406041
1.977  -0.00406041
1.978  -0.00406041
1.979  -0.00406041
1.98  -0.00406041
1.981  -0.00406041
1.982  -0.00406041
1.983  -0.00406041
1.984  -0.00406041
1.985  -0.00406041
1.986  -0.00406041
1.987  -0.00406041
1.988  -0.00406041
1.989  -0.00406041
1.99  -0.00406041
1.991  -0.00406041
1.992  -0.00406041
1.993  -0.00406041
1.994  -0.00406041
1.995  -0.00406041
1.996  -0.00406041
1.997  -0.00406041
1.998  -0.00406041
1.999  -0.00406041
2  -0.00406041
2.001  -0.00406041
2.002  -0.00406041
2.003  -0.00406041
2.004  -0.00406041
2.005  -0.00406041
2.006  -0.00406041
2.007  -0.00406041
2.008  -0.00406041
2.009  -0.00406041
2.01  -0.00406041
2.011  -0.00406041
2.012  -0.00406041
2.013  -0.00406041
2.014  -0.00406041
2.015  -0.00406041
2.016  -0.00406041
2.017  -0.00406041
2.018  -0.00406041
2.019  -0.00406041
2.02  -0.00406041
2.021  -0.00406041
2.022  -0.00406041
2.023  -0.00406041
2.024  -0.00406041
2.025  -0.00406041
2.026  -0.00406041
2.027  -0.00406041
2.028  -0.00406041
2.029  -0.00406041
2.03  -0.00406041
2.031  -0.00406041
2.032  -0.00406041
2.033  -0.00406041
2.034  -0.00406041
2.035  -0.00406041
2.036  -0.00406041
2.037  -0.00406041
2.038  -0.00406041
2.039  -0.00406041
2.04  -0.00406041
2.041  -0.00406041
2.042  -0.00406041
2.043  -0.00406041
2.044  -0.00406041
2.045  -0.00406041
2.046  -0.00406041
2.047  -0.00406041
2.048  -0.00406041
2.049  -0.00406041
2.05  -0.00406041
2.051  -0.00406041
2.052  -0.00406041
2.053  -0.00406041
2.054  -0.00406041
2.055  -0.00406041
2.056  -0.00406041
2.057  -0.00406041
2.058  -0.00406041
2.059  -0.00406041
2.06  -0.00406041
2.061  -0.00406041
2.062  -0.00406041
2.063  -0.00406041
2.064  -0.00406041
2.065  -0.00406041
2.066  -0.00406041
2.067  -0.00406041
2.068  -0.00406041
2.069  -0.00406041
2.07  -0.00406041
2.071  -0.00406041
2.072  -0.00406041
2.073  -0.00406041
2.074  -0.00406041
2.075  -0.00406041
2.076  -0.00406041
2.077  -0.00406041
2.078  -0.00406041
2.079  -0.00406041
2.08  -0.00406041
2.081  -0.00406041
2.082  -0.00406041
2.083  -0.00406041
2.084  -0.00406041
2.085  -0.00406041
2.086  -0.00406041
2.087  -0.00406041
2.088  -0.00406041
2.089  -0.00406041
2.09  -0.00406041
2.091  -0.00406041
2.092  -0.00406041
2.093  -0.00406041
2.094  -0.00406041
2.095  -0.00406041
2.096  -0.00406041
2.097  -0.00406041
2.098  -0.00406041
2.099  -0.00406041
2.1  -0.00406041
2.101  -0.00406041
2.102  -0.00406041
2.103  -0.00406041
2.104  -0.00406041
2.105  -0.00406041
2.106  -0.00406041
2.107  -0.00406041
2.108  -0.00406041
2.109  -0.00406041
2.11  -0.00406041
2.111  -0.00406041
2.112  -0.00406041
2.113  -0.00406041
2.114  -0.00406041
2.115  -0.00406041
2.116  -0.00406041
2.117  -0.00406041
2.118  -0.00406041
2.119  -0.00406041
2.12  -0.00406041
2.121  -0.00406041
2.122  -0.00406041
2.123  -0.00406041
2.124  -0.00406041
2.125  -0.00406041
2.126  -0.00406041
2.127  -0.00406041
2.128  -0.00406041
2.129  -0.00406041
2.13  -0.00406041
2.131  -0.00406041
2.132  -0.00406041
2.133  -0.00406041
2.134  -0.00406041
2.135  -0.00406041
2.136  -0.00406041
2.137  -0.00406041
2.138  -0.00406041
2.139  -0.00406041
2.14  -0.00406041
2.141  -0.00406041
2.142  -0.00406041
2.143  -0.00406041
2.144  -0.00406041
2.145  -0.00406041
2.146  -0.00406041
2.147  -0.00406041
2.148  -0.00406041
2.149  -0.00406041
2.15  -0.00406041
2.151  -0.00406041
2.152  -0.00406041
2.153  -0.00406041
2.154  -0.00406041
2.155  -0.00406041
2.156  -0.00406041
2.157  -0.00406041
2.158  -0.00406041
2.159  -0.00406041
2.16  -0.00406041
2.161  -0.00406041
2.162  -0.00406041
2.163  -0.00406041
2.164  -0.00406041
2.165  -0.00406041
2.166  -0.00406041
2.167  -0.00406041
2.168  -0.00406041
2.169  -0.00406041
2.17  -0.00406041
2.171  -0.00406041
2.172  -0.00406041
2.173  -0.00406041
2.174  -0.00406041
2.175  -0.00406041
2.176  -0.00406041
2.177  -0.00406041
2.178  -0.00406041
2.179  -0.00406041
2.18  -0.00406041
2.181  -0.00406041
2.182  -0.00406041
2.183  -0.00406041
2.184  -0.00406041
2.185  -0.00406041
2.186  -0.00406041
2.187  -0.00406041
2.188  -0.00406041
2.189  -0.00406041
2.19  -0.00406041
2.191  -0.00406041
2.192  -0.00406041
2.193  -0.00406041
2.194  -0.00406041
2.195  -0.00406041
2.196  -0.00406041
2.197  -0.00406041
2.198  -0.00406041
2.199  -0.00406041
2.2  -0.00406041
2.201  -0.00406041
2.202  -0.00406041
2.203  -0.00406041
2.204  -0.00406041
2.205  -0.00406041
2.206  -0.00406041
2.207  -0.00406041
2.208  -0.00406041
2.209  -0.00406041
2.21  -0.00406041
2.211  -0.00406041
2.212  -0.00406041
2.213  -0.00406041
2.214  -0.00406041
2.215  -0.00406041
2.216  -0.00406041
2.217  -0.00406041
2.218  -0.00406041
2.219  -0.00406041
2.22  -0.00406041
2.221  -0.00406041
2.222  -0.00406041
2.223  -0.00406041
2.224  -0.00406041
2.225  -0.00406041
2.226  -0.00406041
2.227  -0.00406041
2.228  -0.00406041
2.229  -0.00406041
2.23  -0.00406041
2.231  -0.00406041
2.232  -0.00406041
2.233  -0.00406041
2.234  -0.00406041
2.235  -0.00406041
2.236  -0.00406041
2.237  -0.00406041
2.238  -0.00406041
2.239  -0.00406041
2.24  -0.00406041
2.241  -0.00406041
2.242  -0.00406041
2.243  -0.00406041
2.244  -0.00406041
2.245  -0.00406041
2.246  -0.00406041
2.247  -0.00406041
2.248  -0.00406041
2.249  -0.00406041
2.25  -0.00406041
2.251  -0.00406041
2.252  -0.00406041
2.253  -0.00406041
2.254  -0.00406041
2.255  -0.00406041
2.256  -0.00406041
2.257  -0.00406041
2.258  -0.00406041
2.259  -0.00406041
2.26  -0.00406041
2.261  -0.00406041
2.262  -0.00406041
2.263  -0.00406041
2.264  -0.00406041
2.265  -0.00406041
2.266  -0.00406041
2.267  -0.00406041
2.268  -0.00406041
2.269  -0.00406041
2.27  -0.00406041
2.271  -0.00406041
2.272  -0.00406041
2.273  -0.00406041
2.274  -0.00406041
2.275  -0.00406041
2.276  -0.00406041
2.277  -0.00406041
2.278  -0.00406041
2.279  -0.00406041
2.28  -0.00406041
2.281  -0.00406041
2.282  -0.00406041
2.283  -0.00406041
2.284  -0.00406041
2.285  -0.00406041
2.286  -0.00406041
2.287  -0.00406041
2.288  -0.00406041
2.289  -0.00406041
2.29  -0.00406041
2.291  -0.00406041
2.292  -0.00406041
2.293  -0.00406041
2.294  -0.00406041
2.295  -0.00406041
2.296  -0.00406041
2.297  -0.00406041
2.298  -0.00406041
2.299  -0.00406041
2.3  -0.00406041
2.301  -0.00406041
2.302  -0.00406041
2.303  -0.00406041
2.304  -0.00406041
2.305  -0.00406041
2.306  -0.00406041
2.307  -0.00406041
2.308  -0.00406041
2.309  -0.00406041
2.31  -0.00406041
2.311  -0.00406041
2.312  -0.00406041
2.313  -0.00406041
2.314  -0.00406041
2.315  -0.00406041
2.316  -0.00406041
2.317  -0.00406041
2.318  -0.00406041
2.319  -0.00406041
2.32  -0.00406041
2.321  -0.00406041
2.322  -0.00406041
2.323  -0.00406041
2.324  -0.00406041
2.325  -0.00406041
2.326  -0.00406041
2.327  -0.00406041
2.328  -0.00406041
2.329  -0.00406041
2.33  -0.00406041
2.331  -0.00406041
2.332  -0.00406041
2.333  -0.00406041
2.334  -0.00406041
2.335  -0.00406041
2.336  -0.00406041
2.337  -0.00406041
2.338  -0.00406041
2.339  -0.00406041
2.34  -0.00406041
2.341  -0.00406041
2.342  -0.00406041
2.343  -0.00406041
2.344  -0.00406041
2.345  -0.00406041
2.346  -0.00406041
2.347  -0.00406041
2.348  -0.00406041
2.349  -0.00406041
2.35  -0.00406041
2.351  -0.00406041
2.352  -0.00406041
2.353  -0.00406041
2.354  -0.00406041
2.355  -0.00406041
2.356  -0.00406041
2.357  -0.00406041
2.358  -0.00406041
2.359  -0.00406041
2.36  -0.00406041
2.361  -0.00406041
2.362  -0.00406041
2.363  -0.00406041
2.364  -0.00406041
2.365  -0.00406041
2.366  -0.00406041
2.367  -0.00406041
2.368  -0.00406041
2.369  -0.00406041
2.37  -0.00406041
2.371  -0.00406041
2.372  -0.00406041
2.373  -0.00406041
2.374  -0.00406041
2.375  -0.00406041
2.376  -0.00406041
2.377  -0.00406041
2.378  -0.00406041
2.379  -0.00406041
2.38  -0.00406041
2.381  -0.00406041
2.382  -0.00406041
2.383  -0.00406041
2.384  -0.00406041
2.385  -0.00406041
2.386  -0.00406041
2.387  -0.00406041
2.388  -0.00406041
2.389  -0.00406041
2.39  -0.00406041
2.391  -0.00406041
2.392  -0.00406041
2.393  -0.00406041
2.394  -0.00406041
2.395  -0.00406041
2.396  -0.00406041
2.397  -0.00406041
2.398  -0.00406041
2.399  -0.00406041
2.4  -0.00406041
2.401  -0.00406041
2.402  -0.00406041
2.403  -0.00406041
2.404  -0.00406041
2.405  -0.00406041
2.406  -0.00406041
2.407  -0.00406041
2.408  -0.00406041
2.409  -0.00406041
2.41  -0.00406041
2.411  -0.00406041
2.412  -0.00406041
2.413  -0.00406041
2.414  -0.00406041
2.415  -0.00406041
2.416  -0.00406041
2.417  -0.00406041
2.418  -0.00406041
2.419  -0.00406041
2.42  -0.00406041
2.421  -0.00406041
2.422  -0.00406041
2.423  -0.00406041
2.424  -0.00406041
2.425  -0.00406041
2.426  -0.00406041
2.427  -0.00406041
2.428  -0.00406041
2.429  -0.00406041
2.43  -0.00406041
2.431  -0.00406041
2.432  -0.00406041
2.433  -0.00406041
2.434  -0.00406041
2.435  -0.00406041
2.436  -0.00406041
2.437  -0.00406041
2.438  -0.00406041
2.439  -0.00406041
2.44  -0.00406041
2.441  -0.00406041
2.442  -0.00406041
2.443  -0.00406041
2.444  -0.00406041
2.445  -0.00406041
2.446  -0.00406041
2.447  -0.00406041
2.448  -0.00406041
2.449  -0.00406041
2.45  -0.00406041
2.451  -0.00406041
2.452  -0.00406041
2.453  -0.00406041
2.454  -0.00406041
2.455  -0.00406041
2.456  -0.00406041
2.457  -0.00406041
2.458  -0.00406041
2.459  -0.00406041
2.46  -0.00406041
2.461  -0.00406041
2.462  -0.00406041
2.463  -0.00406041
2.464  -0.00406041
2.465  -0.00406041
2.466  -0.00406041
2.467  -0.00406041
2.468  -0.00406041
2.469  -0.00406041
2.47  -0.00406041
2.471  -0.00406041
2.472  -0.00406041
2.473  -0.00406041
2.474  -0.00406041
2.475  -0.00406041
2.476  -0.00406041
2.477  -0.00406041
2.478  -0.00406041
2.479  -0.00406041
2.48  -0.00406041
2.481  -0.00406041
2.482  -0.00406041
2.483  -0.00406041
2.484  -0.00406041
2.485  -0.00406041
2.486  -0.00406041
2.487  -0.00406041
2.488  -0.00406041
2.489  -0.00406041
2.49  -0.00406041
2.491  -0.00406041
2.492  -0.00406041
2.493  -0.00406041
2.494  -0.00406041
2.495  -0.00406041
2.496  -0.00406041
2.497  -0.00406041
2.498  -0.00406041
2.499  -0.00406041
