-2 -0.00228331
-1.99 -0.00316515
-1.98 -0.00471352
-1.97 -0.00108744
-1.96 -0.00507077
-1.95 0.115058
-1.94 -0.00432765
-1.93 0.518701
-1.92 -32.8975
-1.91 -0.00509854
-1.9 -0.00547416
-1.89 -0.0532367
-1.88 -0.00518166
-1.87 -0.00539536
-1.86 -0.00531196
-1.85 -0.00464617
-1.84 0.214114
-1.83 0.544266
-1.82 -0.00511074
-1.81 -0.00534116
-1.8 -0.00581335
-1.79 -0.00511613
-1.78 -0.0045403
-1.77 0.175831
-1.76 0.380781
-1.75 -0.00275998
-1.74 -0.00563385
-1.73 -0.00564886
-1.72 0.353305
-1.71 0.147106
-1.7 2.7646
-1.69 -0.00492397
-1.68 3.1743
-1.67 -0.00508372
-1.66 4.17505
-1.65 5.42854
-1.64 0.0798395
-1.63 0.144691
-1.62 -0.00440065
-1.61 -0.00396663
-1.6 0.568191
-1.59 3.98692
-1.58 -0.004742
-1.57 -0.00439275
-1.56 -0.00517287
-1.55 -0.00490752
-1.54 -0.020355
-1.53 0.791314
-1.52 -0.00532588
-1.51 3.85656
-1.5 -0.00558643
-1.49 -0.00444774
-1.48 -0.005251
-1.47 1.16967
-1.46 -0.00341972
-1.45 -0.005496
-1.44 -0.0488646
-1.43 -0.00702602
-1.42 -0.00565013
-1.41 0.120615
-1.4 -0.00489946
-1.39 -0.00490853
-1.38 -0.00816653
-1.37 -0.00822702
-1.36 -0.0065859
-1.35 -0.00565181
-1.34 -0.0054075
-1.33 0.000178307
-1.32 -8.52939e-05
-1.31 0.000488623
-1.3 0.000654051
-1.29 8.61915e-05
-1.28 0.000576926
-1.27 0.000663568
-1.26 -4.17076e-06
-1.25 0.000503154
-1.24 0.000634593
-1.23 -1.47542e-05
-1.22 0.000559863
-1.21 0.000627183
-1.2 -3.23549e-05
-1.19 0.000583334
-1.18 0.000608921
-1.17 1.79613e-05
-1.16 0.000620896
-1.15 0.000670676
-1.14 -5.58662e-06
-1.13 0.000560124
-1.12 0.000678815
-1.11 3.48257e-05
-1.1 0.000558976
-1.09 0.000642683
-1.08 5.99565e-07
-1.07 0.000560084
-1.06 0.000645483
-1.05 2.32945e-05
-1.04 0.000597156
-1.03 0.000591378
-1.02 2.85503e-05
-1.01 0.000591118
-1 0.000608741
-0.99 -2.24629e-05
-0.98 0.000565311
-0.97 0.000580678
-0.96 3.39988e-06
-0.95 0.000565417
-0.94 0.000591755
-0.93 2.24889e-05
-0.92 0.000535653
-0.91 0.000612296
-0.9 4.96301e-05
-0.89 0.000526465
-0.88 0.000569936
-0.87 7.12441e-05
-0.86 0.000537764
-0.85 0.000638952
-0.84 3.78251e-05
-0.83 0.000524118
-0.82 0.000658566
-0.81 1.54357e-05
-0.8 0.000575167
-0.79 0.000691612
-0.78 3.19708e-05
-0.77 0.000606442
-0.76 0.000693869
-0.75 1.76108e-05
-0.74 0.000546747
-0.73 0.000679304
-0.72 3.25297e-05
-0.71 0.000521223
-0.7 0.000677735
-0.69 8.34809e-05
-0.68 0.000594641
-0.67 0.000645598
-0.66 0.000117685
-0.65 0.000579723
-0.64 0.00072674
-0.63 4.47884e-05
-0.62 0.000598488
-0.61 0.000754339
-0.6 8.24238e-05
-0.59 0.000608035
-0.58 0.000710043
-0.57 8.07712e-05
-0.56 0.00061268
-0.55 0.000709004
-0.54 4.76829e-05
-0.53 0.000615401
-0.52 0.000716406
-0.51 6.80815e-05
-0.5 0.00053766
-0.49 0.000707336
-0.48 9.00347e-05
-0.47 0.000550529
-0.46 0.000692216
-0.45 6.08178e-05
-0.44 0.00059592
-0.43 0.000665958
-0.42 4.19132e-05
-0.41 0.00064014
-0.4 0.000657328
-0.39 6.42776e-05
-0.38 0.000613655
-0.37 0.000673396
-0.36 4.50791e-05
-0.35 0.000642309
-0.34 0.000685854
-0.33 7.40975e-05
-0.32 0.000689521
-0.31 0.000665944
-0.3 9.2096e-05
-0.29 0.000744512
-0.28 0.000720731
-0.27 9.87387e-05
-0.26 0.000741278
-0.25 0.000747591
-0.24 8.8295e-05
-0.23 0.000839033
-0.22 0.000790292
-0.21 0.000100137
-0.2 0.000922903
-0.19 0.000801587
-0.18 6.83097e-05
-0.17 0.000818493
-0.16 0.000734613
-0.15 2.72497e-05
-0.14 0.000696321
-0.13 0.00074191
-0.12 -5.33616e-06
-0.11 -0.00374885
-0.1 -0.0384648
-0.09 -0.132398
-0.08 -0.269468
-0.07 -0.427773
-0.06 -0.585293
-0.05 -0.724321
-0.04 -0.836634
-0.03 -0.919818
-0.02 -0.971975
-0.01 -0.995586
0 -0.994933
0.01 -0.974139
0.02 -0.941621
0.03 -0.902888
0.04 -0.858546
0.05 -0.812041
0.06 -0.76624
0.07 -0.720567
0.08 -0.676746
0.09 -0.636724
0.1 -0.598497
0.11 -0.562573
0.12 -0.530351
0.13 -0.499481
0.14 -0.469893
0.15 -0.44245
0.16 -0.414704
0.17 -0.387401
0.18 -0.361532
0.19 -0.335725
0.2 -0.311105
0.21 -0.289016
0.22 -0.268231
0.23 -0.249881
0.24 -0.234411
0.25 -0.220537
0.26 -0.208189
0.27 -0.197422
0.28 -0.186525
0.29 -0.175884
0.3 -0.16565
0.31 -0.154937
0.32 -0.14416
0.33 -0.134535
0.34 -0.125041
0.35 -0.116244
0.36 -0.109468
0.37 -0.102903
0.38 -0.0971561
0.39 -0.0930552
0.4 -0.0883529
0.41 -0.0835637
0.42 -0.0795137
0.43 -0.0744021
0.44 -0.0691165
0.45 -0.0644184
0.46 -0.059086
0.47 -0.054248
0.48 -0.0504667
0.49 -0.0463624
0.5 -0.0434451
0.51 -0.0417043
0.52 -0.0390029
0.53 -0.0368949
0.54 -0.0353234
0.55 -0.0323926
0.56 -0.029844
0.57 -0.0277887
0.58 -0.0245878
0.59 -0.0219124
0.6 -0.0202752
0.61 -0.0178854
0.62 -0.0162806
0.63 -0.0159976
0.64 -0.0147018
0.65 -0.0140576
0.66 -0.014163
0.67 -0.0131983
0.68 -0.0124986
0.69 -0.0123001
0.7 -0.0110054
0.71 -0.010215
0.72 -0.010065
0.73 -0.00911339
0.74 -0.00875153
0.75 -0.00937874
0.76 -0.00912787
0.77 -0.0094604
0.78 -0.0105441
0.79 -0.0104568
0.8 -0.0107809
0.81 -0.0115309
0.82 -0.0112815
0.83 -0.0112096
0.84 -0.0116977
0.85 -0.0114552
0.86 -0.0114816
0.87 -0.0121943
0.88 -0.012243
0.89 -0.0125756
0.9 -0.0135487
0.91 -0.0136124
0.92 -0.0138996
0.93 -0.0145933
0.94 -0.0142524
0.95 -0.0142014
0.96 -0.0144472
0.97 -0.0137645
0.98 -0.0135844
0.99 -0.0137756
1 -0.0132487
1.01 -0.0131233
1.02 -0.0135567
1.03 -0.0130375
1.04 -0.0130471
1.05 -0.0132188
1.06 -0.0126838
1.07 -0.0125067
1.08 -0.0122958
1.09 -0.0114358
1.1 -0.0110842
1.11 -0.0106797
1.12 -0.00980424
1.13 -0.00948906
1.14 -0.00910168
1.15 -0.00835375
1.16 -0.00803377
1.17 -0.0077171
1.18 -0.00702181
1.19 -0.00673398
1.2 -0.00629303
1.21 -0.00548104
1.22 -0.00508699
1.23 -0.00475012
1.24 -0.00344215
1.25 -0.00286392
1.26 -0.00203118
1.27 -0.000641832
1.28 -0.00018581
1.29 0.000339864
1.3 0.000962397
1.31 0.00143653
1.32 0.00157246
1.33 0.0276816
1.34 0.0344751
1.35 0.01928
1.36 0.0259338
1.37 0.00377775
1.38 0.00377906
1.39 -0.086828
1.4 0.00386634
1.41 0.00356825
1.42 0.00398488
1.43 0.00339158
1.44 0.00291604
1.45 0.00325129
1.46 -0.0297916
1.47 0.00184292
1.48 0.00179327
1.49 1.03058e-05
1.5 -0.000743763
1.51 -0.000681513
1.52 -0.00275082
1.53 -0.00341565
1.54 -0.0131576
1.55 -0.0400133
1.56 -0.00559696
1.57 -0.0201136
1.58 -0.00680402
1.59 -0.00821386
1.6 -0.0100904
1.61 -0.00808716
1.62 -0.00998316
1.63 0
1.64 0
1.65 0
1.66 0
1.67 0
1.68 0
1.69 0
1.7 0
1.71 0
1.72 0
1.73 0
1.74 0
1.75 0
1.76 0
1.77 0
1.78 0
1.79 0
1.8 0
1.81 0
1.82 0
1.83 0
1.84 0
1.85 0
1.86 0
1.87 0
1.88 0
1.89 0
1.9 0
1.91 0
1.92 0
1.93 0
1.94 0
1.95 0
1.96 0
1.97 0
1.98 0
1.99 0
