-2 0
-1.99 0
-1.98 0
-1.97 0
-1.96 0
-1.95 0
-1.94 0
-1.93 0
-1.92 0
-1.91 0
-1.9 0
-1.89 0
-1.88 0
-1.87 0
-1.86 0
-1.85 0
-1.84 0
-1.83 0
-1.82 0
-1.81 0
-1.8 0
-1.79 0
-1.78 0
-1.77 0
-1.76 0
-1.75 0
-1.74 0
-1.73 0
-1.72 0
-1.71 0
-1.7 0
-1.69 0
-1.68 0
-1.67 0
-1.66 0
-1.65 0
-1.64 0
-1.63 0
-1.62 0
-1.61 0
-1.6 0
-1.59 0
-1.58 0
-1.57 0
-1.56 0
-1.55 0
-1.54 0
-1.53 0
-1.52 0
-1.51 0
-1.5 0
-1.49 0
-1.48 0
-1.47 0
-1.46 0
-1.45 0
-1.44 0
-1.43 0
-1.42 0
-1.41 0
-1.4 0
-1.39 0
-1.38 0
-1.37 0
-1.36 0
-1.35 0
-1.34 0
-1.33 0
-1.32 0
-1.31 0
-1.3 0
-1.29 0
-1.28 0
-1.27 0
-1.26 0
-1.25 0
-1.24 0
-1.23 0
-1.22 0
-1.21 0
-1.2 0
-1.19 0
-1.18 0
-1.17 0
-1.16 0
-1.15 0
-1.14 0
-1.13 0
-1.12 0
-1.11 0
-1.1 0
-1.09 0
-1.08 0
-1.07 0
-1.06 0
-1.05 0
-1.04 0
-1.03 0
-1.02 0
-1.01 0
-1 0
-0.99 0
-0.98 0
-0.97 0
-0.96 0
-0.95 0
-0.94 0
-0.93 0
-0.92 0
-0.91 0
-0.9 0
-0.89 0
-0.88 0
-0.87 0
-0.86 0
-0.85 0
-0.84 0
-0.83 0
-0.82 0
-0.81 0
-0.8 0
-0.79 0
-0.78 0
-0.77 0
-0.76 0
-0.75 0
-0.74 0
-0.73 0
-0.72 0
-0.71 0
-0.7 0
-0.69 0
-0.68 0
-0.67 0
-0.66 0
-0.65 0
-0.64 0
-0.63 0
-0.62 0
-0.61 0
-0.6 0
-0.59 0
-0.58 0
-0.57 0
-0.56 0
-0.55 0
-0.54 0
-0.53 0
-0.52 0
-0.51 0
-0.5 0
-0.49 0
-0.48 0
-0.47 0
-0.46 0
-0.45 0
-0.44 0
-0.43 0
-0.42 0
-0.41 0
-0.4 0
-0.39 0
-0.38 0
-0.37 0
-0.36 0
-0.35 0
-0.34 0
-0.33 0
-0.32 0
-0.31 0
-0.3 0
-0.29 0
-0.28 0
-0.27 0.000173078
-0.26 0.000466398
-0.25 0.000747532
-0.24 0.00128392
-0.23 0.0016938
-0.22 0.00174411
-0.21 0.00180381
-0.2 0.00183338
-0.19 0.00188608
-0.18 0.00191441
-0.17 0.00197176
-0.16 0.00199825
-0.15 0.00203011
-0.14 0.00210894
-0.13 0.00223958
-0.12 0.00273031
-0.11 0.00239666
-0.1 -0.0142975
-0.09 -0.100552
-0.08 -0.237945
-0.07 -0.404904
-0.06 -0.571764
-0.05 -0.717843
-0.04 -0.833709
-0.03 -0.917968
-0.02 -0.972207
-0.01 -0.995282
0 -0.990001
0.01 -0.964652
0.02 -0.927517
0.03 -0.884564
0.04 -0.839143
0.05 -0.793199
0.06 -0.747783
0.07 -0.703735
0.08 -0.661885
0.09 -0.622114
0.1 -0.584026
0.11 -0.547608
0.12 -0.512804
0.13 -0.4796
0.14 -0.448061
0.15 -0.418068
0.16 -0.389554
0.17 -0.362593
0.18 -0.337058
0.19 -0.312916
0.2 -0.290196
0.21 -0.268837
0.22 -0.248999
0.23 -0.230607
0.24 -0.213761
0.25 -0.198441
0.26 -0.184517
0.27 -0.171892
0.28 -0.16029
0.29 -0.149808
0.3 -0.140167
0.31 -0.131219
0.32 -0.122899
0.33 -0.1151
0.34 -0.107697
0.35 -0.100683
0.36 -0.0941196
0.37 -0.0878589
0.38 -0.0821713
0.39 -0.0770131
0.4 -0.0723907
0.41 -0.0682365
0.42 -0.0646046
0.43 -0.0614507
0.44 -0.0585313
0.45 -0.0558125
0.46 -0.0531158
0.47 -0.0506457
0.48 -0.0482344
0.49 -0.0458153
0.5 -0.0434496
0.51 -0.0411952
0.52 -0.0392489
0.53 -0.0375325
0.54 -0.0359607
0.55 -0.0346067
0.56 -0.0335411
0.57 -0.0325868
0.58 -0.0317437
0.59 -0.0309153
0.6 -0.0300381
0.61 -0.0288958
0.62 -0.0277549
0.63 -0.0267719
0.64 -0.0255981
0.65 -0.0245012
0.66 -0.0236979
0.67 -0.023174
0.68 -0.022444
0.69 -0.022318
0.7 -0.0219694
0.71 -0.0219737
0.72 -0.0215604
0.73 -0.0212676
0.74 -0.020609
0.75 -0.0196721
0.76 -0.0186139
0.77 -0.0156659
0.78 -0.0142461
0.79 -0.0106882
0.8 -0.00515509
0.81 0.00631849
0.82 0.04274
0.83 0.166969
0.84 0.169168
0.85 0.195238
0.86 0.187491
0.87 0.228291
0.88 0.159451
0.89 -0.00464923
0.9 -0.0129178
0.91 -0.0130134
0.92 -0.0107594
0.93 -0.0106869
0.94 -0.00998379
0.95 -0.010563
0.96 -0.00995428
0.97 -0.00958885
0.98 -0.00813106
0.99 -0.00994865
1 -0.00887953
1.01 -0.0114718
1.02 -0.0119758
1.03 -0.0230472
1.04 -0.0265347
1.05 -0.1081
1.06 -0.0564109
1.07 5.81078
1.08 0
1.09 0
1.1 0
1.11 0
1.12 0
1.13 0
1.14 0
1.15 0
1.16 0
1.17 0
1.18 0
1.19 0
1.2 0
1.21 0
1.22 0
1.23 0
1.24 0
1.25 0
1.26 0
1.27 0
1.28 0
1.29 0
1.3 0
1.31 0
1.32 0
1.33 0
1.34 0
1.35 0
1.36 0
1.37 0
1.38 0
1.39 0
1.4 0
1.41 0
1.42 0
1.43 0
1.44 0
1.45 0
1.46 0
1.47 0
1.48 0
1.49 0
1.5 0
1.51 0
1.52 0
1.53 0
1.54 0
1.55 0
1.56 0
1.57 0
1.58 0
1.59 0
1.6 0
1.61 0
1.62 0
1.63 0
1.64 0
1.65 0
1.66 0
1.67 0
1.68 0
1.69 0
1.7 0
1.71 0
1.72 0
1.73 0
1.74 0
1.75 0
1.76 0
1.77 0
1.78 0
1.79 0
1.8 0
1.81 0
1.82 0
1.83 0
1.84 0
1.85 0
1.86 0
1.87 0
1.88 0
1.89 0
1.9 0
1.91 0
1.92 0
1.93 0
1.94 0
1.95 0
1.96 0
1.97 0
1.98 0
1.99 0
