-1.5  0
-1.499  0
-1.498  0
-1.497  0
-1.496  0
-1.495  0
-1.494  0
-1.493  0
-1.492  0
-1.491  0
-1.49  0
-1.489  0
-1.488  0
-1.487  0
-1.486  0
-1.485  0
-1.484  0
-1.483  0
-1.482  0
-1.481  0
-1.48  0
-1.479  0
-1.478  0
-1.477  0
-1.476  0
-1.475  0
-1.474  0
-1.473  0
-1.472  0
-1.471  0
-1.47  0
-1.469  0
-1.468  0
-1.467  0
-1.466  0
-1.465  0
-1.464  0
-1.463  0
-1.462  0
-1.461  0
-1.46  0
-1.459  0
-1.458  0
-1.457  0
-1.456  0
-1.455  0
-1.454  0
-1.453  0
-1.452  0
-1.451  0
-1.45  0
-1.449  0
-1.448  0
-1.447  0
-1.446  0
-1.445  0
-1.444  0
-1.443  0
-1.442  0
-1.441  0
-1.44  0
-1.439  0
-1.438  0
-1.437  0
-1.436  0
-1.435  0
-1.434  0
-1.433  0
-1.432  0
-1.431  0
-1.43  0
-1.429  0
-1.428  0
-1.427  0
-1.426  0
-1.425  0
-1.424  0
-1.423  0
-1.422  0
-1.421  0
-1.42  0
-1.419  0
-1.418  0
-1.417  0
-1.416  0
-1.415  0
-1.414  0
-1.413  0
-1.412  0
-1.411  0
-1.41  0
-1.409  0
-1.408  0
-1.407  0
-1.406  0
-1.405  0
-1.404  0
-1.403  0
-1.402  0
-1.401  0
-1.4  0
-1.399  0
-1.398  0
-1.397  0
-1.396  0
-1.395  0
-1.394  0
-1.393  0
-1.392  0
-1.391  0
-1.39  0
-1.389  0
-1.388  0
-1.387  0
-1.386  0
-1.385  0
-1.384  0
-1.383  0
-1.382  0
-1.381  0
-1.38  0
-1.379  0
-1.378  0
-1.377  0
-1.376  0
-1.375  0
-1.374  0
-1.373  0
-1.372  0
-1.371  0
-1.37  0
-1.369  0
-1.368  0
-1.367  0
-1.366  0
-1.365  0
-1.364  0
-1.363  0
-1.362  0
-1.361  0
-1.36  0
-1.359  0
-1.358  0
-1.357  0
-1.356  0
-1.355  0
-1.354  0
-1.353  0
-1.352  0
-1.351  0
-1.35  0
-1.349  0
-1.348  0
-1.347  0
-1.346  0
-1.345  0
-1.344  0
-1.343  0
-1.342  0
-1.341  0
-1.34  0
-1.339  0
-1.338  -9.17107e-06
-1.337  -1.54906e-05
-1.336  -2.20651e-05
-1.335  -2.77444e-05
-1.334  -3.59014e-05
-1.333  -4.04688e-05
-1.332  -4.74695e-05
-1.331  -5.17215e-05
-1.33  -6.05588e-05
-1.329  -6.6677e-05
-1.328  -7.57295e-05
-1.327  -8.39892e-05
-1.326  -9.27355e-05
-1.325  -0.000100486
-1.324  -0.000106794
-1.323  -0.00011656
-1.322  -0.000122064
-1.321  -0.000123686
-1.32  -0.000126695
-1.319  -0.000119465
-1.318  -0.000115778
-1.317  -0.000112662
-1.316  -0.000113988
-1.315  -0.000111445
-1.314  -0.000113596
-1.313  -0.000111986
-1.312  -0.0001075
-1.311  -0.000106047
-1.31  -0.000102037
-1.309  -0.000101075
-1.308  -9.9959e-05
-1.307  -9.65188e-05
-1.306  -9.59063e-05
-1.305  -9.68881e-05
-1.304  -9.45534e-05
-1.303  -9.50635e-05
-1.302  -9.73987e-05
-1.301  -9.9196e-05
-1.3  -0.000103064
-1.299  -0.000105241
-1.298  -0.000106325
-1.297  -0.000104934
-1.296  -0.000104977
-1.295  -0.000103612
-1.294  -0.000103834
-1.293  -0.000112254
-1.292  -0.000112371
-1.291  -0.000113072
-1.29  -0.00010772
-1.289  -0.000101092
-1.288  -9.98365e-05
-1.287  -9.9212e-05
-1.286  -9.48933e-05
-1.285  -9.40901e-05
-1.284  -9.25648e-05
-1.283  -9.32373e-05
-1.282  -9.26369e-05
-1.281  -9.14762e-05
-1.28  -9.17814e-05
-1.279  -9.54039e-05
-1.278  -9.72913e-05
-1.277  -9.67731e-05
-1.276  -9.60645e-05
-1.275  -9.73406e-05
-1.274  -9.62757e-05
-1.273  -9.54125e-05
-1.272  -9.95329e-05
-1.271  -0.000101972
-1.27  -0.000107522
-1.269  -0.000108846
-1.268  -0.000107287
-1.267  -0.000109228
-1.266  -0.00010662
-1.265  -0.000106847
-1.264  -0.000109343
-1.263  -0.000112775
-1.262  -0.000115243
-1.261  -0.000113686
-1.26  -0.00010891
-1.259  -0.000103928
-1.258  -0.000103989
-1.257  -0.0001049
-1.256  -0.000103104
-1.255  -0.000101632
-1.254  -0.000100517
-1.253  -9.86323e-05
-1.252  -9.89283e-05
-1.251  -9.99894e-05
-1.25  -0.000100475
-1.249  -0.000105562
-1.248  -0.000106908
-1.247  -0.000108603
-1.246  -0.000110493
-1.245  -0.000108662
-1.244  -0.0001096
-1.243  -0.00010979
-1.242  -0.000112788
-1.241  -0.000114391
-1.24  -0.000117355
-1.239  -0.000116296
-1.238  -0.000113887
-1.237  -0.000114795
-1.236  -0.000113388
-1.235  -0.000110704
-1.234  -0.000112832
-1.233  -0.000115323
-1.232  -0.000115411
-1.231  -0.000114414
-1.23  -0.000108018
-1.229  -0.000106278
-1.228  -0.00010783
-1.227  -0.000108123
-1.226  -0.000106539
-1.225  -0.000102506
-1.224  -9.98382e-05
-1.223  -9.81089e-05
-1.222  -0.000101983
-1.221  -0.000104906
-1.22  -0.000108175
-1.219  -0.000114914
-1.218  -0.000115674
-1.217  -0.000117467
-1.216  -0.000119699
-1.215  -0.000117578
-1.214  -0.000117392
-1.213  -0.000119325
-1.212  -0.00012162
-1.211  -0.000124152
-1.21  -0.000124128
-1.209  -0.000122069
-1.208  -0.000121552
-1.207  -0.000124678
-1.206  -0.000125577
-1.205  -0.000125307
-1.204  -0.000124806
-1.203  -0.00012279
-1.202  -0.000120104
-1.201  -0.000117758
-1.2  -0.000110153
-1.199  -0.000109161
-1.198  -0.000110694
-1.197  -0.00011239
-1.196  -0.000109789
-1.195  -0.000107773
-1.194  -0.000103725
-1.193  -0.000100543
-1.192  -0.000101782
-1.191  -0.000103993
-1.19  -0.000104208
-1.189  -0.000105511
-1.188  -0.000105236
-1.187  -0.00010521
-1.186  -0.00010847
-1.185  -0.00010923
-1.184  -0.000110816
-1.183  -0.000111423
-1.182  -0.000113323
-1.181  -0.000117002
-1.18  -0.000115807
-1.179  -0.000112882
-1.178  -0.000111544
-1.177  -0.000115917
-1.176  -0.000116732
-1.175  -0.000117538
-1.174  -0.000118264
-1.173  -0.000117806
-1.172  -0.00011448
-1.171  -0.00011377
-1.17  -0.000112449
-1.169  -0.000110018
-1.168  -0.000111459
-1.167  -0.00010913
-1.166  -0.000106444
-1.165  -0.000103227
-1.164  -0.000103217
-1.163  -0.000100936
-1.162  -0.000103675
-1.161  -0.000104612
-1.16  -0.000104395
-1.159  -0.00010578
-1.158  -0.000104228
-1.157  -0.000104797
-1.156  -0.000105631
-1.155  -0.000105864
-1.154  -0.000108141
-1.153  -0.000110594
-1.152  -0.000112222
-1.151  -0.000111986
-1.15  -0.000111178
-1.149  -0.000110269
-1.148  -0.000111729
-1.147  -0.000114508
-1.146  -0.000115851
-1.145  -0.000116309
-1.144  -0.000116319
-1.143  -0.0001132
-1.142  -0.000110985
-1.141  -0.000110948
-1.14  -0.000108105
-1.139  -0.000106841
-1.138  -0.000107437
-1.137  -0.000105197
-1.136  -0.000105669
-1.135  -0.000101188
-1.134  -0.000101647
-1.133  -0.000101795
-1.132  -0.000103834
-1.131  -0.000105078
-1.13  -0.000105478
-1.129  -0.000105427
-1.128  -0.000105112
-1.127  -0.000107962
-1.126  -0.000107341
-1.125  -0.000106947
-1.124  -0.000106439
-1.123  -0.000110572
-1.122  -0.000111489
-1.121  -0.000115936
-1.12  -0.000116122
-1.119  -0.000116323
-1.118  -0.000120187
-1.117  -0.000120271
-1.116  -0.000122307
-1.115  -0.000122326
-1.114  -0.00012206
-1.113  -0.000118394
-1.112  -0.000116872
-1.111  -0.000115198
-1.11  -0.00011317
-1.109  -0.00011342
-1.108  -0.000112004
-1.107  -0.000110291
-1.106  -0.000110363
-1.105  -0.000109575
-1.104  -0.000107583
-1.103  -0.000109736
-1.102  -0.000106891
-1.101  -0.00010713
-1.1  -0.000104203
-1.099  -0.000100792
-1.098  -0.000101692
-1.097  -0.00010147
-1.096  -0.000102532
-1.095  -0.000100531
-1.094  -0.000101261
-1.093  -0.000104169
-1.092  -0.000103906
-1.091  -0.000107182
-1.09  -0.000109045
-1.089  -0.000108872
-1.088  -0.000110168
-1.087  -0.00011248
-1.086  -0.000115704
-1.085  -0.000116409
-1.084  -0.000115835
-1.083  -0.000115559
-1.082  -0.000113061
-1.081  -0.000114327
-1.08  -0.000113891
-1.079  -0.000114055
-1.078  -0.000116016
-1.077  -0.000110763
-1.076  -0.00011163
-1.075  -0.000110683
-1.074  -0.0001108
-1.073  -0.000112826
-1.072  -0.000110743
-1.071  -0.000109839
-1.07  -0.000106538
-1.069  -0.000106198
-1.068  -0.000104919
-1.067  -0.0001051
-1.066  -0.00010687
-1.065  -0.000104477
-1.064  -0.00010176
-1.063  -0.000105853
-1.062  -0.000103507
-1.061  -0.00010572
-1.06  -0.000105968
-1.059  -0.00010606
-1.058  -0.000108362
-1.057  -0.00011014
-1.056  -0.000113402
-1.055  -0.000114069
-1.054  -0.000114249
-1.053  -0.000113266
-1.052  -0.000109021
-1.051  -0.000110465
-1.05  -0.000110013
-1.049  -0.000112798
-1.048  -0.000113381
-1.047  -0.000108815
-1.046  -0.000109164
-1.045  -0.000112043
-1.044  -0.000113199
-1.043  -0.000114735
-1.042  -0.000113855
-1.041  -0.000113649
-1.04  -0.000109557
-1.039  -0.000110014
-1.038  -0.000108796
-1.037  -0.000107493
-1.036  -0.000111178
-1.035  -0.000108266
-1.034  -0.000107118
-1.033  -0.000110674
-1.032  -0.00010846
-1.031  -0.000108672
-1.03  -0.000105909
-1.029  -0.000104951
-1.028  -0.000107878
-1.027  -0.000109651
-1.026  -0.000110088
-1.025  -0.000109658
-1.024  -0.000111578
-1.023  -0.000111921
-1.022  -0.000109176
-1.021  -0.00011121
-1.02  -0.000110739
-1.019  -0.000114611
-1.018  -0.000115229
-1.017  -0.000108111
-1.016  -0.000108162
-1.015  -0.000111005
-1.014  -0.000111542
-1.013  -0.000112055
-1.012  -0.000112422
-1.011  -0.000112357
-1.01  -0.000110945
-1.009  -0.000109248
-1.008  -0.000108562
-1.007  -0.000110853
-1.006  -0.000112012
-1.005  -0.000107308
-1.004  -0.000104142
-1.003  -0.000105571
-1.002  -0.000102857
-1.001  -0.000104177
-1  -0.000101887
-0.999  -0.0001006
-0.998  -0.000104689
-0.997  -0.000107527
-0.996  -0.000107611
-0.995  -0.000106926
-0.994  -0.000108748
-0.993  -0.000107489
-0.992  -0.000106958
-0.991  -0.00010711
-0.99  -0.000108402
-0.989  -0.000112184
-0.988  -0.000110923
-0.987  -0.000106736
-0.986  -0.0001092
-0.985  -0.000112042
-0.984  -0.000112538
-0.983  -0.000113832
-0.982  -0.000114623
-0.981  -0.000112368
-0.98  -0.000114159
-0.979  -0.000112524
-0.978  -0.000111955
-0.977  -0.000111934
-0.976  -0.00011342
-0.975  -0.000111876
-0.974  -0.000111574
-0.973  -0.000110956
-0.972  -0.000108555
-0.971  -0.000104412
-0.97  -0.00010078
-0.969  -9.9608e-05
-0.968  -0.000102664
-0.967  -0.00010132
-0.966  -0.000101846
-0.965  -0.000101168
-0.964  -0.000102114
-0.963  -9.99783e-05
-0.962  -9.9424e-05
-0.961  -9.76306e-05
-0.96  -9.8331e-05
-0.959  -0.000101396
-0.958  -0.000101668
-0.957  -9.93546e-05
-0.956  -0.000101068
-0.955  -0.000102085
-0.954  -0.000100952
-0.953  -0.000102781
-0.952  -0.000107002
-0.951  -0.00010678
-0.95  -0.000107864
-0.949  -0.000107715
-0.948  -0.000111087
-0.947  -0.000110543
-0.946  -0.000111163
-0.945  -0.000108162
-0.944  -0.000108457
-0.943  -0.000109975
-0.942  -0.000108052
-0.941  -0.000104641
-0.94  -0.000101333
-0.939  -9.98014e-05
-0.938  -0.000102358
-0.937  -0.000101731
-0.936  -0.000102279
-0.935  -0.000103937
-0.934  -0.000103606
-0.933  -0.000100091
-0.932  -9.84739e-05
-0.931  -9.83172e-05
-0.93  -9.69733e-05
-0.929  -9.73339e-05
-0.928  -9.88068e-05
-0.927  -9.77425e-05
-0.926  -0.000101937
-0.925  -0.000104421
-0.924  -0.00010254
-0.923  -0.000104636
-0.922  -0.000108102
-0.921  -0.000107648
-0.92  -0.000107833
-0.919  -0.000105188
-0.918  -0.000105705
-0.917  -0.000105965
-0.916  -0.000107179
-0.915  -0.000106657
-0.914  -0.000106455
-0.913  -0.000107581
-0.912  -0.000106164
-0.911  -0.000104955
-0.91  -0.000102773
-0.909  -0.000100278
-0.908  -0.000101571
-0.907  -9.77305e-05
-0.906  -9.54135e-05
-0.905  -9.5437e-05
-0.904  -9.46296e-05
-0.903  -9.08805e-05
-0.902  -8.93014e-05
-0.901  -9.01127e-05
-0.9  -9.04948e-05
-0.899  -9.14806e-05
-0.898  -9.20649e-05
-0.897  -9.24342e-05
-0.896  -9.38999e-05
-0.895  -0.000100317
-0.894  -9.94106e-05
-0.893  -0.000101762
-0.892  -0.000102888
-0.891  -0.000102439
-0.89  -0.000102597
-0.889  -0.000100743
-0.888  -0.000103294
-0.887  -0.000104542
-0.886  -0.000106184
-0.885  -0.000108215
-0.884  -0.000108636
-0.883  -0.000109259
-0.882  -0.000107886
-0.881  -0.000109871
-0.88  -0.000107504
-0.879  -0.000105728
-0.878  -0.000106498
-0.877  -0.00010457
-0.876  -0.000101652
-0.875  -0.000101706
-0.874  -9.96501e-05
-0.873  -9.90439e-05
-0.872  -9.91201e-05
-0.871  -0.000100726
-0.87  -0.000100951
-0.869  -0.000102242
-0.868  -0.000102807
-0.867  -0.00010432
-0.866  -0.000103937
-0.865  -0.000109077
-0.864  -0.000111021
-0.863  -0.00011387
-0.862  -0.000114613
-0.861  -0.000114727
-0.86  -0.000115271
-0.859  -0.000112625
-0.858  -0.000113268
-0.857  -0.000112995
-0.856  -0.000115436
-0.855  -0.000118062
-0.854  -0.0001185
-0.853  -0.000116802
-0.852  -0.000115386
-0.851  -0.00011736
-0.85  -0.000115047
-0.849  -0.000111917
-0.848  -0.00011128
-0.847  -0.000107873
-0.846  -0.000105587
-0.845  -0.000103258
-0.844  -0.000100792
-0.843  -9.81043e-05
-0.842  -9.80032e-05
-0.841  -9.79613e-05
-0.84  -9.7036e-05
-0.839  -9.84181e-05
-0.838  -9.94986e-05
-0.837  -9.98586e-05
-0.836  -9.71978e-05
-0.835  -0.000101223
-0.834  -0.000104084
-0.833  -0.000107355
-0.832  -0.000107661
-0.831  -0.000107784
-0.83  -0.000108706
-0.829  -0.000107642
-0.828  -0.000111062
-0.827  -0.00011196
-0.826  -0.000115037
-0.825  -0.000116564
-0.824  -0.000117191
-0.823  -0.000116309
-0.822  -0.000113945
-0.821  -0.000116756
-0.82  -0.000114544
-0.819  -0.000112036
-0.818  -0.000110382
-0.817  -0.000109637
-0.816  -0.000105531
-0.815  -0.000104257
-0.814  -0.000101819
-0.813  -0.000100114
-0.812  -9.99387e-05
-0.811  -0.000102713
-0.81  -9.99713e-05
-0.809  -9.79982e-05
-0.808  -9.75392e-05
-0.807  -9.67765e-05
-0.806  -9.56923e-05
-0.805  -9.86758e-05
-0.804  -9.91034e-05
-0.803  -0.000103211
-0.802  -0.000103168
-0.801  -0.000102531
-0.8  -0.000104344
-0.799  -0.000102307
-0.798  -0.000106218
-0.797  -0.000108359
-0.796  -0.000109784
-0.795  -0.000109284
-0.794  -0.000111152
-0.793  -0.000110981
-0.792  -0.0001076
-0.791  -0.000109224
-0.79  -0.00011026
-0.789  -0.000106825
-0.788  -0.00010836
-0.787  -0.000105052
-0.786  -0.000101121
-0.785  -0.000101664
-0.784  -0.000100592
-0.783  -0.000100372
-0.782  -0.000101537
-0.781  -0.000101581
-0.78  -9.99395e-05
-0.779  -9.78003e-05
-0.778  -9.80136e-05
-0.777  -0.000100112
-0.776  -9.95623e-05
-0.775  -0.000100767
-0.774  -0.000101513
-0.773  -0.000103115
-0.772  -0.000102536
-0.771  -9.92685e-05
-0.77  -0.000102478
-0.769  -9.87238e-05
-0.768  -0.000106394
-0.767  -0.000107421
-0.766  -0.000106975
-0.765  -0.000105145
-0.764  -0.000103541
-0.763  -0.000103454
-0.762  -0.000101237
-0.761  -0.000103173
-0.76  -0.000103813
-0.759  -9.97586e-05
-0.758  -9.67123e-05
-0.757  -9.53824e-05
-0.756  -9.25267e-05
-0.755  -9.18067e-05
-0.754  -9.19283e-05
-0.753  -9.45249e-05
-0.752  -9.82857e-05
-0.751  -9.83271e-05
-0.75  -9.67741e-05
-0.749  -9.29508e-05
-0.748  -9.35187e-05
-0.747  -9.52862e-05
-0.746  -9.65753e-05
-0.745  -0.000101009
-0.744  -0.000102148
-0.743  -0.000103305
-0.742  -0.000103919
-0.741  -0.00010072
-0.74  -0.000104484
-0.739  -0.000105372
-0.738  -0.000108374
-0.737  -0.000108058
-0.736  -0.00010624
-0.735  -0.000105946
-0.734  -0.000103207
-0.733  -9.91878e-05
-0.732  -9.55983e-05
-0.731  -9.83297e-05
-0.73  -9.57351e-05
-0.729  -9.41259e-05
-0.728  -9.22114e-05
-0.727  -9.18798e-05
-0.726  -8.71112e-05
-0.725  -8.65141e-05
-0.724  -8.73575e-05
-0.723  -8.86218e-05
-0.722  -8.96681e-05
-0.721  -8.82e-05
-0.72  -8.66752e-05
-0.719  -8.62339e-05
-0.718  -8.78853e-05
-0.717  -9.06282e-05
-0.716  -8.99528e-05
-0.715  -9.43137e-05
-0.714  -9.7164e-05
-0.713  -0.000100982
-0.712  -0.00010061
-0.711  -0.000101847
-0.71  -0.000106581
-0.709  -0.000107536
-0.708  -0.00010811
-0.707  -0.000107404
-0.706  -0.000106299
-0.705  -0.000104657
-0.704  -0.000102839
-0.703  -0.00010144
-0.702  -0.000100586
-0.701  -0.000102277
-0.7  -0.000100218
-0.699  -9.8199e-05
-0.698  -9.87779e-05
-0.697  -9.97679e-05
-0.696  -9.50797e-05
-0.695  -9.40394e-05
-0.694  -9.21933e-05
-0.693  -9.40756e-05
-0.692  -9.5463e-05
-0.691  -9.37701e-05
-0.69  -9.42491e-05
-0.689  -9.6469e-05
-0.688  -9.90532e-05
-0.687  -0.000100479
-0.686  -0.000102506
-0.685  -0.000106245
-0.684  -0.000107351
-0.683  -0.000109823
-0.682  -0.000108767
-0.681  -0.000110179
-0.68  -0.000113537
-0.679  -0.000109469
-0.678  -0.000108972
-0.677  -0.000107575
-0.676  -0.000107318
-0.675  -0.000108347
-0.674  -0.000107893
-0.673  -0.000103865
-0.672  -0.000102026
-0.671  -0.000103392
-0.67  -9.96352e-05
-0.669  -9.98384e-05
-0.668  -9.96427e-05
-0.667  -9.83068e-05
-0.666  -9.63851e-05
-0.665  -9.62834e-05
-0.664  -9.42582e-05
-0.663  -9.29749e-05
-0.662  -9.14684e-05
-0.661  -9.03765e-05
-0.66  -9.22107e-05
-0.659  -9.53963e-05
-0.658  -0.000100381
-0.657  -0.000101381
-0.656  -0.000102118
-0.655  -0.000104528
-0.654  -0.000108086
-0.653  -0.000109386
-0.652  -0.000108804
-0.651  -0.000111219
-0.65  -0.00011289
-0.649  -0.000110785
-0.648  -0.000109295
-0.647  -0.000105962
-0.646  -0.000105455
-0.645  -0.000107548
-0.644  -0.000107273
-0.643  -0.000106301
-0.642  -0.000105078
-0.641  -0.00010668
-0.64  -0.000102977
-0.639  -0.000102105
-0.638  -0.000103046
-0.637  -0.000101343
-0.636  -9.69811e-05
-0.635  -9.57071e-05
-0.634  -9.33733e-05
-0.633  -9.13634e-05
-0.632  -9.11394e-05
-0.631  -8.81997e-05
-0.63  -9.14938e-05
-0.629  -9.62816e-05
-0.628  -0.000100655
-0.627  -0.000104271
-0.626  -0.000102973
-0.625  -0.000107913
-0.624  -0.000109715
-0.623  -0.000111418
-0.622  -0.000112605
-0.621  -0.000114029
-0.62  -0.000115664
-0.619  -0.000112672
-0.618  -0.000114684
-0.617  -0.000114556
-0.616  -0.000115252
-0.615  -0.000116691
-0.614  -0.000115588
-0.613  -0.000113423
-0.612  -0.00011357
-0.611  -0.000112161
-0.61  -0.000108707
-0.609  -0.000107781
-0.608  -0.000105884
-0.607  -0.000104749
-0.606  -9.9237e-05
-0.605  -9.89764e-05
-0.604  -9.59003e-05
-0.603  -9.4538e-05
-0.602  -9.3823e-05
-0.601  -9.10267e-05
-0.6  -9.32308e-05
-0.599  -9.26846e-05
-0.598  -9.58446e-05
-0.597  -9.86311e-05
-0.596  -9.87987e-05
-0.595  -0.000105609
-0.594  -0.000105413
-0.593  -0.000106427
-0.592  -0.000108921
-0.591  -0.000111441
-0.59  -0.000112527
-0.589  -0.000110144
-0.588  -0.000112814
-0.587  -0.000115061
-0.586  -0.000117138
-0.585  -0.000119032
-0.584  -0.000116817
-0.583  -0.000115684
-0.582  -0.000116185
-0.581  -0.000115726
-0.58  -0.000112873
-0.579  -0.000111658
-0.578  -0.00011027
-0.577  -0.000110879
-0.576  -0.000104251
-0.575  -0.000105033
-0.574  -0.000104048
-0.573  -0.000102028
-0.572  -9.96504e-05
-0.571  -9.76423e-05
-0.57  -9.82204e-05
-0.569  -9.4425e-05
-0.568  -9.48969e-05
-0.567  -9.47448e-05
-0.566  -9.3249e-05
-0.565  -9.9576e-05
-0.564  -0.000101559
-0.563  -0.000102989
-0.562  -0.000105145
-0.561  -0.000107121
-0.56  -0.000108817
-0.559  -0.00010726
-0.558  -0.000106701
-0.557  -0.00010941
-0.556  -0.00011136
-0.555  -0.000111603
-0.554  -0.000109001
-0.553  -0.000109911
-0.552  -0.000111661
-0.551  -0.000109821
-0.55  -0.000110284
-0.549  -0.000110355
-0.548  -0.00011126
-0.547  -0.00011432
-0.546  -0.000106674
-0.545  -0.000105192
-0.544  -0.000103871
-0.543  -0.000102291
-0.542  -0.000102476
-0.541  -0.000100831
-0.54  -9.98383e-05
-0.539  -9.82343e-05
-0.538  -9.60976e-05
-0.537  -9.67781e-05
-0.536  -9.59333e-05
-0.535  -0.000101823
-0.534  -0.000100747
-0.533  -9.9603e-05
-0.532  -0.000103601
-0.531  -0.000103594
-0.53  -0.000107807
-0.529  -0.000103036
-0.528  -9.98058e-05
-0.527  -0.000102218
-0.526  -0.000103436
-0.525  -0.000101273
-0.524  -9.85877e-05
-0.523  -9.75489e-05
-0.522  -9.76738e-05
-0.521  -9.65952e-05
-0.52  -9.61969e-05
-0.519  -9.42785e-05
-0.518  -9.26336e-05
-0.517  -9.30217e-05
-0.516  -8.83273e-05
-0.515  -8.7347e-05
-0.514  -8.76898e-05
-0.513  -8.82858e-05
-0.512  -8.73483e-05
-0.511  -8.30799e-05
-0.51  -8.55756e-05
-0.509  -8.49656e-05
-0.508  -8.56333e-05
-0.507  -8.79014e-05
-0.506  -8.71587e-05
-0.505  -9.17645e-05
-0.504  -9.23728e-05
-0.503  -9.11591e-05
-0.502  -9.40285e-05
-0.501  -9.15125e-05
-0.5  -9.87277e-05
-0.499  -9.82881e-05
-0.498  -9.73885e-05
-0.497  -9.98168e-05
-0.496  -0.000102217
-0.495  -9.80532e-05
-0.494  -9.50153e-05
-0.493  -9.63039e-05
-0.492  -9.66867e-05
-0.491  -9.53511e-05
-0.49  -9.59479e-05
-0.489  -9.33314e-05
-0.488  -9.22895e-05
-0.487  -9.53279e-05
-0.486  -9.31981e-05
-0.485  -9.39577e-05
-0.484  -9.35267e-05
-0.483  -9.36349e-05
-0.482  -9.50495e-05
-0.481  -9.16926e-05
-0.48  -9.18302e-05
-0.479  -9.1448e-05
-0.478  -8.95708e-05
-0.477  -9.15175e-05
-0.476  -9.39268e-05
-0.475  -9.40077e-05
-0.474  -9.54271e-05
-0.473  -9.31045e-05
-0.472  -9.54156e-05
-0.471  -9.563e-05
-0.47  -0.00010123
-0.469  -9.96286e-05
-0.468  -9.85403e-05
-0.467  -9.82294e-05
-0.466  -9.81884e-05
-0.465  -9.35109e-05
-0.464  -9.16466e-05
-0.463  -9.4551e-05
-0.462  -9.52771e-05
-0.461  -9.30313e-05
-0.46  -9.2074e-05
-0.459  -9.0146e-05
-0.458  -8.7999e-05
-0.457  -9.00718e-05
-0.456  -9.0206e-05
-0.455  -9.03424e-05
-0.454  -8.8374e-05
-0.453  -8.85694e-05
-0.452  -8.97144e-05
-0.451  -8.77723e-05
-0.45  -8.66334e-05
-0.449  -8.58498e-05
-0.448  -8.66633e-05
-0.447  -8.7918e-05
-0.446  -9.41994e-05
-0.445  -9.32594e-05
-0.444  -9.19842e-05
-0.443  -9.03802e-05
-0.442  -9.36793e-05
-0.441  -9.41264e-05
-0.44  -9.82257e-05
-0.439  -0.00010013
-0.438  -9.84936e-05
-0.437  -9.83763e-05
-0.436  -9.64746e-05
-0.435  -9.64744e-05
-0.434  -9.54234e-05
-0.433  -9.50256e-05
-0.432  -9.59086e-05
-0.431  -9.44259e-05
-0.43  -9.34117e-05
-0.429  -9.43469e-05
-0.428  -9.14856e-05
-0.427  -8.95586e-05
-0.426  -9.20301e-05
-0.425  -9.29191e-05
-0.424  -9.01212e-05
-0.423  -8.63587e-05
-0.422  -8.84297e-05
-0.421  -8.72566e-05
-0.42  -8.25633e-05
-0.419  -8.16989e-05
-0.418  -8.35667e-05
-0.417  -8.56417e-05
-0.416  -9.15003e-05
-0.415  -9.07021e-05
-0.414  -8.9722e-05
-0.413  -8.83513e-05
-0.412  -9.10103e-05
-0.411  -9.18691e-05
-0.41  -9.05924e-05
-0.409  -9.18923e-05
-0.408  -9.2799e-05
-0.407  -9.13588e-05
-0.406  -9.03406e-05
-0.405  -9.2336e-05
-0.404  -9.18651e-05
-0.403  -9.13861e-05
-0.402  -9.2743e-05
-0.401  -9.31497e-05
-0.4  -9.33316e-05
-0.399  -9.26785e-05
-0.398  -9.02272e-05
-0.397  -8.57159e-05
-0.396  -8.57421e-05
-0.395  -8.67737e-05
-0.394  -8.38215e-05
-0.393  -8.30516e-05
-0.392  -8.3863e-05
-0.391  -8.33866e-05
-0.39  -8.11835e-05
-0.389  -8.07367e-05
-0.388  -8.12296e-05
-0.387  -8.12276e-05
-0.386  -8.46327e-05
-0.385  -8.79836e-05
-0.384  -8.83308e-05
-0.383  -8.79278e-05
-0.382  -9.11226e-05
-0.381  -8.96524e-05
-0.38  -8.91464e-05
-0.379  -9.04318e-05
-0.378  -9.19554e-05
-0.377  -9.10085e-05
-0.376  -9.37932e-05
-0.375  -9.52599e-05
-0.374  -9.53797e-05
-0.373  -9.58469e-05
-0.372  -9.7278e-05
-0.371  -9.74617e-05
-0.37  -9.68701e-05
-0.369  -9.77023e-05
-0.368  -9.80625e-05
-0.367  -9.44083e-05
-0.366  -9.53679e-05
-0.365  -9.73581e-05
-0.364  -9.45468e-05
-0.363  -9.2733e-05
-0.362  -9.36792e-05
-0.361  -9.28108e-05
-0.36  -9.20511e-05
-0.359  -8.92633e-05
-0.358  -9.00754e-05
-0.357  -8.60182e-05
-0.356  -8.70932e-05
-0.355  -8.75005e-05
-0.354  -8.86161e-05
-0.353  -8.94838e-05
-0.352  -9.18312e-05
-0.351  -9.2444e-05
-0.35  -9.1183e-05
-0.349  -9.12744e-05
-0.348  -9.19444e-05
-0.347  -8.94802e-05
-0.346  -9.20121e-05
-0.345  -9.24456e-05
-0.344  -9.53197e-05
-0.343  -9.70593e-05
-0.342  -9.97663e-05
-0.341  -9.88934e-05
-0.34  -0.000100115
-0.339  -0.000100297
-0.338  -9.94851e-05
-0.337  -9.88493e-05
-0.336  -0.00010022
-0.335  -9.97213e-05
-0.334  -9.73159e-05
-0.333  -9.6111e-05
-0.332  -9.50454e-05
-0.331  -9.61418e-05
-0.33  -9.63547e-05
-0.329  -9.56564e-05
-0.328  -9.56175e-05
-0.327  -8.98573e-05
-0.326  -9.37573e-05
-0.325  -9.21791e-05
-0.324  -9.43341e-05
-0.323  -9.23168e-05
-0.322  -9.46288e-05
-0.321  -9.59249e-05
-0.32  -9.59315e-05
-0.319  -0.000101603
-0.318  -0.000102237
-0.317  -0.00010091
-0.316  -0.000101998
-0.315  -9.96032e-05
-0.314  -0.000103152
-0.313  -0.000103955
-0.312  -0.000103787
-0.311  -0.000101603
-0.31  -9.9729e-05
-0.309  -9.90994e-05
-0.308  -9.75367e-05
-0.307  -9.36127e-05
-0.306  -9.4467e-05
-0.305  -9.55611e-05
-0.304  -9.58776e-05
-0.303  -9.60225e-05
-0.302  -9.56444e-05
-0.301  -9.50942e-05
-0.3  -9.10076e-05
-0.299  -9.13432e-05
-0.298  -8.96812e-05
-0.297  -8.71912e-05
-0.296  -9.32987e-05
-0.295  -9.02531e-05
-0.294  -9.24004e-05
-0.293  -9.15286e-05
-0.292  -9.29282e-05
-0.291  -9.43105e-05
-0.29  -9.40358e-05
-0.289  -0.000100127
-0.288  -0.000103043
-0.287  -0.000102875
-0.286  -0.000100008
-0.285  -9.68971e-05
-0.284  -9.78785e-05
-0.283  -9.7884e-05
-0.282  -9.87778e-05
-0.281  -9.68994e-05
-0.28  -9.50924e-05
-0.279  -9.50755e-05
-0.278  -9.31415e-05
-0.277  -8.87782e-05
-0.276  -8.97511e-05
-0.275  -9.15489e-05
-0.274  -9.17994e-05
-0.273  -9.3262e-05
-0.272  -9.37188e-05
-0.271  -9.36201e-05
-0.27  -9.00545e-05
-0.269  -8.86018e-05
-0.268  -8.45364e-05
-0.267  -8.24626e-05
-0.266  -8.95708e-05
-0.265  -8.59529e-05
-0.264  -8.63401e-05
-0.263  -8.59646e-05
-0.262  -8.51148e-05
-0.261  -8.54799e-05
-0.26  -8.49819e-05
-0.259  -9.17232e-05
-0.258  -9.39449e-05
-0.257  -9.32829e-05
-0.256  -8.94606e-05
-0.255  -8.89069e-05
-0.254  -8.94636e-05
-0.253  -9.23058e-05
-0.252  -9.45294e-05
-0.251  -9.42525e-05
-0.25  -9.47551e-05
-0.249  -9.5599e-05
-0.248  -9.26032e-05
-0.247  -8.68442e-05
-0.246  -9.09919e-05
-0.245  -9.31538e-05
-0.244  -9.30888e-05
-0.243  -9.5761e-05
-0.242  -9.63513e-05
-0.241  -9.79636e-05
-0.24  -9.22625e-05
-0.239  -9.31487e-05
-0.238  -9.11595e-05
-0.237  -9.09006e-05
-0.236  -9.3771e-05
-0.235  -9.10771e-05
-0.234  -8.95883e-05
-0.233  -8.70945e-05
-0.232  -8.28263e-05
-0.231  -7.89104e-05
-0.23  -7.97814e-05
-0.229  -8.68729e-05
-0.228  -8.90014e-05
-0.227  -8.89102e-05
-0.226  -8.76815e-05
-0.225  -8.92941e-05
-0.224  -9.13809e-05
-0.223  -9.53727e-05
-0.222  -9.50208e-05
-0.221  -9.61035e-05
-0.22  -9.63951e-05
-0.219  -9.45416e-05
-0.218  -9.02373e-05
-0.217  -8.71628e-05
-0.216  -9.09788e-05
-0.215  -9.10192e-05
-0.214  -9.35171e-05
-0.213  -9.87547e-05
-0.212  -0.000102479
-0.211  -0.000103349
-0.21  -9.98606e-05
-0.209  -0.000101646
-0.208  -9.87531e-05
-0.207  -9.56572e-05
-0.206  -9.62526e-05
-0.205  -9.33571e-05
-0.204  -8.94858e-05
-0.203  -8.79189e-05
-0.202  -8.6937e-05
-0.201  -8.18741e-05
-0.2  -8.34662e-05
-0.199  -9.13183e-05
-0.198  -9.27552e-05
-0.197  -9.05899e-05
-0.196  -9.15747e-05
-0.195  -9.16184e-05
-0.194  -9.21037e-05
-0.193  -9.15841e-05
-0.192  -9.15745e-05
-0.191  -9.28354e-05
-0.19  -8.97692e-05
-0.189  -9.03384e-05
-0.188  -8.83489e-05
-0.187  -8.52986e-05
-0.186  -8.7577e-05
-0.185  -8.83021e-05
-0.184  -9.1195e-05
-0.183  -9.37105e-05
-0.182  -9.6628e-05
-0.181  -9.77714e-05
-0.18  -9.25728e-05
-0.179  -9.29169e-05
-0.178  -9.24162e-05
-0.177  -8.81209e-05
-0.176  -8.71241e-05
-0.175  -8.32225e-05
-0.174  -8.26257e-05
-0.173  -8.19881e-05
-0.172  -7.98312e-05
-0.171  -7.8628e-05
-0.17  -7.81212e-05
-0.169  -8.634e-05
-0.168  -8.6912e-05
-0.167  -8.6499e-05
-0.166  -8.8462e-05
-0.165  -8.78649e-05
-0.164  -8.96642e-05
-0.163  -8.98702e-05
-0.162  -9.19083e-05
-0.161  -9.00207e-05
-0.16  -8.87229e-05
-0.159  -8.78558e-05
-0.158  -8.99138e-05
-0.157  -9.05566e-05
-0.156  -9.48179e-05
-0.155  -9.54548e-05
-0.154  -9.60505e-05
-0.153  -9.7091e-05
-0.152  -9.88473e-05
-0.151  -9.99965e-05
-0.15  -9.57212e-05
-0.149  -9.81579e-05
-0.148  -9.72336e-05
-0.147  -9.25395e-05
-0.146  -9.06791e-05
-0.145  -8.56956e-05
-0.144  -8.39611e-05
-0.143  -8.24805e-05
-0.142  -8.45453e-05
-0.141  -8.43064e-05
-0.14  -8.44947e-05
-0.139  -8.65976e-05
-0.138  -8.62414e-05
-0.137  -8.47988e-05
-0.136  -8.56179e-05
-0.135  -8.63462e-05
-0.134  -8.90508e-05
-0.133  -9.05495e-05
-0.132  -8.96521e-05
-0.131  -8.667e-05
-0.13  -8.46308e-05
-0.129  -8.57539e-05
-0.128  -8.61038e-05
-0.127  -8.53075e-05
-0.126  -8.76276e-05
-0.125  -8.93712e-05
-0.124  -8.7169e-05
-0.123  -8.58051e-05
-0.122  -8.12662e-05
-0.121  -7.84522e-05
-0.12  -7.35485e-05
-0.119  -7.49436e-05
-0.118  -8.26862e-05
-0.117  -9.7486e-05
-0.116  -0.000132464
-0.115  -0.000188827
-0.114  -0.000276215
-0.113  -0.000408642
-0.112  -0.000605991
-0.111  -0.000875519
-0.11  -0.00124257
-0.109  -0.00172709
-0.108  -0.00236285
-0.107  -0.00316772
-0.106  -0.00417821
-0.105  -0.00542711
-0.104  -0.00694283
-0.103  -0.00875246
-0.102  -0.0109112
-0.101  -0.013439
-0.1  -0.01637
-0.099  -0.019734
-0.098  -0.0235699
-0.097  -0.0278859
-0.096  -0.0327301
-0.095  -0.0381332
-0.094  -0.0440894
-0.093  -0.0506141
-0.092  -0.0577012
-0.091  -0.0654009
-0.09  -0.0736878
-0.089  -0.0825404
-0.088  -0.0919766
-0.087  -0.101957
-0.086  -0.112485
-0.085  -0.123546
-0.084  -0.135127
-0.083  -0.147183
-0.082  -0.159713
-0.081  -0.172657
-0.08  -0.186023
-0.079  -0.19977
-0.078  -0.213887
-0.077  -0.228338
-0.076  -0.243074
-0.075  -0.258093
-0.074  -0.273363
-0.073  -0.288866
-0.072  -0.304548
-0.071  -0.320401
-0.07  -0.3364
-0.069  -0.352506
-0.068  -0.368723
-0.067  -0.385006
-0.066  -0.401314
-0.065  -0.41765
-0.064  -0.433975
-0.063  -0.450255
-0.062  -0.466506
-0.061  -0.482678
-0.06  -0.498745
-0.059  -0.514706
-0.058  -0.530509
-0.057  -0.546167
-0.056  -0.561651
-0.055  -0.576947
-0.054  -0.592045
-0.053  -0.606916
-0.052  -0.621566
-0.051  -0.63599
-0.05  -0.650176
-0.049  -0.664117
-0.048  -0.677799
-0.047  -0.691247
-0.046  -0.704417
-0.045  -0.717319
-0.044  -0.729958
-0.043  -0.742337
-0.042  -0.754431
-0.041  -0.766271
-0.04  -0.777822
-0.039  -0.789108
-0.038  -0.800106
-0.037  -0.810834
-0.036  -0.821283
-0.035  -0.831447
-0.034  -0.841343
-0.033  -0.850939
-0.032  -0.860259
-0.031  -0.869279
-0.03  -0.877997
-0.029  -0.88642
-0.028  -0.894552
-0.027  -0.902399
-0.026  -0.90995
-0.025  -0.917222
-0.024  -0.924168
-0.023  -0.930827
-0.022  -0.93718
-0.021  -0.943244
-0.02  -0.94902
-0.019  -0.954523
-0.018  -0.959718
-0.017  -0.964627
-0.016  -0.969242
-0.015  -0.973565
-0.014  -0.97761
-0.013  -0.98136
-0.012  -0.984836
-0.011  -0.988044
-0.01  -0.990975
-0.009  -0.993638
-0.008  -0.996019
-0.007  -0.998129
-0.006  -0.999967
-0.005  -1.00154
-0.004  -1.00287
-0.003  -1.00394
-0.002  -1.00475
-0.001  -1.0053
0  -1.00558
0.001  -1.00562
0.002  -1.00541
0.003  -1.00499
0.004  -1.00432
0.005  -1.00344
0.006  -1.00233
0.007  -1.001
0.008  -0.999465
0.009  -0.997732
0.01  -0.995803
0.011  -0.993681
0.012  -0.991384
0.013  -0.988896
0.014  -0.986241
0.015  -0.98343
0.016  -0.980461
0.017  -0.977317
0.018  -0.974049
0.019  -0.970651
0.02  -0.967131
0.021  -0.963518
0.022  -0.959773
0.023  -0.955944
0.024  -0.952017
0.025  -0.948018
0.026  -0.943936
0.027  -0.939784
0.028  -0.935544
0.029  -0.931244
0.03  -0.926894
0.031  -0.922474
0.032  -0.918009
0.033  -0.913522
0.034  -0.908986
0.035  -0.904413
0.036  -0.899812
0.037  -0.895189
0.038  -0.890541
0.039  -0.885864
0.04  -0.881156
0.041  -0.876411
0.042  -0.871656
0.043  -0.866888
0.044  -0.862081
0.045  -0.857262
0.046  -0.852433
0.047  -0.847584
0.048  -0.84272
0.049  -0.837839
0.05  -0.83296
0.051  -0.828075
0.052  -0.823189
0.053  -0.818308
0.054  -0.813439
0.055  -0.808589
0.056  -0.803708
0.057  -0.798842
0.058  -0.793983
0.059  -0.789147
0.06  -0.784342
0.061  -0.779533
0.062  -0.774737
0.063  -0.769948
0.064  -0.765192
0.065  -0.760447
0.066  -0.755737
0.067  -0.751036
0.068  -0.746374
0.069  -0.741717
0.07  -0.737099
0.071  -0.732457
0.072  -0.727844
0.073  -0.723237
0.074  -0.718649
0.075  -0.714101
0.076  -0.709566
0.077  -0.705064
0.078  -0.700563
0.079  -0.696074
0.08  -0.691621
0.081  -0.687158
0.082  -0.68276
0.083  -0.678381
0.084  -0.674014
0.085  -0.669685
0.086  -0.665368
0.087  -0.66108
0.088  -0.656834
0.089  -0.652596
0.09  -0.648418
0.091  -0.644266
0.092  -0.640146
0.093  -0.636043
0.094  -0.631987
0.095  -0.627967
0.096  -0.623968
0.097  -0.619994
0.098  -0.616086
0.099  -0.612168
0.1  -0.608287
0.101  -0.604425
0.102  -0.60057
0.103  -0.596742
0.104  -0.592955
0.105  -0.589186
0.106  -0.58543
0.107  -0.581714
0.108  -0.578029
0.109  -0.574368
0.11  -0.570718
0.111  -0.567089
0.112  -0.563474
0.113  -0.559874
0.114  -0.556265
0.115  -0.552691
0.116  -0.549132
0.117  -0.545572
0.118  -0.542071
0.119  -0.538594
0.12  -0.535115
0.121  -0.531684
0.122  -0.52829
0.123  -0.524887
0.124  -0.521504
0.125  -0.518158
0.126  -0.514821
0.127  -0.511497
0.128  -0.50821
0.129  -0.504909
0.13  -0.501609
0.131  -0.498368
0.132  -0.495135
0.133  -0.491914
0.134  -0.488725
0.135  -0.485558
0.136  -0.482392
0.137  -0.479241
0.138  -0.476126
0.139  -0.473035
0.14  -0.469948
0.141  -0.466863
0.142  -0.463776
0.143  -0.460732
0.144  -0.457673
0.145  -0.454612
0.146  -0.451594
0.147  -0.448561
0.148  -0.445575
0.149  -0.442613
0.15  -0.439643
0.151  -0.436719
0.152  -0.433816
0.153  -0.430914
0.154  -0.428027
0.155  -0.42516
0.156  -0.422316
0.157  -0.419483
0.158  -0.41667
0.159  -0.413852
0.16  -0.411048
0.161  -0.408294
0.162  -0.405522
0.163  -0.402789
0.164  -0.400085
0.165  -0.397372
0.166  -0.394675
0.167  -0.391976
0.168  -0.389313
0.169  -0.386663
0.17  -0.384001
0.171  -0.381375
0.172  -0.378737
0.173  -0.376095
0.174  -0.373475
0.175  -0.370858
0.176  -0.368246
0.177  -0.365632
0.178  -0.363052
0.179  -0.360481
0.18  -0.357917
0.181  -0.355406
0.182  -0.352867
0.183  -0.350347
0.184  -0.347839
0.185  -0.345342
0.186  -0.342877
0.187  -0.340426
0.188  -0.337963
0.189  -0.335513
0.19  -0.333051
0.191  -0.330631
0.192  -0.32824
0.193  -0.325862
0.194  -0.32349
0.195  -0.321143
0.196  -0.318816
0.197  -0.316476
0.198  -0.314188
0.199  -0.311883
0.2  -0.309565
0.201  -0.307294
0.202  -0.305024
0.203  -0.30274
0.204  -0.300488
0.205  -0.298234
0.206  -0.295972
0.207  -0.293748
0.208  -0.291526
0.209  -0.289355
0.21  -0.287182
0.211  -0.285014
0.212  -0.282864
0.213  -0.280722
0.214  -0.278596
0.215  -0.276477
0.216  -0.27441
0.217  -0.272324
0.218  -0.270247
0.219  -0.268213
0.22  -0.266154
0.221  -0.264142
0.222  -0.262168
0.223  -0.260198
0.224  -0.25826
0.225  -0.256332
0.226  -0.254429
0.227  -0.252533
0.228  -0.250651
0.229  -0.248771
0.23  -0.2469
0.231  -0.245067
0.232  -0.243249
0.233  -0.241408
0.234  -0.2396
0.235  -0.237795
0.236  -0.236004
0.237  -0.234261
0.238  -0.232498
0.239  -0.230794
0.24  -0.229084
0.241  -0.227388
0.242  -0.225709
0.243  -0.224028
0.244  -0.222392
0.245  -0.220746
0.246  -0.219143
0.247  -0.217536
0.248  -0.21595
0.249  -0.214418
0.25  -0.212859
0.251  -0.211317
0.252  -0.209838
0.253  -0.208352
0.254  -0.206879
0.255  -0.205415
0.256  -0.203966
0.257  -0.202544
0.258  -0.201125
0.259  -0.199711
0.26  -0.198301
0.261  -0.196921
0.262  -0.195569
0.263  -0.1942
0.264  -0.192847
0.265  -0.191506
0.266  -0.190182
0.267  -0.188882
0.268  -0.187575
0.269  -0.186285
0.27  -0.185022
0.271  -0.183755
0.272  -0.182517
0.273  -0.181262
0.274  -0.180059
0.275  -0.178847
0.276  -0.177661
0.277  -0.176469
0.278  -0.175299
0.279  -0.174168
0.28  -0.173032
0.281  -0.171871
0.282  -0.170772
0.283  -0.169699
0.284  -0.16861
0.285  -0.167526
0.286  -0.16644
0.287  -0.165367
0.288  -0.164332
0.289  -0.163283
0.29  -0.162217
0.291  -0.161192
0.292  -0.160202
0.293  -0.159169
0.294  -0.158146
0.295  -0.157142
0.296  -0.156142
0.297  -0.15516
0.298  -0.154156
0.299  -0.153162
0.3  -0.152209
0.301  -0.151227
0.302  -0.15026
0.303  -0.149293
0.304  -0.148364
0.305  -0.147429
0.306  -0.146505
0.307  -0.145546
0.308  -0.144621
0.309  -0.143717
0.31  -0.142808
0.311  -0.141872
0.312  -0.140997
0.313  -0.140136
0.314  -0.13924
0.315  -0.138368
0.316  -0.137489
0.317  -0.136628
0.318  -0.135784
0.319  -0.134926
0.32  -0.134081
0.321  -0.13324
0.322  -0.132418
0.323  -0.131555
0.324  -0.1307
0.325  -0.129864
0.326  -0.129049
0.327  -0.128233
0.328  -0.127408
0.329  -0.126569
0.33  -0.125762
0.331  -0.124929
0.332  -0.124108
0.333  -0.12328
0.334  -0.122487
0.335  -0.121688
0.336  -0.1209
0.337  -0.120075
0.338  -0.119289
0.339  -0.118488
0.34  -0.117715
0.341  -0.116924
0.342  -0.116172
0.343  -0.11544
0.344  -0.11468
0.345  -0.11393
0.346  -0.113176
0.347  -0.112446
0.348  -0.111721
0.349  -0.110994
0.35  -0.110279
0.351  -0.109542
0.352  -0.108859
0.353  -0.108135
0.354  -0.107421
0.355  -0.106713
0.356  -0.106037
0.357  -0.105345
0.358  -0.104655
0.359  -0.103931
0.36  -0.103251
0.361  -0.102561
0.362  -0.101881
0.363  -0.101202
0.364  -0.10054
0.365  -0.0998813
0.366  -0.0992287
0.367  -0.0985535
0.368  -0.097923
0.369  -0.0972691
0.37  -0.0966497
0.371  -0.0960237
0.372  -0.095416
0.373  -0.0948209
0.374  -0.0942107
0.375  -0.0936063
0.376  -0.0930082
0.377  -0.0924247
0.378  -0.0918643
0.379  -0.0912976
0.38  -0.0907378
0.381  -0.090157
0.382  -0.0896265
0.383  -0.0890685
0.384  -0.0885175
0.385  -0.0879792
0.386  -0.0874577
0.387  -0.0869197
0.388  -0.0863967
0.389  -0.0858608
0.39  -0.0853387
0.391  -0.0848241
0.392  -0.0843224
0.393  -0.0838144
0.394  -0.0833297
0.395  -0.082838
0.396  -0.0823632
0.397  -0.0818726
0.398  -0.0814038
0.399  -0.0809408
0.4  -0.0804871
0.401  -0.0800396
0.402  -0.0796015
0.403  -0.079176
0.404  -0.0787436
0.405  -0.0783192
0.406  -0.0778871
0.407  -0.0774841
0.408  -0.0770942
0.409  -0.0766909
0.41  -0.0763008
0.411  -0.0758872
0.412  -0.0755169
0.413  -0.0751255
0.414  -0.0747486
0.415  -0.0743761
0.416  -0.0740025
0.417  -0.0736231
0.418  -0.0732455
0.419  -0.072877
0.42  -0.0724921
0.421  -0.0721267
0.422  -0.0717687
0.423  -0.0714025
0.424  -0.0710593
0.425  -0.0707141
0.426  -0.0703518
0.427  -0.0700092
0.428  -0.0696654
0.429  -0.0693189
0.43  -0.068984
0.431  -0.0686541
0.432  -0.0683235
0.433  -0.0679995
0.434  -0.0676807
0.435  -0.0673519
0.436  -0.0670263
0.437  -0.066727
0.438  -0.0664253
0.439  -0.0661104
0.44  -0.0658034
0.441  -0.0654741
0.442  -0.0651699
0.443  -0.0648554
0.444  -0.0645515
0.445  -0.0642553
0.446  -0.0639422
0.447  -0.0636327
0.448  -0.0633223
0.449  -0.0630126
0.45  -0.0626842
0.451  -0.0623753
0.452  -0.0620707
0.453  -0.061748
0.454  -0.0614507
0.455  -0.0611526
0.456  -0.060822
0.457  -0.0605203
0.458  -0.0602272
0.459  -0.0599188
0.46  -0.059627
0.461  -0.0593369
0.462  -0.0590354
0.463  -0.0587404
0.464  -0.0584562
0.465  -0.0581505
0.466  -0.0578616
0.467  -0.0575822
0.468  -0.0573028
0.469  -0.0570227
0.47  -0.0567307
0.471  -0.0564335
0.472  -0.0561479
0.473  -0.0558632
0.474  -0.0555805
0.475  -0.0553129
0.476  -0.055022
0.477  -0.0547346
0.478  -0.0544424
0.479  -0.0541619
0.48  -0.05386
0.481  -0.0535752
0.482  -0.0532962
0.483  -0.0530024
0.484  -0.0527333
0.485  -0.0524727
0.486  -0.052188
0.487  -0.0519175
0.488  -0.051657
0.489  -0.0513935
0.49  -0.0511323
0.491  -0.0508816
0.492  -0.0506207
0.493  -0.0503672
0.494  -0.0501164
0.495  -0.0498679
0.496  -0.0496191
0.497  -0.0493909
0.498  -0.0491468
0.499  -0.0489209
0.5  -0.0486824
0.501  -0.0484411
0.502  -0.0482052
0.503  -0.0479714
0.504  -0.0477245
0.505  -0.0475015
0.506  -0.0472637
0.507  -0.0470297
0.508  -0.0467948
0.509  -0.0465772
0.51  -0.0463467
0.511  -0.0461278
0.512  -0.04591
0.513  -0.0456952
0.514  -0.0454801
0.515  -0.0452825
0.516  -0.0450715
0.517  -0.0448657
0.518  -0.0446632
0.519  -0.0444752
0.52  -0.0442781
0.521  -0.044096
0.522  -0.0439074
0.523  -0.0437366
0.524  -0.0435587
0.525  -0.0433883
0.526  -0.0432145
0.527  -0.0430548
0.528  -0.0428898
0.529  -0.0427297
0.53  -0.0425643
0.531  -0.0423982
0.532  -0.0422313
0.533  -0.0420753
0.534  -0.0419057
0.535  -0.0417555
0.536  -0.0416046
0.537  -0.0414517
0.538  -0.0412945
0.539  -0.041154
0.54  -0.0410054
0.541  -0.0408681
0.542  -0.0407219
0.543  -0.0405827
0.544  -0.0404446
0.545  -0.040311
0.546  -0.0401823
0.547  -0.0400403
0.548  -0.0399114
0.549  -0.0397942
0.55  -0.0396676
0.551  -0.0395431
0.552  -0.0394185
0.553  -0.0393165
0.554  -0.0391945
0.555  -0.0390777
0.556  -0.0389554
0.557  -0.0388401
0.558  -0.0387242
0.559  -0.038608
0.56  -0.0384861
0.561  -0.0383608
0.562  -0.0382354
0.563  -0.0381247
0.564  -0.0380061
0.565  -0.0378973
0.566  -0.0377886
0.567  -0.0376674
0.568  -0.0375487
0.569  -0.037435
0.57  -0.0373218
0.571  -0.0372182
0.572  -0.0370988
0.573  -0.0369921
0.574  -0.0368815
0.575  -0.0367753
0.576  -0.0366774
0.577  -0.0365627
0.578  -0.0364585
0.579  -0.0363627
0.58  -0.0362608
0.581  -0.0361581
0.582  -0.0360491
0.583  -0.0359488
0.584  -0.0358332
0.585  -0.0357246
0.586  -0.03561
0.587  -0.035492
0.588  -0.035376
0.589  -0.0352646
0.59  -0.0351421
0.591  -0.0350134
0.592  -0.0348815
0.593  -0.034767
0.594  -0.0346485
0.595  -0.0345358
0.596  -0.0344229
0.597  -0.0342959
0.598  -0.034171
0.599  -0.03405
0.6  -0.0339227
0.601  -0.0338012
0.602  -0.0336751
0.603  -0.0335516
0.604  -0.0334255
0.605  -0.0333143
0.606  -0.0332072
0.607  -0.0330925
0.608  -0.0329717
0.609  -0.0328625
0.61  -0.0327499
0.611  -0.0326396
0.612  -0.0325244
0.613  -0.0324068
0.614  -0.0322711
0.615  -0.0321494
0.616  -0.0320247
0.617  -0.0319023
0.618  -0.031773
0.619  -0.0316567
0.62  -0.0315305
0.621  -0.0314047
0.622  -0.0312771
0.623  -0.0311654
0.624  -0.0310352
0.625  -0.0309213
0.626  -0.0308006
0.627  -0.030682
0.628  -0.0305618
0.629  -0.0304478
0.63  -0.0303223
0.631  -0.0301957
0.632  -0.0300822
0.633  -0.0299669
0.634  -0.0298517
0.635  -0.0297458
0.636  -0.0296424
0.637  -0.0295434
0.638  -0.0294302
0.639  -0.0293332
0.64  -0.0292348
0.641  -0.0291406
0.642  -0.029035
0.643  -0.0289418
0.644  -0.0288261
0.645  -0.0287274
0.646  -0.0286256
0.647  -0.0285287
0.648  -0.0284256
0.649  -0.028339
0.65  -0.028248
0.651  -0.0281529
0.652  -0.0280646
0.653  -0.0279798
0.654  -0.0278844
0.655  -0.0277961
0.656  -0.0277127
0.657  -0.0276272
0.658  -0.0275447
0.659  -0.0274682
0.66  -0.0273793
0.661  -0.0272872
0.662  -0.0272119
0.663  -0.0271328
0.664  -0.0270564
0.665  -0.026986
0.666  -0.0269093
0.667  -0.0268373
0.668  -0.0267602
0.669  -0.0266934
0.67  -0.0266239
0.671  -0.0265674
0.672  -0.0264939
0.673  -0.0264383
0.674  -0.0263696
0.675  -0.0262955
0.676  -0.0262368
0.677  -0.0261764
0.678  -0.0261067
0.679  -0.0260514
0.68  -0.0259935
0.681  -0.0259228
0.682  -0.0258712
0.683  -0.0258125
0.684  -0.0257494
0.685  -0.0256911
0.686  -0.0256416
0.687  -0.0255835
0.688  -0.0255245
0.689  -0.0254738
0.69  -0.0254033
0.691  -0.0253424
0.692  -0.0252865
0.693  -0.0252287
0.694  -0.0251809
0.695  -0.0251315
0.696  -0.025073
0.697  -0.0250159
0.698  -0.0249614
0.699  -0.0249152
0.7  -0.0248685
0.701  -0.0248201
0.702  -0.0247556
0.703  -0.0247025
0.704  -0.024652
0.705  -0.024594
0.706  -0.0245472
0.707  -0.0244936
0.708  -0.0244382
0.709  -0.0243897
0.71  -0.0243443
0.711  -0.0242822
0.712  -0.0242275
0.713  -0.0241693
0.714  -0.0241086
0.715  -0.0240448
0.716  -0.0239899
0.717  -0.0239216
0.718  -0.0238578
0.719  -0.0238018
0.72  -0.0237321
0.721  -0.0236841
0.722  -0.0236217
0.723  -0.0235559
0.724  -0.023498
0.725  -0.0234397
0.726  -0.0233796
0.727  -0.0233125
0.728  -0.0232537
0.729  -0.0231877
0.73  -0.0231281
0.731  -0.0230661
0.732  -0.0229907
0.733  -0.0229173
0.734  -0.0228534
0.735  -0.022788
0.736  -0.0227294
0.737  -0.0226702
0.738  -0.0225957
0.739  -0.0225332
0.74  -0.022465
0.741  -0.0223996
0.742  -0.022331
0.743  -0.0222555
0.744  -0.0221881
0.745  -0.0221125
0.746  -0.0220449
0.747  -0.0219599
0.748  -0.0218824
0.749  -0.0218097
0.75  -0.0217384
0.751  -0.0216794
0.752  -0.0216124
0.753  -0.0215383
0.754  -0.021468
0.755  -0.0214058
0.756  -0.0213312
0.757  -0.0212719
0.758  -0.0212095
0.759  -0.0211376
0.76  -0.0210682
0.761  -0.0209991
0.762  -0.020926
0.763  -0.0208466
0.764  -0.0207825
0.765  -0.0207108
0.766  -0.0206506
0.767  -0.0205951
0.768  -0.0205271
0.769  -0.0204664
0.77  -0.0203982
0.771  -0.0203381
0.772  -0.0202735
0.773  -0.0202041
0.774  -0.0201378
0.775  -0.0200749
0.776  -0.0200022
0.777  -0.0199181
0.778  -0.0198474
0.779  -0.0197858
0.78  -0.0197225
0.781  -0.0196651
0.782  -0.0196047
0.783  -0.0195373
0.784  -0.0194867
0.785  -0.0194334
0.786  -0.0193674
0.787  -0.0193204
0.788  -0.0192658
0.789  -0.0192045
0.79  -0.0191452
0.791  -0.0190917
0.792  -0.0190369
0.793  -0.0189748
0.794  -0.0189201
0.795  -0.018861
0.796  -0.0188185
0.797  -0.0187755
0.798  -0.018717
0.799  -0.018666
0.8  -0.0186174
0.801  -0.0185724
0.802  -0.0185266
0.803  -0.0184635
0.804  -0.0184106
0.805  -0.0183615
0.806  -0.0182969
0.807  -0.0182283
0.808  -0.0181787
0.809  -0.0181232
0.81  -0.0180765
0.811  -0.0180258
0.812  -0.0179745
0.813  -0.0179185
0.814  -0.0178842
0.815  -0.0178399
0.816  -0.0177854
0.817  -0.0177444
0.818  -0.0177027
0.819  -0.0176481
0.82  -0.0175943
0.821  -0.0175412
0.822  -0.0174965
0.823  -0.0174474
0.824  -0.0174003
0.825  -0.0173546
0.826  -0.0173171
0.827  -0.0172758
0.828  -0.0172289
0.829  -0.0171809
0.83  -0.0171418
0.831  -0.0171044
0.832  -0.0170599
0.833  -0.0169976
0.834  -0.0169443
0.835  -0.0168932
0.836  -0.0168416
0.837  -0.0167832
0.838  -0.0167426
0.839  -0.0166898
0.84  -0.0166394
0.841  -0.0165828
0.842  -0.0165222
0.843  -0.0164698
0.844  -0.0164261
0.845  -0.0163749
0.846  -0.0163175
0.847  -0.0162681
0.848  -0.0162143
0.849  -0.0161503
0.85  -0.0160885
0.851  -0.0160301
0.852  -0.0159803
0.853  -0.0159256
0.854  -0.0158776
0.855  -0.0158232
0.856  -0.0157686
0.857  -0.0157095
0.858  -0.0156547
0.859  -0.0156048
0.86  -0.0155573
0.861  -0.0155133
0.862  -0.0154487
0.863  -0.0153773
0.864  -0.015312
0.865  -0.0152519
0.866  -0.0151915
0.867  -0.0151292
0.868  -0.0150792
0.869  -0.0150143
0.87  -0.0149579
0.871  -0.0148863
0.872  -0.0148133
0.873  -0.014746
0.874  -0.0146829
0.875  -0.0146201
0.876  -0.0145563
0.877  -0.0144914
0.878  -0.0144217
0.879  -0.0143484
0.88  -0.0142757
0.881  -0.0142139
0.882  -0.0141524
0.883  -0.0140902
0.884  -0.0140291
0.885  -0.0139656
0.886  -0.0138966
0.887  -0.0138248
0.888  -0.0137627
0.889  -0.0136994
0.89  -0.0136452
0.891  -0.0135943
0.892  -0.0135278
0.893  -0.0134591
0.894  -0.0133872
0.895  -0.0133201
0.896  -0.0132577
0.897  -0.0131987
0.898  -0.0131397
0.899  -0.0130755
0.9  -0.0130131
0.901  -0.0129433
0.902  -0.0128751
0.903  -0.0128021
0.904  -0.0127388
0.905  -0.0126808
0.906  -0.0126223
0.907  -0.0125601
0.908  -0.0124904
0.909  -0.0124258
0.91  -0.0123616
0.911  -0.0122992
0.912  -0.0122403
0.913  -0.0121879
0.914  -0.0121277
0.915  -0.0120729
0.916  -0.0120064
0.917  -0.0119475
0.918  -0.0118923
0.919  -0.0118392
0.92  -0.0117867
0.921  -0.0117345
0.922  -0.0116824
0.923  -0.0116287
0.924  -0.0115696
0.925  -0.0115136
0.926  -0.0114644
0.927  -0.0114174
0.928  -0.0113607
0.929  -0.0113059
0.93  -0.0112564
0.931  -0.0112047
0.932  -0.0111497
0.933  -0.0110925
0.934  -0.0110386
0.935  -0.0109912
0.936  -0.0109387
0.937  -0.0108859
0.938  -0.0108305
0.939  -0.0107865
0.94  -0.010742
0.941  -0.0106888
0.942  -0.0106414
0.943  -0.0105983
0.944  -0.0105455
0.945  -0.0104957
0.946  -0.0104457
0.947  -0.0104045
0.948  -0.0103514
0.949  -0.0103092
0.95  -0.0102592
0.951  -0.0102153
0.952  -0.0101749
0.953  -0.0101321
0.954  -0.0100857
0.955  -0.0100451
0.956  -0.0100074
0.957  -0.00996529
0.958  -0.00991692
0.959  -0.00987032
0.96  -0.00982986
0.961  -0.00978451
0.962  -0.00973605
0.963  -0.0096918
0.964  -0.00964559
0.965  -0.00960241
0.966  -0.00955915
0.967  -0.00952029
0.968  -0.00947004
0.969  -0.00942881
0.97  -0.00938623
0.971  -0.0093353
0.972  -0.00928674
0.973  -0.00924204
0.974  -0.00918906
0.975  -0.00914098
0.976  -0.00909841
0.977  -0.00906027
0.978  -0.00900868
0.979  -0.00897033
0.98  -0.00891913
0.981  -0.00887389
0.982  -0.00883464
0.983  -0.00878908
0.984  -0.00874048
0.985  -0.00869203
0.986  -0.0086484
0.987  -0.00860014
0.988  -0.00855646
0.989  -0.00850776
0.99  -0.00846429
0.991  -0.00842013
0.992  -0.00837615
0.993  -0.00833399
0.994  -0.0082816
0.995  -0.0082297
0.996  -0.00818182
0.997  -0.00813998
0.998  -0.00808665
0.999  -0.00804412
1  -0.00799474
1.001  -0.007945
1.002  -0.00790132
1.003  -0.00785536
1.004  -0.00780272
1.005  -0.00775692
1.006  -0.0077154
1.007  -0.00767153
1.008  -0.00762277
1.009  -0.00758178
1.01  -0.00753202
1.011  -0.00749027
1.012  -0.0074454
1.013  -0.00740192
1.014  -0.00735865
1.015  -0.00730888
1.016  -0.00725902
1.017  -0.00720792
1.018  -0.00716394
1.019  -0.00711919
1.02  -0.00707056
1.021  -0.00702595
1.022  -0.00698433
1.023  -0.00694309
1.024  -0.00689309
1.025  -0.00684774
1.026  -0.00680058
1.027  -0.00675881
1.028  -0.00671026
1.029  -0.00666971
1.03  -0.00661794
1.031  -0.00657656
1.032  -0.00654113
1.033  -0.00649753
1.034  -0.00644769
1.035  -0.00640754
1.036  -0.00637036
1.037  -0.0063293
1.038  -0.0062868
1.039  -0.00624782
1.04  -0.0062028
1.041  -0.00616434
1.042  -0.00612796
1.043  -0.00608857
1.044  -0.00604448
1.045  -0.00600224
1.046  -0.00595712
1.047  -0.00591713
1.048  -0.00587657
1.049  -0.00583742
1.05  -0.00579584
1.051  -0.00575029
1.052  -0.0057141
1.053  -0.00568535
1.054  -0.00564766
1.055  -0.00560975
1.056  -0.00556793
1.057  -0.00553517
1.058  -0.00550057
1.059  -0.00546812
1.06  -0.00542568
1.061  -0.00538628
1.062  -0.00535787
1.063  -0.00533284
1.064  -0.00529762
1.065  -0.00526915
1.066  -0.00523706
1.067  -0.00520383
1.068  -0.00517204
1.069  -0.00514528
1.07  -0.00511615
1.071  -0.00508575
1.072  -0.00505701
1.073  -0.00502534
1.074  -0.00499337
1.075  -0.00496107
1.076  -0.00492614
1.077  -0.00489304
1.078  -0.00486301
1.079  -0.00483865
1.08  -0.0048125
1.081  -0.00478026
1.082  -0.00474738
1.083  -0.00472157
1.084  -0.00469361
1.085  -0.00467079
1.086  -0.00464161
1.087  -0.00461702
1.088  -0.00458833
1.089  -0.00456064
1.09  -0.00453143
1.091  -0.00449922
1.092  -0.00447814
1.093  -0.00446084
1.094  -0.00444103
1.095  -0.004417
1.096  -0.00439418
1.097  -0.00436779
1.098  -0.00434135
1.099  -0.00432185
1.1  -0.00429419
1.101  -0.00427131
1.102  -0.00424994
1.103  -0.00422516
1.104  -0.00419919
1.105  -0.00417434
1.106  -0.0041484
1.107  -0.00412616
1.108  -0.00410424
1.109  -0.00408174
1.11  -0.00406371
1.111  -0.00403763
1.112  -0.00401115
1.113  -0.00398648
1.114  -0.00396746
1.115  -0.0039493
1.116  -0.00392325
1.117  -0.00389519
1.118  -0.00386547
1.119  -0.00384267
1.12  -0.00381478
1.121  -0.00378458
1.122  -0.00376351
1.123  -0.00373847
1.124  -0.00371696
1.125  -0.00369438
1.126  -0.00366555
1.127  -0.00363819
1.128  -0.00361628
1.129  -0.00358978
1.13  -0.00356606
1.131  -0.00353868
1.132  -0.00351436
1.133  -0.00348543
1.134  -0.00345718
1.135  -0.00343046
1.136  -0.00340839
1.137  -0.00339097
1.138  -0.00337401
1.139  -0.00335302
1.14  -0.00333677
1.141  -0.00331165
1.142  -0.00329072
1.143  -0.00327067
1.144  -0.00324654
1.145  -0.00323153
1.146  -0.00320691
1.147  -0.00317818
1.148  -0.00315548
1.149  -0.00313402
1.15  -0.00311329
1.151  -0.00309145
1.152  -0.00307219
1.153  -0.00305066
1.154  -0.00303402
1.155  -0.00301833
1.156  -0.00299381
1.157  -0.00296914
1.158  -0.00295252
1.159  -0.00293044
1.16  -0.00291523
1.161  -0.00289421
1.162  -0.00287473
1.163  -0.00285871
1.164  -0.00283803
1.165  -0.00282534
1.166  -0.00281155
1.167  -0.00280342
1.168  -0.00279169
1.169  -0.00277634
1.17  -0.00276363
1.171  -0.00275497
1.172  -0.00274013
1.173  -0.00273626
1.174  -0.00271795
1.175  -0.00270818
1.176  -0.00269434
1.177  -0.00267894
1.178  -0.00266267
1.179  -0.00264904
1.18  -0.00263411
1.181  -0.00262384
1.182  -0.00261297
1.183  -0.00260289
1.184  -0.00259309
1.185  -0.00258536
1.186  -0.00257086
1.187  -0.00256058
1.188  -0.00255588
1.189  -0.00254397
1.19  -0.00253759
1.191  -0.00253248
1.192  -0.00251414
1.193  -0.00251461
1.194  -0.0025019
1.195  -0.00249759
1.196  -0.00249327
1.197  -0.00249707
1.198  -0.00249192
1.199  -0.00248676
1.2  -0.00248008
1.201  -0.00247818
1.202  -0.00246856
1.203  -0.00247022
1.204  -0.00246597
1.205  -0.00245976
1.206  -0.00245089
1.207  -0.00244762
1.208  -0.00244093
1.209  -0.00243393
1.21  -0.00242585
1.211  -0.0024264
1.212  -0.00242029
1.213  -0.00242193
1.214  -0.00242026
1.215  -0.00241402
1.216  -0.00240423
1.217  -0.00240307
1.218  -0.00240517
1.219  -0.00240325
1.22  -0.00240544
1.221  -0.00240402
1.222  -0.00239321
1.223  -0.00239364
1.224  -0.00239
1.225  -0.00238996
1.226  -0.00238794
1.227  -0.00239277
1.228  -0.00239008
1.229  -0.00238972
1.23  -0.00238488
1.231  -0.00238408
1.232  -0.00237993
1.233  -0.00238313
1.234  -0.00238315
1.235  -0.00238461
1.236  -0.00237616
1.237  -0.00237476
1.238  -0.00237172
1.239  -0.00236363
1.24  -0.0023639
1.241  -0.00236835
1.242  -0.00236585
1.243  -0.00236993
1.244  -0.00236508
1.245  -0.00235388
1.246  -0.00234809
1.247  -0.00234761
1.248  -0.00234589
1.249  -0.0023453
1.25  -0.0023462
1.251  -0.00234102
1.252  -0.00232992
1.253  -0.00233062
1.254  -0.00232466
1.255  -0.00232591
1.256  -0.00232229
1.257  -0.00232493
1.258  -0.00232363
1.259  -0.00231844
1.26  -0.0023114
1.261  -0.00230672
1.262  -0.00229743
1.263  -0.00229929
1.264  -0.00230031
1.265  -0.00230009
1.266  -0.0022936
1.267  -0.00229202
1.268  -0.0022914
1.269  -0.00227918
1.27  -0.00227842
1.271  -0.00228188
1.272  -0.00227717
1.273  -0.00228015
1.274  -0.00227434
1.275  -0.00226379
1.276  -0.00225339
1.277  -0.00225039
1.278  -0.00224715
1.279  -0.00223931
1.28  -0.00223289
1.281  -0.00223082
1.282  -0.00222575
1.283  -0.0022302
1.284  -0.00222569
1.285  -0.00222092
1.286  -0.00221409
1.287  -0.00220862
1.288  -0.00221087
1.289  -0.00220713
1.29  -0.0022048
1.291  -0.00219684
1.292  -0.00218945
1.293  -0.00219153
1.294  -0.00219362
1.295  -0.00219454
1.296  -0.00218914
1.297  -0.00218848
1.298  -0.00219224
1.299  -0.00219163
1.3  -0.0021916
1.301  -0.00218897
1.302  -0.00218387
1.303  -0.00218486
1.304  -0.00218231
1.305  -0.00217502
1.306  -0.00216835
1.307  -0.00216639
1.308  -0.00216787
1.309  -0.00216023
1.31  -0.00216136
1.311  -0.00215826
1.312  -0.00215456
1.313  -0.00215949
1.314  -0.00215793
1.315  -0.00214899
1.316  -0.00214542
1.317  -0.00214161
1.318  -0.00214213
1.319  -0.00213913
1.32  -0.00214031
1.321  -0.00213622
1.322  -0.00213123
1.323  -0.00213329
1.324  -0.00213899
1.325  -0.00214455
1.326  -0.00214712
1.327  -0.00214498
1.328  -0.00215209
1.329  -0.00215014
1.33  -0.00215454
1.331  -0.00215255
1.332  -0.00215096
1.333  -0.00215347
1.334  -0.00216057
1.335  -0.00215559
1.336  -0.00215854
1.337  -0.00216112
1.338  -0.0021666
1.339  -0.00216793
1.34  -0.00216964
1.341  -0.00217077
1.342  -0.00217197
1.343  -0.00217503
1.344  -0.00217787
1.345  -0.00216962
1.346  -0.0021745
1.347  -0.00217054
1.348  -0.00217819
1.349  -0.00217554
1.35  -0.00218064
1.351  -0.00218235
1.352  -0.00218472
1.353  -0.00218698
1.354  -0.00219943
1.355  -0.00219948
1.356  -0.00220117
1.357  -0.00220218
1.358  -0.00220447
1.359  -0.00220683
1.36  -0.00221553
1.361  -0.00221488
1.362  -0.00221967
1.363  -0.00222079
1.364  -0.002228
1.365  -0.00222222
1.366  -0.00222576
1.367  -0.00222945
1.368  -0.00223733
1.369  -0.00223758
1.37  -0.00224122
1.371  -0.00224134
1.372  -0.00224439
1.373  -0.00224307
1.374  -0.00224582
1.375  -0.0022457
1.376  -0.0022492
1.377  -0.00225223
1.378  -0.00225562
1.379  -0.00225083
1.38  -0.00225661
1.381  -0.00225441
1.382  -0.00226058
1.383  -0.00226506
1.384  -0.00226998
1.385  -0.00227251
1.386  -0.00227492
1.387  -0.00227607
1.388  -0.00228116
1.389  -0.00227969
1.39  -0.00228098
1.391  -0.00227913
1.392  -0.00227827
1.393  -0.00228307
1.394  -0.00228588
1.395  -0.00228054
1.396  -0.00228103
1.397  -0.0022848
1.398  -0.00229065
1.399  -0.00229384
1.4  -0.00230138
1.401  -0.00229948
1.402  -0.00230012
1.403  -0.00230105
1.404  -0.00229839
1.405  -0.00229593
1.406  -0.0022966
1.407  -0.00229656
1.408  -0.0022974
1.409  -0.00229891
1.41  -0.0023064
1.411  -0.00230913
1.412  -0.00231315
1.413  -0.00231242
1.414  -0.00231514
1.415  -0.00231935
1.416  -0.00232057
1.417  -0.00232155
1.418  -0.00232341
1.419  -0.00232574
1.42  -0.00232606
1.421  -0.00232595
1.422  -0.00233156
1.423  -0.00234614
1.424  -0.00234847
1.425  -0.00234924
1.426  -0.00235432
1.427  -0.00236155
1.428  -0.00236586
1.429  -0.0023696
1.43  -0.00238066
1.431  -0.00238108
1.432  -0.00238874
1.433  -0.00239404
1.434  -0.00239427
1.435  -0.00239639
1.436  -0.00239875
1.437  -0.00240629
1.438  -0.00240683
1.439  -0.00241576
1.44  -0.00242395
1.441  -0.00242606
1.442  -0.00242047
1.443  -0.00242843
1.444  -0.00243544
1.445  -0.00243923
1.446  -0.00244533
1.447  -0.00245095
1.448  -0.00245763
1.449  -0.00245922
1.45  -0.0024646
1.451  -0.00246643
1.452  -0.0024743
1.453  -0.00248638
1.454  -0.00249231
1.455  -0.00250003
1.456  -0.00250467
1.457  -0.00251191
1.458  -0.00251496
1.459  -0.00252194
1.46  -0.00253734
1.461  -0.00254488
1.462  -0.00255157
1.463  -0.00256068
1.464  -0.00256595
1.465  -0.0025712
1.466  -0.00257801
1.467  -0.00258288
1.468  -0.00258815
1.469  -0.00260001
1.47  -0.00261322
1.471  -0.00262424
1.472  -0.00262632
1.473  -0.00263404
1.474  -0.00264416
1.475  -0.00264894
1.476  -0.00265562
1.477  -0.00266887
1.478  -0.00267369
1.479  -0.00267402
1.48  -0.002682
1.481  -0.0026829
1.482  -0.00269038
1.483  -0.00270035
1.484  -0.00270378
1.485  -0.00271263
1.486  -0.00272053
1.487  -0.00272528
1.488  -0.00272815
1.489  -0.00273742
1.49  -0.00274757
1.491  -0.00275637
1.492  -0.00276534
1.493  -0.00277186
1.494  -0.00278274
1.495  -0.00279497
1.496  -0.00280097
1.497  -0.00280819
1.498  -0.00281866
1.499  -0.00283177
1.5  -0.00284281
1.501  -0.00285299
1.502  -0.00286137
1.503  -0.00287453
1.504  -0.00288006
1.505  -0.00288794
1.506  -0.00290826
1.507  -0.00291736
1.508  -0.00292622
1.509  -0.00293127
1.51  -0.0029382
1.511  -0.0029449
1.512  -0.00295586
1.513  -0.00296241
1.514  -0.00296108
1.515  -0.00296448
1.516  -0.00297717
1.517  -0.00298399
1.518  -0.00298762
1.519  -0.00299993
1.52  -0.00300634
1.521  -0.00301622
1.522  -0.00302026
1.523  -0.00303017
1.524  -0.00303732
1.525  -0.00304113
1.526  -0.00304861
1.527  -0.00305595
1.528  -0.00305685
1.529  -0.00306698
1.53  -0.00307543
1.531  -0.00306751
1.532  -0.00307745
1.533  -0.00308995
1.534  -0.00309504
1.535  -0.00310015
1.536  -0.00312053
1.537  -0.00312811
1.538  -0.00313568
1.539  -0.00313287
1.54  -0.00313672
1.541  -0.00314
1.542  -0.00314853
1.543  -0.00315597
1.544  -0.00315658
1.545  -0.00316499
1.546  -0.0031697
1.547  -0.0031819
1.548  -0.00318948
1.549  -0.00320303
1.55  -0.00322
1.551  -0.00322992
1.552  -0.00323754
1.553  -0.00324171
1.554  -0.0032558
1.555  -0.0032502
1.556  -0.0032623
1.557  -0.0032737
1.558  -0.00328418
1.559  -0.00329035
1.56  -0.00329718
1.561  -0.00329718
1.562  -0.00330581
1.563  -0.00332074
1.564  -0.00331627
1.565  -0.00332766
1.566  -0.00334023
1.567  -0.00334883
1.568  -0.00335437
1.569  -0.00335654
1.57  -0.00336033
1.571  -0.00336189
1.572  -0.00337265
1.573  -0.00336304
1.574  -0.00337103
1.575  -0.00337318
1.576  -0.00337436
1.577  -0.00338593
1.578  -0.00339034
1.579  -0.00341374
1.58  -0.0034299
1.581  -0.00344444
1.582  -0.00344196
1.583  -0.00344553
1.584  -0.00343149
1.585  -0.00341508
1.586  -0.00341277
1.587  -0.00341283
1.588  -0.00341507
1.589  -0.00340634
1.59  -0.0034126
1.591  -0.00343454
1.592  -0.00344237
1.593  -0.00344454
1.594  -0.00343543
1.595  -0.00342652
1.596  -0.00342743
1.597  -0.00343877
1.598  -0.00342805
1.599  -0.00342667
1.6  -0.00340558
1.601  -0.00339951
1.602  -0.00340163
1.603  -0.00338915
1.604  -0.00340015
1.605  -0.00341363
1.606  -0.0034051
1.607  -0.00340935
1.608  -0.00340858
1.609  -0.003413
1.61  -0.00339887
1.611  -0.00339208
1.612  -0.00338172
1.613  -0.00336571
1.614  -0.00334231
1.615  -0.00332692
1.616  -0.00329698
1.617  -0.00326674
1.618  -0.00324401
1.619  -0.00326301
1.62  -0.00327715
1.621  -0.00328514
1.622  -0.00329416
1.623  -0.00325056
1.624  -0.00322694
1.625  -0.00321484
1.626  -0.00320116
1.627  -0.00320385
1.628  -0.00317188
1.629  -0.00315407
1.63  -0.00314809
1.631  -0.00313954
1.632  -0.00314494
1.633  -0.00316437
1.634  -0.00314699
1.635  -0.00316066
1.636  -0.00314785
1.637  -0.00312348
1.638  -0.00310225
1.639  -0.00308439
1.64  -0.00304056
1.641  -0.00303603
1.642  -0.00303687
1.643  -0.00295136
1.644  -0.00287393
1.645  -0.00284639
1.646  -0.00280914
1.647  -0.00279512
1.648  -0.00276572
1.649  -0.00273713
1.65  -0.00271051
1.651  -0.00268562
1.652  -0.00265347
1.653  -0.00264021
1.654  -0.00260449
1.655  -0.00260377
1.656  -0.00260304
1.657  -0.0025724
1.658  -0.00254169
1.659  -0.0025415
1.66  -0.0025168
1.661  -0.00251844
1.662  -0.00257131
1.663  -0.00262417
1.664  -0.00262417
1.665  -0.00262417
1.666  -0.00262417
1.667  -0.00262417
1.668  -0.00262417
1.669  -0.00262417
1.67  -0.00262417
1.671  -0.00262417
1.672  -0.00262417
1.673  -0.00262417
1.674  -0.00262417
1.675  -0.00262417
1.676  -0.00262417
1.677  -0.00262417
1.678  -0.00262417
1.679  -0.00262417
1.68  -0.00262417
1.681  -0.00262417
1.682  -0.00262417
1.683  -0.00262417
1.684  -0.00262417
1.685  -0.00262417
1.686  -0.00262417
1.687  -0.00262417
1.688  -0.00262417
1.689  -0.00262417
1.69  -0.00262417
1.691  -0.00262417
1.692  -0.00262417
1.693  -0.00262417
1.694  -0.00262417
1.695  -0.00262417
1.696  -0.00262417
1.697  -0.00262417
1.698  -0.00262417
1.699  -0.00262417
1.7  -0.00262417
1.701  -0.00262417
1.702  -0.00262417
1.703  -0.00262417
1.704  -0.00262417
1.705  -0.00262417
1.706  -0.00262417
1.707  -0.00262417
1.708  -0.00262417
1.709  -0.00262417
1.71  -0.00262417
1.711  -0.00262417
1.712  -0.00262417
1.713  -0.00262417
1.714  -0.00262417
1.715  -0.00262417
1.716  -0.00262417
1.717  -0.00262417
1.718  -0.00262417
1.719  -0.00262417
1.72  -0.00262417
1.721  -0.00262417
1.722  -0.00262417
1.723  -0.00262417
1.724  -0.00262417
1.725  -0.00262417
1.726  -0.00262417
1.727  -0.00262417
1.728  -0.00262417
1.729  -0.00262417
1.73  -0.00262417
1.731  -0.00262417
1.732  -0.00262417
1.733  -0.00262417
1.734  -0.00262417
1.735  -0.00262417
1.736  -0.00262417
1.737  -0.00262417
1.738  -0.00262417
1.739  -0.00262417
1.74  -0.00262417
1.741  -0.00262417
1.742  -0.00262417
1.743  -0.00262417
1.744  -0.00262417
1.745  -0.00262417
1.746  -0.00262417
1.747  -0.00262417
1.748  -0.00262417
1.749  -0.00262417
1.75  -0.00262417
1.751  -0.00262417
1.752  -0.00262417
1.753  -0.00262417
1.754  -0.00262417
1.755  -0.00262417
1.756  -0.00262417
1.757  -0.00262417
1.758  -0.00262417
1.759  -0.00262417
1.76  -0.00262417
1.761  -0.00262417
1.762  -0.00262417
1.763  -0.00262417
1.764  -0.00262417
1.765  -0.00262417
1.766  -0.00262417
1.767  -0.00262417
1.768  -0.00262417
1.769  -0.00262417
1.77  -0.00262417
1.771  -0.00262417
1.772  -0.00262417
1.773  -0.00262417
1.774  -0.00262417
1.775  -0.00262417
1.776  -0.00262417
1.777  -0.00262417
1.778  -0.00262417
1.779  -0.00262417
1.78  -0.00262417
1.781  -0.00262417
1.782  -0.00262417
1.783  -0.00262417
1.784  -0.00262417
1.785  -0.00262417
1.786  -0.00262417
1.787  -0.00262417
1.788  -0.00262417
1.789  -0.00262417
1.79  -0.00262417
1.791  -0.00262417
1.792  -0.00262417
1.793  -0.00262417
1.794  -0.00262417
1.795  -0.00262417
1.796  -0.00262417
1.797  -0.00262417
1.798  -0.00262417
1.799  -0.00262417
1.8  -0.00262417
1.801  -0.00262417
1.802  -0.00262417
1.803  -0.00262417
1.804  -0.00262417
1.805  -0.00262417
1.806  -0.00262417
1.807  -0.00262417
1.808  -0.00262417
1.809  -0.00262417
1.81  -0.00262417
1.811  -0.00262417
1.812  -0.00262417
1.813  -0.00262417
1.814  -0.00262417
1.815  -0.00262417
1.816  -0.00262417
1.817  -0.00262417
1.818  -0.00262417
1.819  -0.00262417
1.82  -0.00262417
1.821  -0.00262417
1.822  -0.00262417
1.823  -0.00262417
1.824  -0.00262417
1.825  -0.00262417
1.826  -0.00262417
1.827  -0.00262417
1.828  -0.00262417
1.829  -0.00262417
1.83  -0.00262417
1.831  -0.00262417
1.832  -0.00262417
1.833  -0.00262417
1.834  -0.00262417
1.835  -0.00262417
1.836  -0.00262417
1.837  -0.00262417
1.838  -0.00262417
1.839  -0.00262417
1.84  -0.00262417
1.841  -0.00262417
1.842  -0.00262417
1.843  -0.00262417
1.844  -0.00262417
1.845  -0.00262417
1.846  -0.00262417
1.847  -0.00262417
1.848  -0.00262417
1.849  -0.00262417
1.85  -0.00262417
1.851  -0.00262417
1.852  -0.00262417
1.853  -0.00262417
1.854  -0.00262417
1.855  -0.00262417
1.856  -0.00262417
1.857  -0.00262417
1.858  -0.00262417
1.859  -0.00262417
1.86  -0.00262417
1.861  -0.00262417
1.862  -0.00262417
1.863  -0.00262417
1.864  -0.00262417
1.865  -0.00262417
1.866  -0.00262417
1.867  -0.00262417
1.868  -0.00262417
1.869  -0.00262417
1.87  -0.00262417
1.871  -0.00262417
1.872  -0.00262417
1.873  -0.00262417
1.874  -0.00262417
1.875  -0.00262417
1.876  -0.00262417
1.877  -0.00262417
1.878  -0.00262417
1.879  -0.00262417
1.88  -0.00262417
1.881  -0.00262417
1.882  -0.00262417
1.883  -0.00262417
1.884  -0.00262417
1.885  -0.00262417
1.886  -0.00262417
1.887  -0.00262417
1.888  -0.00262417
1.889  -0.00262417
1.89  -0.00262417
1.891  -0.00262417
1.892  -0.00262417
1.893  -0.00262417
1.894  -0.00262417
1.895  -0.00262417
1.896  -0.00262417
1.897  -0.00262417
1.898  -0.00262417
1.899  -0.00262417
1.9  -0.00262417
1.901  -0.00262417
1.902  -0.00262417
1.903  -0.00262417
1.904  -0.00262417
1.905  -0.00262417
1.906  -0.00262417
1.907  -0.00262417
1.908  -0.00262417
1.909  -0.00262417
1.91  -0.00262417
1.911  -0.00262417
1.912  -0.00262417
1.913  -0.00262417
1.914  -0.00262417
1.915  -0.00262417
1.916  -0.00262417
1.917  -0.00262417
1.918  -0.00262417
1.919  -0.00262417
1.92  -0.00262417
1.921  -0.00262417
1.922  -0.00262417
1.923  -0.00262417
1.924  -0.00262417
1.925  -0.00262417
1.926  -0.00262417
1.927  -0.00262417
1.928  -0.00262417
1.929  -0.00262417
1.93  -0.00262417
1.931  -0.00262417
1.932  -0.00262417
1.933  -0.00262417
1.934  -0.00262417
1.935  -0.00262417
1.936  -0.00262417
1.937  -0.00262417
1.938  -0.00262417
1.939  -0.00262417
1.94  -0.00262417
1.941  -0.00262417
1.942  -0.00262417
1.943  -0.00262417
1.944  -0.00262417
1.945  -0.00262417
1.946  -0.00262417
1.947  -0.00262417
1.948  -0.00262417
1.949  -0.00262417
1.95  -0.00262417
1.951  -0.00262417
1.952  -0.00262417
1.953  -0.00262417
1.954  -0.00262417
1.955  -0.00262417
1.956  -0.00262417
1.957  -0.00262417
1.958  -0.00262417
1.959  -0.00262417
1.96  -0.00262417
1.961  -0.00262417
1.962  -0.00262417
1.963  -0.00262417
1.964  -0.00262417
1.965  -0.00262417
1.966  -0.00262417
1.967  -0.00262417
1.968  -0.00262417
1.969  -0.00262417
1.97  -0.00262417
1.971  -0.00262417
1.972  -0.00262417
1.973  -0.00262417
1.974  -0.00262417
1.975  -0.00262417
1.976  -0.00262417
1.977  -0.00262417
1.978  -0.00262417
1.979  -0.00262417
1.98  -0.00262417
1.981  -0.00262417
1.982  -0.00262417
1.983  -0.00262417
1.984  -0.00262417
1.985  -0.00262417
1.986  -0.00262417
1.987  -0.00262417
1.988  -0.00262417
1.989  -0.00262417
1.99  -0.00262417
1.991  -0.00262417
1.992  -0.00262417
1.993  -0.00262417
1.994  -0.00262417
1.995  -0.00262417
1.996  -0.00262417
1.997  -0.00262417
1.998  -0.00262417
1.999  -0.00262417
2  -0.00262417
2.001  -0.00262417
2.002  -0.00262417
2.003  -0.00262417
2.004  -0.00262417
2.005  -0.00262417
2.006  -0.00262417
2.007  -0.00262417
2.008  -0.00262417
2.009  -0.00262417
2.01  -0.00262417
2.011  -0.00262417
2.012  -0.00262417
2.013  -0.00262417
2.014  -0.00262417
2.015  -0.00262417
2.016  -0.00262417
2.017  -0.00262417
2.018  -0.00262417
2.019  -0.00262417
2.02  -0.00262417
2.021  -0.00262417
2.022  -0.00262417
2.023  -0.00262417
2.024  -0.00262417
2.025  -0.00262417
2.026  -0.00262417
2.027  -0.00262417
2.028  -0.00262417
2.029  -0.00262417
2.03  -0.00262417
2.031  -0.00262417
2.032  -0.00262417
2.033  -0.00262417
2.034  -0.00262417
2.035  -0.00262417
2.036  -0.00262417
2.037  -0.00262417
2.038  -0.00262417
2.039  -0.00262417
2.04  -0.00262417
2.041  -0.00262417
2.042  -0.00262417
2.043  -0.00262417
2.044  -0.00262417
2.045  -0.00262417
2.046  -0.00262417
2.047  -0.00262417
2.048  -0.00262417
2.049  -0.00262417
2.05  -0.00262417
2.051  -0.00262417
2.052  -0.00262417
2.053  -0.00262417
2.054  -0.00262417
2.055  -0.00262417
2.056  -0.00262417
2.057  -0.00262417
2.058  -0.00262417
2.059  -0.00262417
2.06  -0.00262417
2.061  -0.00262417
2.062  -0.00262417
2.063  -0.00262417
2.064  -0.00262417
2.065  -0.00262417
2.066  -0.00262417
2.067  -0.00262417
2.068  -0.00262417
2.069  -0.00262417
2.07  -0.00262417
2.071  -0.00262417
2.072  -0.00262417
2.073  -0.00262417
2.074  -0.00262417
2.075  -0.00262417
2.076  -0.00262417
2.077  -0.00262417
2.078  -0.00262417
2.079  -0.00262417
2.08  -0.00262417
2.081  -0.00262417
2.082  -0.00262417
2.083  -0.00262417
2.084  -0.00262417
2.085  -0.00262417
2.086  -0.00262417
2.087  -0.00262417
2.088  -0.00262417
2.089  -0.00262417
2.09  -0.00262417
2.091  -0.00262417
2.092  -0.00262417
2.093  -0.00262417
2.094  -0.00262417
2.095  -0.00262417
2.096  -0.00262417
2.097  -0.00262417
2.098  -0.00262417
2.099  -0.00262417
2.1  -0.00262417
2.101  -0.00262417
2.102  -0.00262417
2.103  -0.00262417
2.104  -0.00262417
2.105  -0.00262417
2.106  -0.00262417
2.107  -0.00262417
2.108  -0.00262417
2.109  -0.00262417
2.11  -0.00262417
2.111  -0.00262417
2.112  -0.00262417
2.113  -0.00262417
2.114  -0.00262417
2.115  -0.00262417
2.116  -0.00262417
2.117  -0.00262417
2.118  -0.00262417
2.119  -0.00262417
2.12  -0.00262417
2.121  -0.00262417
2.122  -0.00262417
2.123  -0.00262417
2.124  -0.00262417
2.125  -0.00262417
2.126  -0.00262417
2.127  -0.00262417
2.128  -0.00262417
2.129  -0.00262417
2.13  -0.00262417
2.131  -0.00262417
2.132  -0.00262417
2.133  -0.00262417
2.134  -0.00262417
2.135  -0.00262417
2.136  -0.00262417
2.137  -0.00262417
2.138  -0.00262417
2.139  -0.00262417
2.14  -0.00262417
2.141  -0.00262417
2.142  -0.00262417
2.143  -0.00262417
2.144  -0.00262417
2.145  -0.00262417
2.146  -0.00262417
2.147  -0.00262417
2.148  -0.00262417
2.149  -0.00262417
2.15  -0.00262417
2.151  -0.00262417
2.152  -0.00262417
2.153  -0.00262417
2.154  -0.00262417
2.155  -0.00262417
2.156  -0.00262417
2.157  -0.00262417
2.158  -0.00262417
2.159  -0.00262417
2.16  -0.00262417
2.161  -0.00262417
2.162  -0.00262417
2.163  -0.00262417
2.164  -0.00262417
2.165  -0.00262417
2.166  -0.00262417
2.167  -0.00262417
2.168  -0.00262417
2.169  -0.00262417
2.17  -0.00262417
2.171  -0.00262417
2.172  -0.00262417
2.173  -0.00262417
2.174  -0.00262417
2.175  -0.00262417
2.176  -0.00262417
2.177  -0.00262417
2.178  -0.00262417
2.179  -0.00262417
2.18  -0.00262417
2.181  -0.00262417
2.182  -0.00262417
2.183  -0.00262417
2.184  -0.00262417
2.185  -0.00262417
2.186  -0.00262417
2.187  -0.00262417
2.188  -0.00262417
2.189  -0.00262417
2.19  -0.00262417
2.191  -0.00262417
2.192  -0.00262417
2.193  -0.00262417
2.194  -0.00262417
2.195  -0.00262417
2.196  -0.00262417
2.197  -0.00262417
2.198  -0.00262417
2.199  -0.00262417
2.2  -0.00262417
2.201  -0.00262417
2.202  -0.00262417
2.203  -0.00262417
2.204  -0.00262417
2.205  -0.00262417
2.206  -0.00262417
2.207  -0.00262417
2.208  -0.00262417
2.209  -0.00262417
2.21  -0.00262417
2.211  -0.00262417
2.212  -0.00262417
2.213  -0.00262417
2.214  -0.00262417
2.215  -0.00262417
2.216  -0.00262417
2.217  -0.00262417
2.218  -0.00262417
2.219  -0.00262417
2.22  -0.00262417
2.221  -0.00262417
2.222  -0.00262417
2.223  -0.00262417
2.224  -0.00262417
2.225  -0.00250313
2.226  -0.00238209
2.227  -0.00226105
2.228  -0.00214001
2.229  -0.00201897
2.23  -0.00189793
2.231  -0.0017769
2.232  -0.00165586
2.233  -0.00153482
2.234  -0.00141378
2.235  -0.00129274
2.236  -0.0011717
2.237  -0.00105066
2.238  -0.000929618
2.239  -0.000808578
2.24  -0.000687538
2.241  -0.000566499
2.242  -0.000445459
2.243  -0.000324419
2.244  -0.000324419
2.245  -0.000324419
2.246  -0.000324419
2.247  -0.000324419
2.248  -0.000324419
2.249  -0.000324419
2.25  -0.000324419
2.251  -0.000324419
2.252  -0.000324419
2.253  -0.000324419
2.254  -0.000324419
2.255  -0.000333753
2.256  -0.000343087
2.257  -0.00035242
2.258  -0.000361754
2.259  -0.000371087
2.26  -0.000380421
2.261  -0.000389754
2.262  -0.000399088
2.263  -0.000408421
2.264  -0.000417755
2.265  -0.000427089
2.266  -0.000436422
2.267  -0.000445756
2.268  -0.000455089
2.269  -0.000464423
2.27  -0.000473756
2.271  -0.00048309
2.272  -0.000492423
2.273  -0.000501757
2.274  -0.000501757
2.275  -0.000501757
2.276  -0.000501757
2.277  -0.000501757
2.278  -0.000501757
2.279  -0.000501757
2.28  -0.000501757
2.281  -0.000501757
2.282  -0.000501757
2.283  -0.000501757
2.284  -0.000501757
2.285  -0.000538074
2.286  -0.000574392
2.287  -0.000610709
2.288  -0.000647026
2.289  -0.000683343
2.29  -0.000719661
2.291  -0.000755978
2.292  -0.000792295
2.293  -0.000828613
2.294  -0.00086493
2.295  -0.000901247
2.296  -0.000937564
2.297  -0.000973882
2.298  -0.0010102
2.299  -0.00104652
2.3  -0.00108283
2.301  -0.00111915
2.302  -0.00115547
2.303  -0.00119179
2.304  -0.00119179
2.305  -0.00119179
2.306  -0.00119179
2.307  -0.00119179
2.308  -0.00119179
2.309  -0.00119179
2.31  -0.00119179
2.311  -0.00119179
2.312  -0.00119179
2.313  -0.00119179
2.314  -0.00119179
2.315  -0.00117207
2.316  -0.00115235
2.317  -0.00113263
2.318  -0.00111292
2.319  -0.0010932
2.32  -0.00107348
2.321  -0.00105377
2.322  -0.00103405
2.323  -0.00101433
2.324  -0.000994614
2.325  -0.000974897
2.326  -0.00095518
2.327  -0.000935463
2.328  -0.000915746
2.329  -0.000896029
2.33  -0.000876312
2.331  -0.000856595
2.332  -0.000836878
2.333  -0.00081716
2.334  -0.00081716
2.335  -0.00081716
2.336  -0.00081716
2.337  -0.00081716
2.338  -0.00081716
2.339  -0.00081716
2.34  -0.00081716
2.341  -0.00081716
2.342  -0.00081716
2.343  -0.00081716
2.344  -0.00081716
2.345  -0.000810365
2.346  -0.00080357
2.347  -0.000796774
2.348  -0.000789979
2.349  -0.000783183
2.35  -0.000776388
2.351  -0.000769592
2.352  -0.000762797
2.353  -0.000756001
2.354  -0.000749206
2.355  -0.000742411
2.356  -0.000735615
2.357  -0.00072882
2.358  -0.000722024
2.359  -0.000715229
2.36  -0.000708433
2.361  -0.000701638
2.362  -0.000694842
2.363  -0.000688047
2.364  -0.000688047
2.365  -0.000688047
2.366  -0.000688047
2.367  -0.000688047
2.368  -0.000688047
2.369  -0.000688047
2.37  -0.000688047
2.371  -0.000688047
2.372  -0.000688047
2.373  -0.000688047
2.374  -0.000688047
2.375  -0.000692399
2.376  -0.00069675
2.377  -0.000701102
2.378  -0.000705453
2.379  -0.000709805
2.38  -0.000714157
2.381  -0.000718508
2.382  -0.00072286
2.383  -0.000727211
2.384  -0.000731563
2.385  -0.000735915
2.386  -0.000740266
2.387  -0.000744618
2.388  -0.00074897
2.389  -0.000753321
2.39  -0.000757673
2.391  -0.000762024
2.392  -0.000766376
2.393  -0.000770728
2.394  -0.000770728
2.395  -0.000770728
2.396  -0.000770728
2.397  -0.000770728
2.398  -0.000770728
2.399  -0.000770728
2.4  -0.000770728
2.401  -0.000770728
2.402  -0.000770728
2.403  -0.000770728
2.404  -0.000770728
2.405  -0.000770728
2.406  -0.000770728
2.407  -0.000770728
2.408  -0.000770728
2.409  -0.000770728
2.41  -0.000770728
2.411  -0.000770728
2.412  -0.000770728
2.413  -0.000770728
2.414  0.000223533
2.415  0.000223533
2.416  0.000223533
2.417  0.000223533
2.418  0.000223533
2.419  0.000223533
2.42  0.000223533
2.421  0.000223533
2.422  0.000223533
2.423  0.000223533
2.424  0.000223533
2.425  0.000223533
2.426  0.000223533
2.427  0.000223533
2.428  0.000223533
2.429  0.000223533
2.43  0.000223533
2.431  0.000223533
2.432  0.000223533
2.433  0.000223533
2.434  0.000223533
2.435  0.000223533
2.436  0.000223533
2.437  0.000223533
2.438  0.000223533
2.439  0.000223533
2.44  0.000223533
2.441  0.000223533
2.442  0.000223533
2.443  0.000223533
2.444  -0.0010325
2.445  -0.0010325
2.446  -0.0010325
2.447  -0.0010325
2.448  -0.0010325
2.449  -0.0010325
2.45  -0.0010325
2.451  -0.0010325
2.452  -0.0010325
2.453  -0.0010325
2.454  -0.0010325
2.455  -0.0010325
2.456  -0.0010325
2.457  -0.0010325
2.458  -0.0010325
2.459  -0.0010325
2.46  -0.0010325
2.461  -0.0010325
2.462  -0.0010325
2.463  -0.0010325
2.464  -0.0010325
2.465  -0.0010325
2.466  -0.0010325
2.467  -0.0010325
2.468  -0.0010325
2.469  -0.0010325
2.47  -0.0010325
2.471  -0.0010325
2.472  -0.0010325
2.473  -0.0010325
2.474  -0.00142715
2.475  -0.00142715
2.476  -0.00142715
2.477  -0.00142715
2.478  -0.00142715
2.479  -0.00142715
2.48  -0.00142715
2.481  -0.00142715
2.482  -0.00142715
2.483  -0.00142715
2.484  -0.00142715
2.485  -0.00142715
2.486  -0.00142715
2.487  -0.00142715
2.488  -0.00142715
2.489  -0.00142715
2.49  -0.00142715
2.491  -0.00142715
2.492  -0.00142715
2.493  -0.00142715
2.494  -0.00142715
2.495  -0.00142715
2.496  -0.00142715
2.497  -0.00142715
2.498  -0.00142715
2.499  -0.00142715
