-1.5  0
-1.499  0
-1.498  0
-1.497  0
-1.496  0
-1.495  0
-1.494  0
-1.493  0
-1.492  0
-1.491  0
-1.49  0
-1.489  0
-1.488  0
-1.487  0
-1.486  0
-1.485  0
-1.484  0
-1.483  0
-1.482  0
-1.481  0
-1.48  0
-1.479  0
-1.478  0
-1.477  0
-1.476  0
-1.475  0
-1.474  0
-1.473  0
-1.472  0
-1.471  0
-1.47  0
-1.469  0
-1.468  0
-1.467  0
-1.466  0
-1.465  0
-1.464  0
-1.463  0
-1.462  0
-1.461  0
-1.46  0
-1.459  0
-1.458  0
-1.457  0
-1.456  0
-1.455  0
-1.454  0
-1.453  0
-1.452  0
-1.451  0
-1.45  0
-1.449  0
-1.448  0
-1.447  0
-1.446  0
-1.445  0
-1.444  0
-1.443  0
-1.442  0
-1.441  0
-1.44  0
-1.439  0
-1.438  0
-1.437  0
-1.436  0
-1.435  0
-1.434  0
-1.433  0
-1.432  0
-1.431  0
-1.43  0
-1.429  0
-1.428  0
-1.427  0
-1.426  0
-1.425  0
-1.424  0
-1.423  0
-1.422  0
-1.421  0
-1.42  0
-1.419  0
-1.418  0
-1.417  0
-1.416  0
-1.415  0
-1.414  0
-1.413  0
-1.412  0
-1.411  0
-1.41  0
-1.409  0
-1.408  0
-1.407  0
-1.406  0
-1.405  0
-1.404  0
-1.403  0
-1.402  0
-1.401  0
-1.4  0
-1.399  0
-1.398  0
-1.397  0
-1.396  0
-1.395  0
-1.394  0
-1.393  0
-1.392  0
-1.391  0
-1.39  0
-1.389  0
-1.388  0
-1.387  0
-1.386  0
-1.385  0
-1.384  0
-1.383  0
-1.382  0
-1.381  0
-1.38  0
-1.379  0
-1.378  0
-1.377  0
-1.376  0
-1.375  0
-1.374  0
-1.373  0
-1.372  0
-1.371  0
-1.37  0
-1.369  0
-1.368  0
-1.367  0
-1.366  0
-1.365  0
-1.364  0
-1.363  0
-1.362  0
-1.361  0
-1.36  0
-1.359  0
-1.358  0
-1.357  0
-1.356  0
-1.355  0
-1.354  0
-1.353  0
-1.352  0
-1.351  0
-1.35  0
-1.349  0
-1.348  0
-1.347  0
-1.346  0
-1.345  0
-1.344  0
-1.343  0
-1.342  0
-1.341  0
-1.34  0
-1.339  0
-1.338  0
-1.337  -5.58539e-07
-1.336  -2.41149e-06
-1.335  -7.31301e-06
-1.334  -1.59281e-05
-1.333  -2.56855e-05
-1.332  -3.49901e-05
-1.331  -4.40152e-05
-1.33  -5.41873e-05
-1.329  -5.8486e-05
-1.328  -6.21218e-05
-1.327  -7.38996e-05
-1.326  -7.50792e-05
-1.325  -8.24397e-05
-1.324  -8.8713e-05
-1.323  -9.96713e-05
-1.322  -0.000105926
-1.321  -0.00010726
-1.32  -0.000114848
-1.319  -0.000123843
-1.318  -0.000128747
-1.317  -0.000133778
-1.316  -0.000140584
-1.315  -0.000133788
-1.314  -0.000124566
-1.313  -0.000123155
-1.312  -0.000130321
-1.311  -0.000127855
-1.31  -0.000136725
-1.309  -0.000137952
-1.308  -0.000131547
-1.307  -0.000143282
-1.306  -0.000137986
-1.305  -0.000140246
-1.304  -0.000131746
-1.303  -0.000132207
-1.302  -0.000134279
-1.301  -0.000131659
-1.3  -0.000126419
-1.299  -0.000124876
-1.298  -0.000115418
-1.297  -0.000109677
-1.296  -0.000112523
-1.295  -0.000113212
-1.294  -0.000105797
-1.293  -9.07717e-05
-1.292  -8.88847e-05
-1.291  -7.65607e-05
-1.29  -7.43742e-05
-1.289  -7.25352e-05
-1.288  -6.29318e-05
-1.287  -6.43686e-05
-1.286  -6.49888e-05
-1.285  -6.06643e-05
-1.284  -5.3522e-05
-1.283  -5.71579e-05
-1.282  -6.06841e-05
-1.281  -5.96651e-05
-1.28  -6.14432e-05
-1.279  -6.79591e-05
-1.278  -6.55362e-05
-1.277  -6.59501e-05
-1.276  -6.56329e-05
-1.275  -7.08855e-05
-1.274  -7.30105e-05
-1.273  -7.08075e-05
-1.272  -7.51256e-05
-1.271  -7.25413e-05
-1.27  -7.58482e-05
-1.269  -7.3688e-05
-1.268  -7.07728e-05
-1.267  -6.32156e-05
-1.266  -7.06625e-05
-1.265  -7.1017e-05
-1.264  -6.86758e-05
-1.263  -6.2213e-05
-1.262  -6.59057e-05
-1.261  -6.054e-05
-1.26  -6.3227e-05
-1.259  -6.11518e-05
-1.258  -5.81433e-05
-1.257  -5.91939e-05
-1.256  -6.02523e-05
-1.255  -5.85612e-05
-1.254  -5.75928e-05
-1.253  -5.73128e-05
-1.252  -6.38871e-05
-1.251  -6.24703e-05
-1.25  -6.67479e-05
-1.249  -7.30541e-05
-1.248  -7.25976e-05
-1.247  -7.31695e-05
-1.246  -7.35054e-05
-1.245  -7.2216e-05
-1.244  -7.1615e-05
-1.243  -6.48683e-05
-1.242  -6.65266e-05
-1.241  -5.81317e-05
-1.24  -6.3077e-05
-1.239  -6.42411e-05
-1.238  -6.39733e-05
-1.237  -6.12624e-05
-1.236  -6.19089e-05
-1.235  -5.9952e-05
-1.234  -6.02076e-05
-1.233  -5.50211e-05
-1.232  -5.29911e-05
-1.231  -4.58452e-05
-1.23  -4.27717e-05
-1.229  -4.47059e-05
-1.228  -4.0392e-05
-1.227  -4.41834e-05
-1.226  -4.78319e-05
-1.225  -4.81148e-05
-1.224  -5.14833e-05
-1.223  -5.48853e-05
-1.222  -6.27365e-05
-1.221  -6.36288e-05
-1.22  -6.49393e-05
-1.219  -6.54279e-05
-1.218  -6.23476e-05
-1.217  -6.71094e-05
-1.216  -6.51772e-05
-1.215  -6.44074e-05
-1.214  -6.7076e-05
-1.213  -6.35632e-05
-1.212  -6.77823e-05
-1.211  -6.34513e-05
-1.21  -6.60699e-05
-1.209  -6.5131e-05
-1.208  -6.17806e-05
-1.207  -5.92524e-05
-1.206  -6.20764e-05
-1.205  -6.12222e-05
-1.204  -6.07981e-05
-1.203  -5.5063e-05
-1.202  -4.93871e-05
-1.201  -4.66904e-05
-1.2  -4.68677e-05
-1.199  -5.11697e-05
-1.198  -4.73601e-05
-1.197  -4.95856e-05
-1.196  -5.40191e-05
-1.195  -5.32838e-05
-1.194  -5.67874e-05
-1.193  -5.99711e-05
-1.192  -6.71111e-05
-1.191  -6.92358e-05
-1.19  -7.14841e-05
-1.189  -7.23658e-05
-1.188  -6.96499e-05
-1.187  -7.27566e-05
-1.186  -6.94972e-05
-1.185  -6.70934e-05
-1.184  -7.46947e-05
-1.183  -7.66234e-05
-1.182  -7.91022e-05
-1.181  -7.92087e-05
-1.18  -7.69816e-05
-1.179  -7.64945e-05
-1.178  -7.28749e-05
-1.177  -6.7672e-05
-1.176  -6.96618e-05
-1.175  -6.71987e-05
-1.174  -6.64324e-05
-1.173  -6.45331e-05
-1.172  -5.90915e-05
-1.171  -5.89753e-05
-1.17  -5.73751e-05
-1.169  -5.75484e-05
-1.168  -5.16101e-05
-1.167  -5.40176e-05
-1.166  -5.70715e-05
-1.165  -5.31687e-05
-1.164  -5.09212e-05
-1.163  -4.93514e-05
-1.162  -5.06135e-05
-1.161  -5.22897e-05
-1.16  -4.99693e-05
-1.159  -5.59502e-05
-1.158  -5.91841e-05
-1.157  -5.69414e-05
-1.156  -5.74427e-05
-1.155  -5.3278e-05
-1.154  -5.46844e-05
-1.153  -5.38304e-05
-1.152  -5.34763e-05
-1.151  -5.60991e-05
-1.15  -6.00352e-05
-1.149  -6.20465e-05
-1.148  -6.32866e-05
-1.147  -5.96361e-05
-1.146  -6.15361e-05
-1.145  -5.91111e-05
-1.144  -6.06466e-05
-1.143  -5.98752e-05
-1.142  -5.66124e-05
-1.141  -5.72703e-05
-1.14  -5.67164e-05
-1.139  -4.97737e-05
-1.138  -5.01686e-05
-1.137  -4.98218e-05
-1.136  -5.46822e-05
-1.135  -5.07711e-05
-1.134  -5.25856e-05
-1.133  -5.13261e-05
-1.132  -5.13448e-05
-1.131  -5.26791e-05
-1.13  -4.94841e-05
-1.129  -4.67545e-05
-1.128  -5.16446e-05
-1.127  -5.08835e-05
-1.126  -5.36027e-05
-1.125  -5.00744e-05
-1.124  -5.08903e-05
-1.123  -5.30219e-05
-1.122  -5.70576e-05
-1.121  -5.68218e-05
-1.12  -6.19976e-05
-1.119  -6.17426e-05
-1.118  -6.34943e-05
-1.117  -5.80626e-05
-1.116  -5.79068e-05
-1.115  -5.65957e-05
-1.114  -6.22197e-05
-1.113  -6.37284e-05
-1.112  -5.49392e-05
-1.111  -5.54381e-05
-1.11  -6.03825e-05
-1.109  -5.55805e-05
-1.108  -5.35589e-05
-1.107  -5.47114e-05
-1.106  -5.81778e-05
-1.105  -5.61442e-05
-1.104  -5.67448e-05
-1.103  -5.59761e-05
-1.102  -5.70867e-05
-1.101  -5.61516e-05
-1.1  -5.59631e-05
-1.099  -5.211e-05
-1.098  -5.77047e-05
-1.097  -5.91479e-05
-1.096  -5.85484e-05
-1.095  -5.15137e-05
-1.094  -5.21945e-05
-1.093  -6.00795e-05
-1.092  -6.09388e-05
-1.091  -5.89266e-05
-1.09  -6.00943e-05
-1.089  -5.99391e-05
-1.088  -6.28828e-05
-1.087  -5.99903e-05
-1.086  -6.47222e-05
-1.085  -6.28207e-05
-1.084  -6.26119e-05
-1.083  -5.69456e-05
-1.082  -5.31905e-05
-1.081  -5.35386e-05
-1.08  -6.13383e-05
-1.079  -5.7752e-05
-1.078  -5.72856e-05
-1.077  -6.14323e-05
-1.076  -6.64075e-05
-1.075  -6.33032e-05
-1.074  -6.13163e-05
-1.073  -6.21305e-05
-1.072  -6.22852e-05
-1.071  -6.3808e-05
-1.07  -6.60598e-05
-1.069  -6.07792e-05
-1.068  -6.18462e-05
-1.067  -6.01908e-05
-1.066  -6.17437e-05
-1.065  -5.67633e-05
-1.064  -6.08226e-05
-1.063  -6.35354e-05
-1.062  -6.34898e-05
-1.061  -6.33178e-05
-1.06  -6.45812e-05
-1.059  -6.57917e-05
-1.058  -6.45e-05
-1.057  -6.1921e-05
-1.056  -6.35073e-05
-1.055  -6.30372e-05
-1.054  -6.50871e-05
-1.053  -6.11506e-05
-1.052  -6.19597e-05
-1.051  -5.97252e-05
-1.05  -6.17683e-05
-1.049  -5.9993e-05
-1.048  -5.50984e-05
-1.047  -5.36822e-05
-1.046  -6.0988e-05
-1.045  -6.21113e-05
-1.044  -6.07302e-05
-1.043  -6.09224e-05
-1.042  -5.84768e-05
-1.041  -5.96966e-05
-1.04  -5.98147e-05
-1.039  -5.74096e-05
-1.038  -5.88962e-05
-1.037  -6.12223e-05
-1.036  -6.1873e-05
-1.035  -5.6307e-05
-1.034  -5.67773e-05
-1.033  -5.24315e-05
-1.032  -5.43827e-05
-1.031  -6.13534e-05
-1.03  -6.3371e-05
-1.029  -6.72892e-05
-1.028  -6.37063e-05
-1.027  -5.68141e-05
-1.026  -5.82674e-05
-1.025  -6.24264e-05
-1.024  -6.57039e-05
-1.023  -6.28139e-05
-1.022  -6.57895e-05
-1.021  -6.40469e-05
-1.02  -6.70142e-05
-1.019  -6.21805e-05
-1.018  -5.96052e-05
-1.017  -5.74391e-05
-1.016  -6.68397e-05
-1.015  -6.89546e-05
-1.014  -7.13534e-05
-1.013  -6.83099e-05
-1.012  -6.69222e-05
-1.011  -7.01855e-05
-1.01  -7.06567e-05
-1.009  -7.60376e-05
-1.008  -7.76733e-05
-1.007  -7.91087e-05
-1.006  -7.42439e-05
-1.005  -6.98287e-05
-1.004  -7.15055e-05
-1.003  -6.62924e-05
-1.002  -6.78059e-05
-1.001  -7.02612e-05
-1  -7.37789e-05
-0.999  -7.40687e-05
-0.998  -6.89256e-05
-0.997  -6.12823e-05
-0.996  -6.70315e-05
-0.995  -7.4336e-05
-0.994  -7.64316e-05
-0.993  -6.85184e-05
-0.992  -6.68982e-05
-0.991  -6.55433e-05
-0.99  -6.5136e-05
-0.989  -6.43552e-05
-0.988  -6.2891e-05
-0.987  -6.08813e-05
-0.986  -6.85891e-05
-0.985  -7.2282e-05
-0.984  -7.30053e-05
-0.983  -6.94538e-05
-0.982  -6.81522e-05
-0.981  -7.2995e-05
-0.98  -7.52042e-05
-0.979  -8.28595e-05
-0.978  -8.46241e-05
-0.977  -8.27265e-05
-0.976  -7.35084e-05
-0.975  -7.19075e-05
-0.974  -7.57469e-05
-0.973  -7.51004e-05
-0.972  -7.83093e-05
-0.971  -8.06742e-05
-0.97  -8.23056e-05
-0.969  -8.215e-05
-0.968  -8.29011e-05
-0.967  -7.72493e-05
-0.966  -7.81483e-05
-0.965  -8.29069e-05
-0.964  -8.46368e-05
-0.963  -8.24968e-05
-0.962  -7.91173e-05
-0.961  -7.64353e-05
-0.96  -7.46725e-05
-0.959  -7.39024e-05
-0.958  -7.31201e-05
-0.957  -7.19668e-05
-0.956  -7.90127e-05
-0.955  -7.98e-05
-0.954  -7.99344e-05
-0.953  -7.38239e-05
-0.952  -7.49531e-05
-0.951  -7.885e-05
-0.95  -7.98648e-05
-0.949  -8.61877e-05
-0.948  -8.63452e-05
-0.947  -8.06147e-05
-0.946  -7.33857e-05
-0.945  -7.63946e-05
-0.944  -7.29175e-05
-0.943  -7.19931e-05
-0.942  -7.69477e-05
-0.941  -7.92391e-05
-0.94  -7.93383e-05
-0.939  -7.69985e-05
-0.938  -7.53969e-05
-0.937  -7.07817e-05
-0.936  -7.71072e-05
-0.935  -7.97291e-05
-0.934  -8.31913e-05
-0.933  -8.08318e-05
-0.932  -7.94108e-05
-0.931  -7.54522e-05
-0.93  -7.28407e-05
-0.929  -6.94276e-05
-0.928  -7.56765e-05
-0.927  -7.33211e-05
-0.926  -7.37997e-05
-0.925  -7.85958e-05
-0.924  -7.98794e-05
-0.923  -7.13629e-05
-0.922  -7.27903e-05
-0.921  -7.79812e-05
-0.92  -8.05864e-05
-0.919  -8.99515e-05
-0.918  -8.91522e-05
-0.917  -8.24315e-05
-0.916  -7.65464e-05
-0.915  -8.08462e-05
-0.914  -8.04393e-05
-0.913  -8.03594e-05
-0.912  -8.37572e-05
-0.911  -8.58026e-05
-0.91  -8.67163e-05
-0.909  -8.35278e-05
-0.908  -8.8182e-05
-0.907  -8.38703e-05
-0.906  -8.90986e-05
-0.905  -8.75735e-05
-0.904  -9.10076e-05
-0.903  -8.92623e-05
-0.902  -8.86856e-05
-0.901  -8.72282e-05
-0.9  -8.29869e-05
-0.899  -8.05191e-05
-0.898  -8.29638e-05
-0.897  -8.3527e-05
-0.896  -8.03953e-05
-0.895  -8.0901e-05
-0.894  -8.1441e-05
-0.893  -7.84463e-05
-0.892  -8.01798e-05
-0.891  -8.42311e-05
-0.89  -8.56537e-05
-0.889  -9.01339e-05
-0.888  -9.13001e-05
-0.887  -8.05705e-05
-0.886  -7.79049e-05
-0.885  -8.32513e-05
-0.884  -8.31798e-05
-0.883  -7.78382e-05
-0.882  -7.94115e-05
-0.881  -8.55371e-05
-0.88  -8.65177e-05
-0.879  -8.22975e-05
-0.878  -8.33645e-05
-0.877  -7.9883e-05
-0.876  -8.67504e-05
-0.875  -8.74101e-05
-0.874  -8.62872e-05
-0.873  -8.39371e-05
-0.872  -8.24679e-05
-0.871  -7.84134e-05
-0.87  -7.53641e-05
-0.869  -7.61535e-05
-0.868  -7.86018e-05
-0.867  -8.05139e-05
-0.866  -7.71209e-05
-0.865  -7.67214e-05
-0.864  -7.82023e-05
-0.863  -7.43174e-05
-0.862  -6.97866e-05
-0.861  -7.01619e-05
-0.86  -7.15676e-05
-0.859  -7.8809e-05
-0.858  -8.12615e-05
-0.857  -7.24994e-05
-0.856  -6.71585e-05
-0.855  -6.98941e-05
-0.854  -6.77852e-05
-0.853  -6.67378e-05
-0.852  -6.82076e-05
-0.851  -7.33991e-05
-0.85  -7.30946e-05
-0.849  -7.37933e-05
-0.848  -7.27551e-05
-0.847  -7.13259e-05
-0.846  -7.17524e-05
-0.845  -7.39952e-05
-0.844  -7.5128e-05
-0.843  -7.2809e-05
-0.842  -7.29503e-05
-0.841  -7.12522e-05
-0.84  -6.79249e-05
-0.839  -6.90547e-05
-0.838  -6.72948e-05
-0.837  -7.33695e-05
-0.836  -7.37599e-05
-0.835  -7.36474e-05
-0.834  -7.34977e-05
-0.833  -7.21435e-05
-0.832  -6.59917e-05
-0.831  -6.52063e-05
-0.83  -6.54446e-05
-0.829  -7.50299e-05
-0.828  -7.69724e-05
-0.827  -7.66689e-05
-0.826  -7.32457e-05
-0.825  -7.25259e-05
-0.824  -7.16995e-05
-0.823  -7.12887e-05
-0.822  -7.2794e-05
-0.821  -7.30008e-05
-0.82  -7.19102e-05
-0.819  -7.58177e-05
-0.818  -6.84686e-05
-0.817  -6.85708e-05
-0.816  -7.0586e-05
-0.815  -7.15516e-05
-0.814  -7.57324e-05
-0.813  -7.58482e-05
-0.812  -7.83258e-05
-0.811  -7.68919e-05
-0.81  -6.99548e-05
-0.809  -6.80793e-05
-0.808  -6.51775e-05
-0.807  -6.73112e-05
-0.806  -6.95646e-05
-0.805  -7.07312e-05
-0.804  -7.29806e-05
-0.803  -7.39887e-05
-0.802  -6.93091e-05
-0.801  -6.41707e-05
-0.8  -6.54496e-05
-0.799  -7.46422e-05
-0.798  -7.44415e-05
-0.797  -7.18577e-05
-0.796  -6.95566e-05
-0.795  -6.61875e-05
-0.794  -6.52125e-05
-0.793  -6.33182e-05
-0.792  -6.52388e-05
-0.791  -6.77152e-05
-0.79  -6.90927e-05
-0.789  -7.37724e-05
-0.788  -6.92099e-05
-0.787  -6.64891e-05
-0.786  -6.66875e-05
-0.785  -6.98131e-05
-0.784  -6.77098e-05
-0.783  -6.97801e-05
-0.782  -7.56955e-05
-0.781  -7.3161e-05
-0.78  -7.19113e-05
-0.779  -7.01489e-05
-0.778  -6.97143e-05
-0.777  -7.10802e-05
-0.776  -7.24736e-05
-0.775  -7.12126e-05
-0.774  -7.29686e-05
-0.773  -7.09695e-05
-0.772  -6.57983e-05
-0.771  -6.42037e-05
-0.77  -6.57979e-05
-0.769  -7.29299e-05
-0.768  -7.26995e-05
-0.767  -7.06825e-05
-0.766  -6.94396e-05
-0.765  -6.88414e-05
-0.764  -6.54099e-05
-0.763  -6.37782e-05
-0.762  -6.17353e-05
-0.761  -5.86461e-05
-0.76  -5.71579e-05
-0.759  -5.83394e-05
-0.758  -4.97621e-05
-0.757  -4.68446e-05
-0.756  -4.90944e-05
-0.755  -5.21965e-05
-0.754  -5.50679e-05
-0.753  -5.74653e-05
-0.752  -5.59761e-05
-0.751  -4.78295e-05
-0.75  -4.63834e-05
-0.749  -5.10728e-05
-0.748  -5.24257e-05
-0.747  -5.01686e-05
-0.746  -5.0475e-05
-0.745  -5.10819e-05
-0.744  -5.05767e-05
-0.743  -5.05483e-05
-0.742  -4.72457e-05
-0.741  -4.63877e-05
-0.74  -4.94781e-05
-0.739  -6.17916e-05
-0.738  -6.10818e-05
-0.737  -6.20806e-05
-0.736  -5.65586e-05
-0.735  -5.39116e-05
-0.734  -4.96606e-05
-0.733  -5.33843e-05
-0.732  -5.46808e-05
-0.731  -5.40515e-05
-0.73  -5.0952e-05
-0.729  -5.28463e-05
-0.728  -4.70424e-05
-0.727  -4.99173e-05
-0.726  -5.54849e-05
-0.725  -6.29961e-05
-0.724  -6.93342e-05
-0.723  -7.31504e-05
-0.722  -7.86313e-05
-0.721  -7.47649e-05
-0.72  -7.1403e-05
-0.719  -7.64375e-05
-0.718  -7.74365e-05
-0.717  -8.02112e-05
-0.716  -8.19496e-05
-0.715  -8.72272e-05
-0.714  -8.20722e-05
-0.713  -8.48161e-05
-0.712  -8.022e-05
-0.711  -7.78421e-05
-0.71  -7.50992e-05
-0.709  -8.29446e-05
-0.708  -7.90184e-05
-0.707  -7.6741e-05
-0.706  -6.74784e-05
-0.705  -6.19386e-05
-0.704  -5.742e-05
-0.703  -5.7144e-05
-0.702  -5.96866e-05
-0.701  -5.93395e-05
-0.7  -5.74575e-05
-0.699  -5.58979e-05
-0.698  -5.41841e-05
-0.697  -5.45432e-05
-0.696  -5.57942e-05
-0.695  -6.59581e-05
-0.694  -6.68934e-05
-0.693  -7.36711e-05
-0.692  -8.12568e-05
-0.691  -8.23524e-05
-0.69  -8.25008e-05
-0.689  -8.55433e-05
-0.688  -8.91322e-05
-0.687  -9.26236e-05
-0.686  -9.54235e-05
-0.685  -9.7568e-05
-0.684  -9.07693e-05
-0.683  -8.96592e-05
-0.682  -8.40398e-05
-0.681  -8.50428e-05
-0.68  -8.66182e-05
-0.679  -8.93496e-05
-0.678  -8.74009e-05
-0.677  -8.63584e-05
-0.676  -7.51175e-05
-0.675  -7.4895e-05
-0.674  -6.38009e-05
-0.673  -6.0717e-05
-0.672  -6.18545e-05
-0.671  -5.75352e-05
-0.67  -5.45644e-05
-0.669  -4.94282e-05
-0.668  -4.65456e-05
-0.667  -4.78903e-05
-0.666  -5.27402e-05
-0.665  -6.29932e-05
-0.664  -6.55162e-05
-0.663  -7.59329e-05
-0.662  -7.50679e-05
-0.661  -7.14412e-05
-0.66  -7.14226e-05
-0.659  -7.54633e-05
-0.658  -7.45701e-05
-0.657  -7.89132e-05
-0.656  -7.96874e-05
-0.655  -8.41961e-05
-0.654  -8.12998e-05
-0.653  -8.17354e-05
-0.652  -7.77981e-05
-0.651  -7.93247e-05
-0.65  -8.12769e-05
-0.649  -8.14762e-05
-0.648  -7.29424e-05
-0.647  -6.79523e-05
-0.646  -6.1402e-05
-0.645  -5.9666e-05
-0.644  -4.84797e-05
-0.643  -4.56038e-05
-0.642  -4.80271e-05
-0.641  -4.71271e-05
-0.64  -4.46392e-05
-0.639  -4.10721e-05
-0.638  -4.28969e-05
-0.637  -4.28757e-05
-0.636  -4.74309e-05
-0.635  -4.93902e-05
-0.634  -5.0749e-05
-0.633  -5.85171e-05
-0.632  -6.00113e-05
-0.631  -5.77386e-05
-0.63  -6.34442e-05
-0.629  -7.1818e-05
-0.628  -7.48279e-05
-0.627  -7.68557e-05
-0.626  -7.78913e-05
-0.625  -8.38834e-05
-0.624  -8.6108e-05
-0.623  -8.47651e-05
-0.622  -7.65564e-05
-0.621  -7.35651e-05
-0.62  -7.58027e-05
-0.619  -7.34119e-05
-0.618  -7.29896e-05
-0.617  -7.16882e-05
-0.616  -7.2574e-05
-0.615  -6.83646e-05
-0.614  -6.50384e-05
-0.613  -6.08485e-05
-0.612  -6.23014e-05
-0.611  -6.15158e-05
-0.61  -5.80988e-05
-0.609  -5.34981e-05
-0.608  -5.29235e-05
-0.607  -5.46946e-05
-0.606  -5.88586e-05
-0.605  -5.88905e-05
-0.604  -6.40308e-05
-0.603  -7.19712e-05
-0.602  -7.66028e-05
-0.601  -7.97927e-05
-0.6  -8.2415e-05
-0.599  -8.45817e-05
-0.598  -8.71818e-05
-0.597  -8.97036e-05
-0.596  -9.02943e-05
-0.595  -9.03417e-05
-0.594  -9.77988e-05
-0.593  -9.47153e-05
-0.592  -8.66569e-05
-0.591  -8.3996e-05
-0.59  -8.85406e-05
-0.589  -8.82383e-05
-0.588  -8.59784e-05
-0.587  -7.86286e-05
-0.586  -7.88142e-05
-0.585  -7.39887e-05
-0.584  -7.2597e-05
-0.583  -6.97399e-05
-0.582  -6.8021e-05
-0.581  -6.43531e-05
-0.58  -6.09591e-05
-0.579  -5.92401e-05
-0.578  -5.30554e-05
-0.577  -5.72512e-05
-0.576  -6.16311e-05
-0.575  -5.6202e-05
-0.574  -5.98644e-05
-0.573  -6.4371e-05
-0.572  -6.80253e-05
-0.571  -6.94539e-05
-0.57  -7.03374e-05
-0.569  -7.23985e-05
-0.568  -7.8152e-05
-0.567  -7.54316e-05
-0.566  -7.45588e-05
-0.565  -7.29253e-05
-0.564  -8.04401e-05
-0.563  -7.88661e-05
-0.562  -7.80713e-05
-0.561  -7.43453e-05
-0.56  -7.74083e-05
-0.559  -7.7876e-05
-0.558  -7.51864e-05
-0.557  -6.87094e-05
-0.556  -6.93679e-05
-0.555  -6.67547e-05
-0.554  -6.72146e-05
-0.553  -6.68418e-05
-0.552  -6.01147e-05
-0.551  -5.48081e-05
-0.55  -5.06616e-05
-0.549  -5.17439e-05
-0.548  -4.96379e-05
-0.547  -5.44091e-05
-0.546  -5.64734e-05
-0.545  -4.96268e-05
-0.544  -4.95574e-05
-0.543  -5.01298e-05
-0.542  -5.41157e-05
-0.541  -5.50825e-05
-0.54  -5.71864e-05
-0.539  -5.91255e-05
-0.538  -6.20548e-05
-0.537  -6.17746e-05
-0.536  -6.18513e-05
-0.535  -6.05456e-05
-0.534  -6.47353e-05
-0.533  -6.67227e-05
-0.532  -6.93678e-05
-0.531  -6.47431e-05
-0.53  -6.43435e-05
-0.529  -7.12601e-05
-0.528  -6.70161e-05
-0.527  -6.9028e-05
-0.526  -6.92673e-05
-0.525  -6.60054e-05
-0.524  -6.80376e-05
-0.523  -6.59088e-05
-0.522  -5.85632e-05
-0.521  -5.17428e-05
-0.52  -4.87548e-05
-0.519  -4.96129e-05
-0.518  -4.92498e-05
-0.517  -5.09727e-05
-0.516  -5.00142e-05
-0.515  -4.32513e-05
-0.514  -4.49177e-05
-0.513  -4.66284e-05
-0.512  -5.32327e-05
-0.511  -5.70155e-05
-0.51  -5.76601e-05
-0.509  -5.86985e-05
-0.508  -5.40632e-05
-0.507  -5.1352e-05
-0.506  -5.60751e-05
-0.505  -5.35265e-05
-0.504  -5.72296e-05
-0.503  -6.14567e-05
-0.502  -6.01387e-05
-0.501  -5.69082e-05
-0.5  -5.96242e-05
-0.499  -6.16285e-05
-0.498  -6.51058e-05
-0.497  -7.06761e-05
-0.496  -7.18914e-05
-0.495  -7.09378e-05
-0.494  -7.12431e-05
-0.493  -6.85274e-05
-0.492  -6.02006e-05
-0.491  -5.40927e-05
-0.49  -5.40402e-05
-0.489  -5.36331e-05
-0.488  -5.40099e-05
-0.487  -5.00566e-05
-0.486  -4.94345e-05
-0.485  -4.37074e-05
-0.484  -4.38736e-05
-0.483  -4.91817e-05
-0.482  -5.34259e-05
-0.481  -5.55554e-05
-0.48  -5.70439e-05
-0.479  -5.208e-05
-0.478  -4.92852e-05
-0.477  -4.85246e-05
-0.476  -4.72254e-05
-0.475  -4.8083e-05
-0.474  -5.40459e-05
-0.473  -5.52868e-05
-0.472  -5.47106e-05
-0.471  -4.91331e-05
-0.47  -5.42941e-05
-0.469  -5.94142e-05
-0.468  -6.41287e-05
-0.467  -7.04228e-05
-0.466  -7.49736e-05
-0.465  -6.8644e-05
-0.464  -6.89083e-05
-0.463  -6.5468e-05
-0.462  -5.59187e-05
-0.461  -5.01642e-05
-0.46  -5.57788e-05
-0.459  -5.83064e-05
-0.458  -5.7404e-05
-0.457  -5.61325e-05
-0.456  -5.2493e-05
-0.455  -4.70523e-05
-0.454  -5.14551e-05
-0.453  -5.39973e-05
-0.452  -5.89168e-05
-0.451  -6.36035e-05
-0.45  -6.28949e-05
-0.449  -6.29693e-05
-0.448  -6.18624e-05
-0.447  -6.1769e-05
-0.446  -6.13869e-05
-0.445  -6.27106e-05
-0.444  -6.79997e-05
-0.443  -7.1646e-05
-0.442  -7.32416e-05
-0.441  -6.66197e-05
-0.44  -6.82763e-05
-0.439  -7.11743e-05
-0.438  -7.96612e-05
-0.437  -8.4015e-05
-0.436  -8.53901e-05
-0.435  -7.87217e-05
-0.434  -7.44496e-05
-0.433  -7.38116e-05
-0.432  -6.34923e-05
-0.431  -6.19023e-05
-0.43  -6.07601e-05
-0.429  -5.63283e-05
-0.428  -5.32631e-05
-0.427  -5.79426e-05
-0.426  -5.65935e-05
-0.425  -5.44307e-05
-0.424  -5.93525e-05
-0.423  -6.34363e-05
-0.422  -6.9017e-05
-0.421  -6.89782e-05
-0.42  -7.43695e-05
-0.419  -7.20746e-05
-0.418  -7.25697e-05
-0.417  -6.9368e-05
-0.416  -7.06874e-05
-0.415  -7.6161e-05
-0.414  -7.78406e-05
-0.413  -8.10133e-05
-0.412  -8.10664e-05
-0.411  -8.08792e-05
-0.41  -8.77149e-05
-0.409  -9.39044e-05
-0.408  -9.58278e-05
-0.407  -0.000102185
-0.406  -0.000101309
-0.405  -9.31492e-05
-0.404  -8.87646e-05
-0.403  -8.52071e-05
-0.402  -7.85483e-05
-0.401  -6.8144e-05
-0.4  -6.16414e-05
-0.399  -6.16409e-05
-0.398  -6.75293e-05
-0.397  -6.86998e-05
-0.396  -6.62163e-05
-0.395  -6.53186e-05
-0.394  -6.98689e-05
-0.393  -7.23861e-05
-0.392  -7.47014e-05
-0.391  -7.50605e-05
-0.39  -7.88929e-05
-0.389  -7.87818e-05
-0.388  -7.56977e-05
-0.387  -7.48316e-05
-0.386  -7.61668e-05
-0.385  -7.77996e-05
-0.384  -8.15608e-05
-0.383  -8.07031e-05
-0.382  -8.50938e-05
-0.381  -8.60842e-05
-0.38  -8.4982e-05
-0.379  -8.39091e-05
-0.378  -8.43477e-05
-0.377  -9.19998e-05
-0.376  -9.11829e-05
-0.375  -8.6615e-05
-0.374  -8.65361e-05
-0.373  -8.40378e-05
-0.372  -8.03876e-05
-0.371  -7.04148e-05
-0.37  -6.64501e-05
-0.369  -6.58929e-05
-0.368  -6.8997e-05
-0.367  -7.31037e-05
-0.366  -7.00782e-05
-0.365  -6.56792e-05
-0.364  -7.15957e-05
-0.363  -7.35677e-05
-0.362  -8.12035e-05
-0.361  -8.35568e-05
-0.36  -8.90407e-05
-0.359  -9.19141e-05
-0.358  -8.8946e-05
-0.357  -8.77499e-05
-0.356  -9.03016e-05
-0.355  -8.8004e-05
-0.354  -9.41495e-05
-0.353  -8.93088e-05
-0.352  -9.44074e-05
-0.351  -9.23823e-05
-0.35  -9.51669e-05
-0.349  -9.15574e-05
-0.348  -8.66935e-05
-0.347  -9.45337e-05
-0.346  -9.59622e-05
-0.345  -9.24856e-05
-0.344  -8.86928e-05
-0.343  -8.66759e-05
-0.342  -8.63264e-05
-0.341  -7.78518e-05
-0.34  -7.27729e-05
-0.339  -6.75983e-05
-0.338  -7.27863e-05
-0.337  -6.73222e-05
-0.336  -5.99035e-05
-0.335  -5.16509e-05
-0.334  -5.54125e-05
-0.333  -5.43837e-05
-0.332  -6.00871e-05
-0.331  -6.22949e-05
-0.33  -6.73679e-05
-0.329  -6.97446e-05
-0.328  -6.7187e-05
-0.327  -6.17305e-05
-0.326  -6.26694e-05
-0.325  -6.68407e-05
-0.324  -6.79979e-05
-0.323  -6.42272e-05
-0.322  -6.6e-05
-0.321  -6.4785e-05
-0.32  -6.98739e-05
-0.319  -6.66717e-05
-0.318  -6.80046e-05
-0.317  -7.74783e-05
-0.316  -7.89675e-05
-0.315  -8.05941e-05
-0.314  -7.6312e-05
-0.313  -7.60376e-05
-0.312  -7.2153e-05
-0.311  -7.0481e-05
-0.31  -6.79969e-05
-0.309  -6.66249e-05
-0.308  -7.52303e-05
-0.307  -7.31966e-05
-0.306  -6.39029e-05
-0.305  -5.86977e-05
-0.304  -5.80872e-05
-0.303  -5.87447e-05
-0.302  -6.40635e-05
-0.301  -6.48373e-05
-0.3  -6.76258e-05
-0.299  -6.96626e-05
-0.298  -7.206e-05
-0.297  -6.91564e-05
-0.296  -6.48724e-05
-0.295  -6.77512e-05
-0.294  -6.95524e-05
-0.293  -6.64998e-05
-0.292  -6.61169e-05
-0.291  -6.62638e-05
-0.29  -6.88459e-05
-0.289  -6.48943e-05
-0.288  -6.88483e-05
-0.287  -7.53642e-05
-0.286  -7.36399e-05
-0.285  -7.94098e-05
-0.284  -7.65683e-05
-0.283  -7.16056e-05
-0.282  -7.20006e-05
-0.281  -7.05076e-05
-0.28  -6.83888e-05
-0.279  -6.29851e-05
-0.278  -6.84683e-05
-0.277  -6.99181e-05
-0.276  -6.83138e-05
-0.275  -6.1236e-05
-0.274  -6.34811e-05
-0.273  -6.30371e-05
-0.272  -6.66091e-05
-0.271  -6.60413e-05
-0.27  -6.78739e-05
-0.269  -6.53903e-05
-0.268  -6.91455e-05
-0.267  -7.20578e-05
-0.266  -6.87152e-05
-0.265  -7.29631e-05
-0.264  -7.39238e-05
-0.263  -6.87738e-05
-0.262  -6.72688e-05
-0.261  -6.85512e-05
-0.26  -7.17874e-05
-0.259  -6.72066e-05
-0.258  -6.89574e-05
-0.257  -6.9806e-05
-0.256  -7.11874e-05
-0.255  -7.30191e-05
-0.254  -7.16048e-05
-0.253  -6.86166e-05
-0.252  -6.83221e-05
-0.251  -7.10664e-05
-0.25  -6.86243e-05
-0.249  -6.44941e-05
-0.248  -6.34179e-05
-0.247  -6.18136e-05
-0.246  -5.93597e-05
-0.245  -5.76853e-05
-0.244  -5.86674e-05
-0.243  -5.96892e-05
-0.242  -6.21408e-05
-0.241  -6.09327e-05
-0.24  -6.64681e-05
-0.239  -6.69216e-05
-0.238  -6.7297e-05
-0.237  -6.89834e-05
-0.236  -6.69663e-05
-0.235  -6.96699e-05
-0.234  -6.68066e-05
-0.233  -6.25183e-05
-0.232  -5.97168e-05
-0.231  -6.34158e-05
-0.23  -6.37605e-05
-0.229  -6.44034e-05
-0.228  -6.52266e-05
-0.227  -6.54226e-05
-0.226  -6.71896e-05
-0.225  -6.78999e-05
-0.224  -7.0309e-05
-0.223  -6.65126e-05
-0.222  -6.70341e-05
-0.221  -7.18301e-05
-0.22  -6.83271e-05
-0.219  -6.42668e-05
-0.218  -6.68185e-05
-0.217  -6.4697e-05
-0.216  -6.09378e-05
-0.215  -6.59282e-05
-0.214  -6.82262e-05
-0.213  -6.36778e-05
-0.212  -6.53074e-05
-0.211  -6.68536e-05
-0.21  -7.23437e-05
-0.209  -7.37474e-05
-0.208  -7.23101e-05
-0.207  -7.3174e-05
-0.206  -7.45234e-05
-0.205  -7.4222e-05
-0.204  -7.21453e-05
-0.203  -7.10531e-05
-0.202  -6.80612e-05
-0.201  -6.85533e-05
-0.2  -7.15362e-05
-0.199  -6.73565e-05
-0.198  -6.77767e-05
-0.197  -6.79616e-05
-0.196  -6.77889e-05
-0.195  -7.01972e-05
-0.194  -7.35351e-05
-0.193  -6.96619e-05
-0.192  -6.74074e-05
-0.191  -6.81971e-05
-0.19  -6.62066e-05
-0.189  -6.6341e-05
-0.188  -7.04667e-05
-0.187  -6.66275e-05
-0.186  -5.99922e-05
-0.185  -6.21166e-05
-0.184  -5.99147e-05
-0.183  -5.82814e-05
-0.182  -6.24888e-05
-0.181  -6.23619e-05
-0.18  -6.79268e-05
-0.179  -7.12069e-05
-0.178  -7.45151e-05
-0.177  -7.73473e-05
-0.176  -7.66834e-05
-0.175  -7.8917e-05
-0.174  -7.78808e-05
-0.173  -8.06657e-05
-0.172  -7.80022e-05
-0.171  -8.04113e-05
-0.17  -8.27953e-05
-0.169  -7.96593e-05
-0.168  -7.81056e-05
-0.167  -8.19988e-05
-0.166  -8.30875e-05
-0.165  -8.69876e-05
-0.164  -8.42405e-05
-0.163  -7.92248e-05
-0.162  -7.71586e-05
-0.161  -7.58541e-05
-0.16  -7.76401e-05
-0.159  -7.75357e-05
-0.158  -8.02255e-05
-0.157  -7.49387e-05
-0.156  -6.72779e-05
-0.155  -6.66549e-05
-0.154  -6.31495e-05
-0.153  -6.42278e-05
-0.152  -6.72774e-05
-0.151  -6.39404e-05
-0.15  -6.44917e-05
-0.149  -6.92453e-05
-0.148  -6.64031e-05
-0.147  -7.13076e-05
-0.146  -6.77557e-05
-0.145  -7.11892e-05
-0.144  -7.16833e-05
-0.143  -7.77709e-05
-0.142  -7.78445e-05
-0.141  -7.60627e-05
-0.14  -7.20071e-05
-0.139  -6.73554e-05
-0.138  -6.85527e-05
-0.137  -7.28558e-05
-0.136  -7.55865e-05
-0.135  -8.08653e-05
-0.134  -7.39644e-05
-0.133  -6.75035e-05
-0.132  -6.6872e-05
-0.131  -6.95018e-05
-0.13  -7.12963e-05
-0.129  -7.25759e-05
-0.128  -7.37997e-05
-0.127  -7.41135e-05
-0.126  -6.452e-05
-0.125  -6.3324e-05
-0.124  -5.5401e-05
-0.123  -5.30313e-05
-0.122  -5.21018e-05
-0.121  -5.23736e-05
-0.12  -5.3245e-05
-0.119  -5.97442e-05
-0.118  -7.19157e-05
-0.117  -9.89791e-05
-0.116  -0.000134346
-0.115  -0.000213449
-0.114  -0.000320863
-0.113  -0.000481979
-0.112  -0.000707327
-0.111  -0.00102168
-0.11  -0.00145013
-0.109  -0.00200187
-0.108  -0.00271444
-0.107  -0.00361507
-0.106  -0.00473318
-0.105  -0.00611226
-0.104  -0.00775869
-0.103  -0.0097167
-0.102  -0.0120427
-0.101  -0.0147512
-0.1  -0.0178747
-0.099  -0.0214515
-0.098  -0.0254944
-0.097  -0.0300488
-0.096  -0.0351174
-0.095  -0.0407622
-0.094  -0.0469291
-0.093  -0.053687
-0.092  -0.0610164
-0.091  -0.0689363
-0.09  -0.0774388
-0.089  -0.0865395
-0.088  -0.0961788
-0.087  -0.106351
-0.086  -0.117057
-0.085  -0.128311
-0.084  -0.140055
-0.083  -0.152242
-0.082  -0.1649
-0.081  -0.177993
-0.08  -0.191482
-0.079  -0.205362
-0.078  -0.219575
-0.077  -0.234094
-0.076  -0.248906
-0.075  -0.264043
-0.074  -0.27937
-0.073  -0.294902
-0.072  -0.310618
-0.071  -0.326504
-0.07  -0.342491
-0.069  -0.358621
-0.068  -0.37484
-0.067  -0.391106
-0.066  -0.407382
-0.065  -0.423676
-0.064  -0.439959
-0.063  -0.456187
-0.062  -0.472342
-0.061  -0.488418
-0.06  -0.50437
-0.059  -0.520205
-0.058  -0.535905
-0.057  -0.551427
-0.056  -0.566762
-0.055  -0.58193
-0.054  -0.596916
-0.053  -0.611675
-0.052  -0.626201
-0.051  -0.640503
-0.05  -0.654568
-0.049  -0.668392
-0.048  -0.68197
-0.047  -0.695295
-0.046  -0.70836
-0.045  -0.721183
-0.044  -0.733738
-0.043  -0.746038
-0.042  -0.758053
-0.041  -0.769826
-0.04  -0.781345
-0.039  -0.792589
-0.038  -0.803565
-0.037  -0.814254
-0.036  -0.824676
-0.035  -0.834798
-0.034  -0.844664
-0.033  -0.854227
-0.032  -0.8635
-0.031  -0.8725
-0.03  -0.881197
-0.029  -0.889594
-0.028  -0.897725
-0.027  -0.90557
-0.026  -0.913128
-0.025  -0.920367
-0.024  -0.927339
-0.023  -0.934029
-0.022  -0.940403
-0.021  -0.946469
-0.02  -0.952255
-0.019  -0.957729
-0.018  -0.962917
-0.017  -0.967832
-0.016  -0.972476
-0.015  -0.976799
-0.014  -0.980888
-0.013  -0.984704
-0.012  -0.988204
-0.011  -0.991455
-0.01  -0.994445
-0.009  -0.997137
-0.008  -0.999558
-0.007  -1.00171
-0.006  -1.00362
-0.005  -1.00522
-0.004  -1.00659
-0.003  -1.00769
-0.002  -1.00854
-0.001  -1.00914
0  -1.00951
0.001  -1.00961
0.002  -1.00949
0.003  -1.00913
0.004  -1.00854
0.005  -1.00769
0.006  -1.00663
0.007  -1.00538
0.008  -1.0039
0.009  -1.00221
0.01  -1.00033
0.011  -0.998253
0.012  -0.995969
0.013  -0.993535
0.014  -0.990964
0.015  -0.988191
0.016  -0.9853
0.017  -0.982246
0.018  -0.979079
0.019  -0.97577
0.02  -0.972368
0.021  -0.968835
0.022  -0.965199
0.023  -0.961481
0.024  -0.95767
0.025  -0.953763
0.026  -0.949792
0.027  -0.94575
0.028  -0.941661
0.029  -0.937491
0.03  -0.933279
0.031  -0.929025
0.032  -0.924691
0.033  -0.920311
0.034  -0.915886
0.035  -0.911419
0.036  -0.906923
0.037  -0.902362
0.038  -0.897773
0.039  -0.893147
0.04  -0.888485
0.041  -0.883799
0.042  -0.879074
0.043  -0.874331
0.044  -0.869588
0.045  -0.864798
0.046  -0.859986
0.047  -0.855143
0.048  -0.850331
0.049  -0.845484
0.05  -0.84063
0.051  -0.835778
0.052  -0.830931
0.053  -0.826092
0.054  -0.821227
0.055  -0.816394
0.056  -0.811579
0.057  -0.806783
0.058  -0.802007
0.059  -0.797197
0.06  -0.79243
0.061  -0.787678
0.062  -0.782913
0.063  -0.778148
0.064  -0.773402
0.065  -0.768707
0.066  -0.764013
0.067  -0.759292
0.068  -0.754622
0.069  -0.749942
0.07  -0.745304
0.071  -0.740653
0.072  -0.736015
0.073  -0.731397
0.074  -0.726786
0.075  -0.722206
0.076  -0.717581
0.077  -0.71299
0.078  -0.708463
0.079  -0.703925
0.08  -0.699402
0.081  -0.694947
0.082  -0.690515
0.083  -0.686097
0.084  -0.681684
0.085  -0.677331
0.086  -0.672993
0.087  -0.668676
0.088  -0.664429
0.089  -0.660163
0.09  -0.655965
0.091  -0.651821
0.092  -0.647679
0.093  -0.643542
0.094  -0.639426
0.095  -0.635422
0.096  -0.631399
0.097  -0.627375
0.098  -0.623396
0.099  -0.619433
0.1  -0.615482
0.101  -0.611555
0.102  -0.607662
0.103  -0.603776
0.104  -0.599901
0.105  -0.596083
0.106  -0.59224
0.107  -0.588423
0.108  -0.584633
0.109  -0.580863
0.11  -0.577083
0.111  -0.573358
0.112  -0.569679
0.113  -0.565983
0.114  -0.562309
0.115  -0.558683
0.116  -0.555053
0.117  -0.551443
0.118  -0.547897
0.119  -0.544371
0.12  -0.540859
0.121  -0.53739
0.122  -0.533937
0.123  -0.530485
0.124  -0.527045
0.125  -0.523671
0.126  -0.520289
0.127  -0.516928
0.128  -0.513569
0.129  -0.510248
0.13  -0.506925
0.131  -0.503624
0.132  -0.500368
0.133  -0.497084
0.134  -0.493804
0.135  -0.490589
0.136  -0.487388
0.137  -0.484178
0.138  -0.480961
0.139  -0.477797
0.14  -0.474612
0.141  -0.471464
0.142  -0.468363
0.143  -0.46525
0.144  -0.46218
0.145  -0.459142
0.146  -0.456079
0.147  -0.453058
0.148  -0.450048
0.149  -0.447098
0.15  -0.444142
0.151  -0.441206
0.152  -0.438308
0.153  -0.435427
0.154  -0.432551
0.155  -0.429693
0.156  -0.426829
0.157  -0.424012
0.158  -0.421182
0.159  -0.418377
0.16  -0.415578
0.161  -0.41279
0.162  -0.410059
0.163  -0.40729
0.164  -0.404495
0.165  -0.401771
0.166  -0.399061
0.167  -0.396364
0.168  -0.393626
0.169  -0.390907
0.17  -0.388219
0.171  -0.385518
0.172  -0.382838
0.173  -0.380186
0.174  -0.377547
0.175  -0.374951
0.176  -0.372333
0.177  -0.369741
0.178  -0.367154
0.179  -0.36462
0.18  -0.362074
0.181  -0.359523
0.182  -0.356999
0.183  -0.354515
0.184  -0.352043
0.185  -0.349547
0.186  -0.34706
0.187  -0.344613
0.188  -0.342188
0.189  -0.339755
0.19  -0.337341
0.191  -0.334952
0.192  -0.332577
0.193  -0.330177
0.194  -0.327747
0.195  -0.32537
0.196  -0.323001
0.197  -0.320655
0.198  -0.318273
0.199  -0.31591
0.2  -0.313582
0.201  -0.311236
0.202  -0.308916
0.203  -0.306621
0.204  -0.304335
0.205  -0.302083
0.206  -0.299823
0.207  -0.297586
0.208  -0.295345
0.209  -0.29316
0.21  -0.290951
0.211  -0.288742
0.212  -0.286576
0.213  -0.284453
0.214  -0.282332
0.215  -0.280195
0.216  -0.278075
0.217  -0.275991
0.218  -0.273934
0.219  -0.271866
0.22  -0.269829
0.221  -0.267816
0.222  -0.265809
0.223  -0.263814
0.224  -0.261784
0.225  -0.259796
0.226  -0.257825
0.227  -0.255871
0.228  -0.253898
0.229  -0.251938
0.23  -0.250037
0.231  -0.248122
0.232  -0.246224
0.233  -0.244338
0.234  -0.242487
0.235  -0.240646
0.236  -0.238808
0.237  -0.236998
0.238  -0.235194
0.239  -0.233425
0.24  -0.231642
0.241  -0.229885
0.242  -0.228146
0.243  -0.226439
0.244  -0.224755
0.245  -0.223053
0.246  -0.22138
0.247  -0.219744
0.248  -0.218142
0.249  -0.216518
0.25  -0.214919
0.251  -0.213351
0.252  -0.211802
0.253  -0.210253
0.254  -0.208709
0.255  -0.207191
0.256  -0.205688
0.257  -0.204183
0.258  -0.202689
0.259  -0.201209
0.26  -0.199763
0.261  -0.198331
0.262  -0.19693
0.263  -0.195511
0.264  -0.194129
0.265  -0.192777
0.266  -0.191408
0.267  -0.190067
0.268  -0.188728
0.269  -0.187434
0.27  -0.186118
0.271  -0.184822
0.272  -0.183553
0.273  -0.182303
0.274  -0.181078
0.275  -0.179824
0.276  -0.178624
0.277  -0.177441
0.278  -0.176273
0.279  -0.175083
0.28  -0.173919
0.281  -0.172764
0.282  -0.171639
0.283  -0.170513
0.284  -0.169383
0.285  -0.168287
0.286  -0.167196
0.287  -0.166112
0.288  -0.165005
0.289  -0.163921
0.29  -0.162879
0.291  -0.161844
0.292  -0.160821
0.293  -0.159777
0.294  -0.158783
0.295  -0.157787
0.296  -0.156779
0.297  -0.155803
0.298  -0.154812
0.299  -0.153831
0.3  -0.152856
0.301  -0.151881
0.302  -0.150928
0.303  -0.149989
0.304  -0.149047
0.305  -0.148081
0.306  -0.14716
0.307  -0.146266
0.308  -0.145375
0.309  -0.144453
0.31  -0.14355
0.311  -0.142645
0.312  -0.141751
0.313  -0.140854
0.314  -0.13996
0.315  -0.13909
0.316  -0.138209
0.317  -0.137351
0.318  -0.136476
0.319  -0.135589
0.32  -0.134745
0.321  -0.133898
0.322  -0.133043
0.323  -0.13219
0.324  -0.13138
0.325  -0.130557
0.326  -0.12971
0.327  -0.128892
0.328  -0.128043
0.329  -0.127204
0.33  -0.126384
0.331  -0.125571
0.332  -0.124752
0.333  -0.123933
0.334  -0.123115
0.335  -0.122286
0.336  -0.121465
0.337  -0.120686
0.338  -0.119905
0.339  -0.119115
0.34  -0.118337
0.341  -0.117548
0.342  -0.116761
0.343  -0.115969
0.344  -0.115173
0.345  -0.114401
0.346  -0.113616
0.347  -0.112875
0.348  -0.112117
0.349  -0.111334
0.35  -0.110571
0.351  -0.10982
0.352  -0.109081
0.353  -0.108337
0.354  -0.107613
0.355  -0.106903
0.356  -0.106176
0.357  -0.105468
0.358  -0.104726
0.359  -0.103993
0.36  -0.103301
0.361  -0.102607
0.362  -0.101911
0.363  -0.101216
0.364  -0.100518
0.365  -0.0998303
0.366  -0.0991341
0.367  -0.0984787
0.368  -0.0978165
0.369  -0.0971666
0.37  -0.0965282
0.371  -0.0958636
0.372  -0.0952172
0.373  -0.0945686
0.374  -0.09393
0.375  -0.0932898
0.376  -0.0926641
0.377  -0.0920672
0.378  -0.0914599
0.379  -0.0908206
0.38  -0.0902141
0.381  -0.0896161
0.382  -0.0890415
0.383  -0.0884587
0.384  -0.0878824
0.385  -0.0873331
0.386  -0.0867655
0.387  -0.0862221
0.388  -0.0856574
0.389  -0.0851091
0.39  -0.0846071
0.391  -0.0840953
0.392  -0.0835829
0.393  -0.0830678
0.394  -0.0825509
0.395  -0.0820385
0.396  -0.0815307
0.397  -0.0810651
0.398  -0.0805978
0.399  -0.0801389
0.4  -0.0796913
0.401  -0.0792094
0.402  -0.0787661
0.403  -0.078315
0.404  -0.0778726
0.405  -0.0774261
0.406  -0.0769873
0.407  -0.0765726
0.408  -0.0761398
0.409  -0.0756805
0.41  -0.0752461
0.411  -0.0748289
0.412  -0.0744215
0.413  -0.0740157
0.414  -0.073617
0.415  -0.073244
0.416  -0.0728371
0.417  -0.0724499
0.418  -0.0720395
0.419  -0.071668
0.42  -0.0713217
0.421  -0.0709628
0.422  -0.0706156
0.423  -0.070251
0.424  -0.0698797
0.425  -0.0695236
0.426  -0.069179
0.427  -0.0688494
0.428  -0.0685282
0.429  -0.0682135
0.43  -0.0678949
0.431  -0.0675585
0.432  -0.067259
0.433  -0.0669423
0.434  -0.0666225
0.435  -0.0663142
0.436  -0.0660052
0.437  -0.0657107
0.438  -0.0653768
0.439  -0.0650433
0.44  -0.0647156
0.441  -0.0644026
0.442  -0.0641007
0.443  -0.0638114
0.444  -0.0635236
0.445  -0.0632347
0.446  -0.0629343
0.447  -0.0626374
0.448  -0.0623134
0.449  -0.0620332
0.45  -0.0617588
0.451  -0.0614562
0.452  -0.0611743
0.453  -0.0608801
0.454  -0.0605704
0.455  -0.0602812
0.456  -0.0600072
0.457  -0.0597257
0.458  -0.0594537
0.459  -0.0591856
0.46  -0.058907
0.461  -0.058619
0.462  -0.0583501
0.463  -0.0580636
0.464  -0.0577728
0.465  -0.0574986
0.466  -0.0572158
0.467  -0.056946
0.468  -0.0566434
0.469  -0.0563431
0.47  -0.0560448
0.471  -0.0557625
0.472  -0.0554818
0.473  -0.0552253
0.474  -0.0549524
0.475  -0.0546654
0.476  -0.0543951
0.477  -0.0541163
0.478  -0.0538172
0.479  -0.0535518
0.48  -0.0532784
0.481  -0.0529816
0.482  -0.052711
0.483  -0.0524377
0.484  -0.0521504
0.485  -0.0518696
0.486  -0.0516162
0.487  -0.0513475
0.488  -0.0510865
0.489  -0.0508426
0.49  -0.0505729
0.491  -0.0503179
0.492  -0.0500465
0.493  -0.0497879
0.494  -0.0495199
0.495  -0.0492685
0.496  -0.0490049
0.497  -0.0487529
0.498  -0.0484852
0.499  -0.0482366
0.5  -0.0479892
0.501  -0.047743
0.502  -0.0475005
0.503  -0.0472715
0.504  -0.0470489
0.505  -0.0467939
0.506  -0.0465661
0.507  -0.0463295
0.508  -0.0460839
0.509  -0.0458616
0.51  -0.0456125
0.511  -0.0453661
0.512  -0.0451382
0.513  -0.0449166
0.514  -0.0446734
0.515  -0.0444511
0.516  -0.0442503
0.517  -0.0440381
0.518  -0.043808
0.519  -0.0436076
0.52  -0.0433995
0.521  -0.0431943
0.522  -0.0429744
0.523  -0.0427694
0.524  -0.0425683
0.525  -0.0423681
0.526  -0.0421739
0.527  -0.0419695
0.528  -0.0417804
0.529  -0.0416123
0.53  -0.0414409
0.531  -0.0412609
0.532  -0.0410856
0.533  -0.0409258
0.534  -0.0407663
0.535  -0.0405912
0.536  -0.0404246
0.537  -0.0402839
0.538  -0.0401103
0.539  -0.0399556
0.54  -0.0397871
0.541  -0.0396339
0.542  -0.0394824
0.543  -0.0393359
0.544  -0.0391823
0.545  -0.0390368
0.546  -0.0389151
0.547  -0.0387743
0.548  -0.0386125
0.549  -0.0384789
0.55  -0.0383523
0.551  -0.0382274
0.552  -0.0380939
0.553  -0.0379713
0.554  -0.0378415
0.555  -0.0377245
0.556  -0.0376014
0.557  -0.0374743
0.558  -0.0373589
0.559  -0.0372569
0.56  -0.0371498
0.561  -0.0370355
0.562  -0.0369215
0.563  -0.0368203
0.564  -0.0367148
0.565  -0.0366097
0.566  -0.0365005
0.567  -0.036416
0.568  -0.0363171
0.569  -0.036207
0.57  -0.0360922
0.571  -0.035989
0.572  -0.0358861
0.573  -0.0357869
0.574  -0.0356912
0.575  -0.0355898
0.576  -0.0355114
0.577  -0.0354025
0.578  -0.0352909
0.579  -0.0351975
0.58  -0.0351127
0.581  -0.0350287
0.582  -0.0349419
0.583  -0.0348456
0.584  -0.0347445
0.585  -0.0346637
0.586  -0.0345685
0.587  -0.0344634
0.588  -0.0343668
0.589  -0.0342851
0.59  -0.0341818
0.591  -0.0340814
0.592  -0.0339852
0.593  -0.0338896
0.594  -0.0337869
0.595  -0.0336916
0.596  -0.033599
0.597  -0.0335025
0.598  -0.0333975
0.599  -0.0332841
0.6  -0.0331766
0.601  -0.0330588
0.602  -0.0329667
0.603  -0.0328562
0.604  -0.0327477
0.605  -0.0326515
0.606  -0.0325552
0.607  -0.0324401
0.608  -0.0323309
0.609  -0.0322312
0.61  -0.0321332
0.611  -0.0320409
0.612  -0.0319303
0.613  -0.0318254
0.614  -0.0317095
0.615  -0.0316185
0.616  -0.0315206
0.617  -0.03141
0.618  -0.0313011
0.619  -0.0311922
0.62  -0.0310869
0.621  -0.0309627
0.622  -0.0308627
0.623  -0.0307461
0.624  -0.0306197
0.625  -0.0305166
0.626  -0.0304142
0.627  -0.0302922
0.628  -0.0301877
0.629  -0.0300814
0.63  -0.02996
0.631  -0.0298378
0.632  -0.0297344
0.633  -0.0296253
0.634  -0.0294999
0.635  -0.0293977
0.636  -0.0292866
0.637  -0.0291678
0.638  -0.0290682
0.639  -0.0289558
0.64  -0.0288513
0.641  -0.0287586
0.642  -0.0286552
0.643  -0.0285556
0.644  -0.0284418
0.645  -0.0283495
0.646  -0.0282556
0.647  -0.0281534
0.648  -0.0280467
0.649  -0.0279507
0.65  -0.0278507
0.651  -0.0277514
0.652  -0.0276647
0.653  -0.0275587
0.654  -0.0274464
0.655  -0.0273632
0.656  -0.0272829
0.657  -0.0271745
0.658  -0.0270921
0.659  -0.0270085
0.66  -0.0269112
0.661  -0.0268185
0.662  -0.0267363
0.663  -0.0266594
0.664  -0.0265659
0.665  -0.0264998
0.666  -0.0264177
0.667  -0.0263246
0.668  -0.0262503
0.669  -0.0261713
0.67  -0.0260811
0.671  -0.0260064
0.672  -0.02594
0.673  -0.02587
0.674  -0.0257903
0.675  -0.0257211
0.676  -0.0256541
0.677  -0.0255884
0.678  -0.0255314
0.679  -0.0254597
0.68  -0.0253924
0.681  -0.025332
0.682  -0.0252725
0.683  -0.0252032
0.684  -0.0251317
0.685  -0.0250811
0.686  -0.0250232
0.687  -0.0249545
0.688  -0.0249131
0.689  -0.0248609
0.69  -0.0248047
0.691  -0.0247478
0.692  -0.0246942
0.693  -0.0246486
0.694  -0.0245906
0.695  -0.0245545
0.696  -0.0245009
0.697  -0.0244269
0.698  -0.0243836
0.699  -0.0243313
0.7  -0.0242661
0.701  -0.0242209
0.702  -0.0241784
0.703  -0.0241262
0.704  -0.0240656
0.705  -0.0240224
0.706  -0.0239764
0.707  -0.0239275
0.708  -0.0238921
0.709  -0.0238311
0.71  -0.0237835
0.711  -0.0237418
0.712  -0.0236988
0.713  -0.023653
0.714  -0.0236136
0.715  -0.0235766
0.716  -0.0235273
0.717  -0.0234754
0.718  -0.0234471
0.719  -0.0234048
0.72  -0.0233519
0.721  -0.0233119
0.722  -0.0232658
0.723  -0.0232205
0.724  -0.0231769
0.725  -0.0231395
0.726  -0.0230912
0.727  -0.0230295
0.728  -0.0229882
0.729  -0.0229376
0.73  -0.0228749
0.731  -0.0228171
0.732  -0.0227667
0.733  -0.0227042
0.734  -0.0226437
0.735  -0.0226057
0.736  -0.0225531
0.737  -0.0224929
0.738  -0.0224461
0.739  -0.0223793
0.74  -0.0223211
0.741  -0.0222607
0.742  -0.0222075
0.743  -0.0221494
0.744  -0.0220982
0.745  -0.0220425
0.746  -0.0219835
0.747  -0.0219132
0.748  -0.021864
0.749  -0.0218102
0.75  -0.0217533
0.751  -0.0216959
0.752  -0.0216348
0.753  -0.0215643
0.754  -0.0215079
0.755  -0.0214453
0.756  -0.0213787
0.757  -0.0213131
0.758  -0.0212509
0.759  -0.021178
0.76  -0.0211076
0.761  -0.0210367
0.762  -0.0209695
0.763  -0.0208919
0.764  -0.0208279
0.765  -0.0207704
0.766  -0.0207124
0.767  -0.0206454
0.768  -0.0205753
0.769  -0.0204951
0.77  -0.0204231
0.771  -0.0203424
0.772  -0.0202802
0.773  -0.0202013
0.774  -0.0201368
0.775  -0.0200713
0.776  -0.0200042
0.777  -0.0199293
0.778  -0.0198655
0.779  -0.0198057
0.78  -0.0197487
0.781  -0.0196778
0.782  -0.0196132
0.783  -0.0195339
0.784  -0.0194696
0.785  -0.0194026
0.786  -0.0193245
0.787  -0.0192626
0.788  -0.0191929
0.789  -0.0191235
0.79  -0.0190666
0.791  -0.019001
0.792  -0.0189418
0.793  -0.0188687
0.794  -0.0188069
0.795  -0.0187337
0.796  -0.0186745
0.797  -0.0186179
0.798  -0.0185561
0.799  -0.0184768
0.8  -0.0184132
0.801  -0.018331
0.802  -0.0182681
0.803  -0.0181962
0.804  -0.018133
0.805  -0.0180833
0.806  -0.0180276
0.807  -0.0179659
0.808  -0.017907
0.809  -0.0178451
0.81  -0.0177908
0.811  -0.0177268
0.812  -0.0176736
0.813  -0.0176131
0.814  -0.0175664
0.815  -0.0175166
0.816  -0.0174562
0.817  -0.017399
0.818  -0.01735
0.819  -0.0172997
0.82  -0.0172631
0.821  -0.0172171
0.822  -0.0171753
0.823  -0.0171209
0.824  -0.0170637
0.825  -0.017008
0.826  -0.0169645
0.827  -0.0169242
0.828  -0.016882
0.829  -0.0168256
0.83  -0.0167804
0.831  -0.0167158
0.832  -0.0166662
0.833  -0.0166117
0.834  -0.0165649
0.835  -0.0165208
0.836  -0.0164764
0.837  -0.0164215
0.838  -0.0163751
0.839  -0.0163296
0.84  -0.0162807
0.841  -0.0162234
0.842  -0.0161765
0.843  -0.0161313
0.844  -0.0160876
0.845  -0.0160392
0.846  -0.015992
0.847  -0.0159441
0.848  -0.0159033
0.849  -0.015857
0.85  -0.0158282
0.851  -0.0157833
0.852  -0.0157497
0.853  -0.0156968
0.854  -0.0156394
0.855  -0.0155834
0.856  -0.0155379
0.857  -0.0154886
0.858  -0.0154401
0.859  -0.0153923
0.86  -0.0153475
0.861  -0.0152932
0.862  -0.0152484
0.863  -0.0151889
0.864  -0.0151457
0.865  -0.0150881
0.866  -0.0150275
0.867  -0.0149605
0.868  -0.0149048
0.869  -0.0148519
0.87  -0.014794
0.871  -0.0147242
0.872  -0.0146667
0.873  -0.0146169
0.874  -0.0145639
0.875  -0.0145056
0.876  -0.0144517
0.877  -0.0143966
0.878  -0.0143434
0.879  -0.0142835
0.88  -0.014238
0.881  -0.014171
0.882  -0.0141196
0.883  -0.0140537
0.884  -0.0139869
0.885  -0.0139236
0.886  -0.0138632
0.887  -0.0138068
0.888  -0.0137392
0.889  -0.0136779
0.89  -0.0136249
0.891  -0.0135634
0.892  -0.0135103
0.893  -0.0134428
0.894  -0.0133901
0.895  -0.0133183
0.896  -0.0132449
0.897  -0.0131721
0.898  -0.0131102
0.899  -0.0130486
0.9  -0.0129857
0.901  -0.012916
0.902  -0.0128557
0.903  -0.0127943
0.904  -0.0127394
0.905  -0.0126875
0.906  -0.0126288
0.907  -0.0125729
0.908  -0.0125203
0.909  -0.0124515
0.91  -0.0123951
0.911  -0.0123259
0.912  -0.0122707
0.913  -0.0122063
0.914  -0.0121467
0.915  -0.0120902
0.916  -0.0120204
0.917  -0.0119591
0.918  -0.0118875
0.919  -0.0118262
0.92  -0.0117714
0.921  -0.011714
0.922  -0.0116677
0.923  -0.0116007
0.924  -0.0115377
0.925  -0.0114659
0.926  -0.0113917
0.927  -0.0113226
0.928  -0.0112695
0.929  -0.0112096
0.93  -0.0111426
0.931  -0.0110863
0.932  -0.0110259
0.933  -0.0109681
0.934  -0.0109112
0.935  -0.0108681
0.936  -0.0108149
0.937  -0.0107632
0.938  -0.0107129
0.939  -0.010651
0.94  -0.0105922
0.941  -0.0105286
0.942  -0.0104858
0.943  -0.0104328
0.944  -0.0103804
0.945  -0.0103403
0.946  -0.010281
0.947  -0.0102262
0.948  -0.010171
0.949  -0.0101255
0.95  -0.0100728
0.951  -0.0100231
0.952  -0.0099829
0.953  -0.00992772
0.954  -0.0098712
0.955  -0.00981637
0.956  -0.00976192
0.957  -0.0097072
0.958  -0.00966761
0.959  -0.00961387
0.96  -0.00955815
0.961  -0.00950833
0.962  -0.00945716
0.963  -0.0094091
0.964  -0.00935992
0.965  -0.00931879
0.966  -0.00926889
0.967  -0.0092253
0.968  -0.00918062
0.969  -0.00912416
0.97  -0.00908023
0.971  -0.00902973
0.972  -0.00899569
0.973  -0.00894693
0.974  -0.00890226
0.975  -0.00886265
0.976  -0.00881556
0.977  -0.00876537
0.978  -0.00872393
0.979  -0.00868752
0.98  -0.00864105
0.981  -0.0085948
0.982  -0.00856009
0.983  -0.00851329
0.984  -0.00846993
0.985  -0.0084343
0.986  -0.00839024
0.987  -0.00834183
0.988  -0.00831618
0.989  -0.00826309
0.99  -0.00821392
0.991  -0.00816984
0.992  -0.00812796
0.993  -0.00808774
0.994  -0.00804575
0.995  -0.00800315
0.996  -0.00795939
0.997  -0.0079195
0.998  -0.00787392
0.999  -0.00782386
1  -0.00778577
1.001  -0.00773188
1.002  -0.00769378
1.003  -0.00764913
1.004  -0.00760452
1.005  -0.00756453
1.006  -0.00752165
1.007  -0.00747571
1.008  -0.00744351
1.009  -0.00740534
1.01  -0.00735628
1.011  -0.00731442
1.012  -0.0072685
1.013  -0.00721948
1.014  -0.00718073
1.015  -0.00714919
1.016  -0.0071064
1.017  -0.00705996
1.018  -0.00702753
1.019  -0.00697758
1.02  -0.00693339
1.021  -0.00688982
1.022  -0.00684223
1.023  -0.00680251
1.024  -0.00676038
1.025  -0.0067182
1.026  -0.00666968
1.027  -0.00662536
1.028  -0.0065796
1.029  -0.00653883
1.03  -0.00649751
1.031  -0.00644815
1.032  -0.00641028
1.033  -0.00636567
1.034  -0.00631483
1.035  -0.00626723
1.036  -0.00622271
1.037  -0.00617697
1.038  -0.00614645
1.039  -0.00611121
1.04  -0.00606285
1.041  -0.00602556
1.042  -0.00597456
1.043  -0.00592796
1.044  -0.00588946
1.045  -0.00585119
1.046  -0.00580951
1.047  -0.00576121
1.048  -0.00572032
1.049  -0.00567719
1.05  -0.00563714
1.051  -0.00559403
1.052  -0.00555053
1.053  -0.00551656
1.054  -0.00548525
1.055  -0.00544913
1.056  -0.00540496
1.057  -0.00535562
1.058  -0.00531076
1.059  -0.00527663
1.06  -0.00523504
1.061  -0.00519265
1.062  -0.00515365
1.063  -0.00511559
1.064  -0.0050793
1.065  -0.00503808
1.066  -0.00500191
1.067  -0.00496475
1.068  -0.00493754
1.069  -0.00491586
1.07  -0.00487683
1.071  -0.00484493
1.072  -0.0048022
1.073  -0.00476007
1.074  -0.00472342
1.075  -0.00469275
1.076  -0.0046567
1.077  -0.00462553
1.078  -0.00459159
1.079  -0.00455891
1.08  -0.00452645
1.081  -0.00449533
1.082  -0.00446308
1.083  -0.004435
1.084  -0.00440847
1.085  -0.00438462
1.086  -0.00435174
1.087  -0.00431133
1.088  -0.00427388
1.089  -0.00425327
1.09  -0.00422034
1.091  -0.00419003
1.092  -0.00416344
1.093  -0.00414113
1.094  -0.00411566
1.095  -0.00409871
1.096  -0.00407315
1.097  -0.00404893
1.098  -0.00402679
1.099  -0.00401468
1.1  -0.0039838
1.101  -0.00396091
1.102  -0.00393089
1.103  -0.00390512
1.104  -0.00388277
1.105  -0.00386455
1.106  -0.00385181
1.107  -0.00382912
1.108  -0.00380584
1.109  -0.00379307
1.11  -0.00377069
1.111  -0.00375016
1.112  -0.00373033
1.113  -0.00370424
1.114  -0.00368394
1.115  -0.00367163
1.116  -0.0036552
1.117  -0.00363454
1.118  -0.00361448
1.119  -0.00360673
1.12  -0.00358422
1.121  -0.00356417
1.122  -0.00354991
1.123  -0.00353485
1.124  -0.0035091
1.125  -0.00349319
1.126  -0.00347347
1.127  -0.0034597
1.128  -0.00343907
1.129  -0.00343077
1.13  -0.00341253
1.131  -0.00339298
1.132  -0.00337614
1.133  -0.00335813
1.134  -0.00334079
1.135  -0.00332893
1.136  -0.00331678
1.137  -0.00329387
1.138  -0.00327857
1.139  -0.00326269
1.14  -0.00324329
1.141  -0.00322087
1.142  -0.00319981
1.143  -0.00317768
1.144  -0.00315903
1.145  -0.00315032
1.146  -0.00312797
1.147  -0.00310835
1.148  -0.00309186
1.149  -0.00307985
1.15  -0.00306224
1.151  -0.00304559
1.152  -0.0030299
1.153  -0.00300922
1.154  -0.00298024
1.155  -0.00296107
1.156  -0.00294029
1.157  -0.00291833
1.158  -0.00290219
1.159  -0.00288851
1.16  -0.00287362
1.161  -0.00285069
1.162  -0.00283671
1.163  -0.00281459
1.164  -0.00279075
1.165  -0.00277669
1.166  -0.00275602
1.167  -0.00272551
1.168  -0.00270659
1.169  -0.00268779
1.17  -0.00267562
1.171  -0.00265345
1.172  -0.0026333
1.173  -0.00261439
1.174  -0.00260512
1.175  -0.0025941
1.176  -0.00257744
1.177  -0.0025571
1.178  -0.00254246
1.179  -0.0025261
1.18  -0.00251386
1.181  -0.00250139
1.182  -0.00248556
1.183  -0.00246802
1.184  -0.00244171
1.185  -0.00242896
1.186  -0.00241931
1.187  -0.00240205
1.188  -0.00238917
1.189  -0.00236676
1.19  -0.00235571
1.191  -0.00233454
1.192  -0.00232247
1.193  -0.00229755
1.194  -0.00227611
1.195  -0.00226259
1.196  -0.00225093
1.197  -0.0022285
1.198  -0.00221876
1.199  -0.0022053
1.2  -0.00219929
1.201  -0.00218495
1.202  -0.00218096
1.203  -0.00217188
1.204  -0.00216829
1.205  -0.00216587
1.206  -0.00215133
1.207  -0.00213872
1.208  -0.00213916
1.209  -0.00213332
1.21  -0.00213261
1.211  -0.00213005
1.212  -0.00212878
1.213  -0.00212882
1.214  -0.00211467
1.215  -0.0021116
1.216  -0.00211257
1.217  -0.00210039
1.218  -0.0020982
1.219  -0.00208303
1.22  -0.0020825
1.221  -0.00206591
1.222  -0.00206081
1.223  -0.00204943
1.224  -0.00203768
1.225  -0.00203625
1.226  -0.00204027
1.227  -0.00202441
1.228  -0.0020197
1.229  -0.00201934
1.23  -0.00201108
1.231  -0.00200384
1.232  -0.00200347
1.233  -0.00200472
1.234  -0.00200563
1.235  -0.00201328
1.236  -0.00201367
1.237  -0.00200321
1.238  -0.00201301
1.239  -0.00201133
1.24  -0.00201652
1.241  -0.00202599
1.242  -0.00203053
1.243  -0.00203391
1.244  -0.00203107
1.245  -0.00202906
1.246  -0.00203575
1.247  -0.00203731
1.248  -0.00203155
1.249  -0.00202878
1.25  -0.00202291
1.251  -0.00201737
1.252  -0.00201392
1.253  -0.00201734
1.254  -0.00200224
1.255  -0.00200629
1.256  -0.002021
1.257  -0.00200929
1.258  -0.0020086
1.259  -0.00200886
1.26  -0.00200003
1.261  -0.00199673
1.262  -0.00199847
1.263  -0.00200121
1.264  -0.00199718
1.265  -0.00200449
1.266  -0.00200353
1.267  -0.00199931
1.268  -0.00200686
1.269  -0.00201862
1.27  -0.00201494
1.271  -0.00202475
1.272  -0.00201841
1.273  -0.00202636
1.274  -0.00202432
1.275  -0.00201347
1.276  -0.00202049
1.277  -0.00202201
1.278  -0.00201797
1.279  -0.00201654
1.28  -0.00201084
1.281  -0.00200495
1.282  -0.00199583
1.283  -0.002
1.284  -0.00198498
1.285  -0.00198281
1.286  -0.0019942
1.287  -0.00198302
1.288  -0.00197342
1.289  -0.0019727
1.29  -0.00195653
1.291  -0.00194672
1.292  -0.00194208
1.293  -0.0019409
1.294  -0.00194198
1.295  -0.00194312
1.296  -0.0019348
1.297  -0.00192839
1.298  -0.00193377
1.299  -0.0019374
1.3  -0.0019269
1.301  -0.00192657
1.302  -0.00191947
1.303  -0.00192547
1.304  -0.00192279
1.305  -0.00190972
1.306  -0.00191393
1.307  -0.00191187
1.308  -0.00190683
1.309  -0.00191379
1.31  -0.00191254
1.311  -0.00190806
1.312  -0.00189755
1.313  -0.00189285
1.314  -0.00187076
1.315  -0.00186831
1.316  -0.00187176
1.317  -0.00186188
1.318  -0.00185152
1.319  -0.0018509
1.32  -0.00185096
1.321  -0.00184434
1.322  -0.00183806
1.323  -0.00183497
1.324  -0.00183462
1.325  -0.00182824
1.326  -0.00181989
1.327  -0.00181587
1.328  -0.00181625
1.329  -0.00181067
1.33  -0.00180364
1.331  -0.00180409
1.332  -0.00180672
1.333  -0.00181444
1.334  -0.00181763
1.335  -0.0018139
1.336  -0.00181794
1.337  -0.00181884
1.338  -0.00182226
1.339  -0.00182233
1.34  -0.00182104
1.341  -0.00181597
1.342  -0.00180167
1.343  -0.00179411
1.344  -0.00179223
1.345  -0.00179876
1.346  -0.00180319
1.347  -0.00179825
1.348  -0.0017988
1.349  -0.00180442
1.35  -0.00180496
1.351  -0.00179553
1.352  -0.00180077
1.353  -0.00180356
1.354  -0.00180326
1.355  -0.00180374
1.356  -0.00180878
1.357  -0.0018055
1.358  -0.00180974
1.359  -0.00181622
1.36  -0.00181804
1.361  -0.00182687
1.362  -0.00183849
1.363  -0.00183916
1.364  -0.00184401
1.365  -0.00183497
1.366  -0.00183987
1.367  -0.00184504
1.368  -0.00185055
1.369  -0.00185597
1.37  -0.00186828
1.371  -0.00187253
1.372  -0.00186688
1.373  -0.00186163
1.374  -0.00186467
1.375  -0.0018694
1.376  -0.00187545
1.377  -0.00188161
1.378  -0.00187686
1.379  -0.00188477
1.38  -0.00189221
1.381  -0.00189161
1.382  -0.00189476
1.383  -0.00189773
1.384  -0.00190652
1.385  -0.00190969
1.386  -0.00192521
1.387  -0.00192158
1.388  -0.00193363
1.389  -0.00193557
1.39  -0.00193212
1.391  -0.00193433
1.392  -0.00195711
1.393  -0.00195436
1.394  -0.00195755
1.395  -0.00195568
1.396  -0.00195645
1.397  -0.00196433
1.398  -0.00197722
1.399  -0.00198657
1.4  -0.0019949
1.401  -0.00199862
1.402  -0.0020014
1.403  -0.0020057
1.404  -0.00201877
1.405  -0.00201941
1.406  -0.00201989
1.407  -0.00201525
1.408  -0.00201073
1.409  -0.00202179
1.41  -0.00203173
1.411  -0.00202977
1.412  -0.0020395
1.413  -0.00204709
1.414  -0.00205554
1.415  -0.00206078
1.416  -0.00207171
1.417  -0.00206299
1.418  -0.00206405
1.419  -0.00207261
1.42  -0.00207189
1.421  -0.00206977
1.422  -0.0020864
1.423  -0.00207341
1.424  -0.00207822
1.425  -0.00208449
1.426  -0.00208547
1.427  -0.00209947
1.428  -0.00210152
1.429  -0.0021089
1.43  -0.00211053
1.431  -0.00210764
1.432  -0.00210053
1.433  -0.00210489
1.434  -0.0021076
1.435  -0.00210362
1.436  -0.00210843
1.437  -0.00211641
1.438  -0.00209902
1.439  -0.00211648
1.44  -0.00213237
1.441  -0.00212278
1.442  -0.00213291
1.443  -0.002134
1.444  -0.00213412
1.445  -0.00214024
1.446  -0.00213795
1.447  -0.0021429
1.448  -0.00213247
1.449  -0.00213508
1.45  -0.00211644
1.451  -0.00211993
1.452  -0.00212974
1.453  -0.00212122
1.454  -0.00213527
1.455  -0.00213609
1.456  -0.00211722
1.457  -0.00213324
1.458  -0.00212711
1.459  -0.00212328
1.46  -0.00213306
1.461  -0.00213488
1.462  -0.0021266
1.463  -0.00213739
1.464  -0.00214603
1.465  -0.00214845
1.466  -0.00215259
1.467  -0.00215835
1.468  -0.00216166
1.469  -0.00219863
1.47  -0.0022201
1.471  -0.00221261
1.472  -0.00223089
1.473  -0.00222921
1.474  -0.00224355
1.475  -0.00226451
1.476  -0.0022658
1.477  -0.00227477
1.478  -0.00228461
1.479  -0.00229515
1.48  -0.00228654
1.481  -0.00229178
1.482  -0.00230472
1.483  -0.00230514
1.484  -0.00232092
1.485  -0.00231471
1.486  -0.00232479
1.487  -0.00233453
1.488  -0.00232976
1.489  -0.00232732
1.49  -0.00234439
1.491  -0.00235591
1.492  -0.00236431
1.493  -0.00236204
1.494  -0.00235829
1.495  -0.00235938
1.496  -0.00237396
1.497  -0.00237634
1.498  -0.00237642
1.499  -0.002402
1.5  -0.00241165
1.501  -0.00241823
1.502  -0.00243621
1.503  -0.00243685
1.504  -0.00245287
1.505  -0.00246918
1.506  -0.00247394
1.507  -0.00248218
1.508  -0.00250576
1.509  -0.00250749
1.51  -0.00249914
1.511  -0.00250461
1.512  -0.00252451
1.513  -0.0025453
1.514  -0.00256737
1.515  -0.00254823
1.516  -0.00255817
1.517  -0.00256682
1.518  -0.00257509
1.519  -0.002593
1.52  -0.00257068
1.521  -0.00254167
1.522  -0.00252525
1.523  -0.0025086
1.524  -0.00248481
1.525  -0.00246732
1.526  -0.00245132
1.527  -0.00241084
1.528  -0.00239368
1.529  -0.00238045
1.53  -0.00235995
1.531  -0.00233073
1.532  -0.00230446
1.533  -0.00227914
1.534  -0.00227611
1.535  -0.00224966
1.536  -0.0022279
1.537  -0.0022005
1.538  -0.00217311
1.539  -0.00217311
1.54  -0.00217311
1.541  -0.00217311
1.542  -0.00217311
1.543  -0.00217311
1.544  -0.00217311
1.545  -0.00217311
1.546  -0.00217311
1.547  -0.00217311
1.548  -0.00217311
1.549  -0.00217311
1.55  -0.00217311
1.551  -0.00217311
1.552  -0.00217311
1.553  -0.00217311
1.554  -0.00217311
1.555  -0.00217311
1.556  -0.00217311
1.557  -0.00217311
1.558  -0.00217311
1.559  -0.00217311
1.56  -0.00217311
1.561  -0.00217311
1.562  -0.00217311
1.563  -0.00217311
1.564  -0.00217311
1.565  -0.00217311
1.566  -0.00217311
1.567  -0.00217311
1.568  -0.00217311
1.569  -0.00217311
1.57  -0.00217311
1.571  -0.00217311
1.572  -0.00217311
1.573  -0.00217311
1.574  -0.00217311
1.575  -0.00217311
1.576  -0.00217311
1.577  -0.00217311
1.578  -0.00217311
1.579  -0.00217311
1.58  -0.00217311
1.581  -0.00217311
1.582  -0.00217311
1.583  -0.00217311
1.584  -0.00217311
1.585  -0.00217311
1.586  -0.00217311
1.587  -0.00217311
1.588  -0.00217311
1.589  -0.00217311
1.59  -0.00217311
1.591  -0.00217311
1.592  -0.00217311
1.593  -0.00217311
1.594  -0.00217311
1.595  -0.00217311
1.596  -0.00217311
1.597  -0.00217311
1.598  -0.00217311
1.599  -0.00217311
1.6  -0.00217311
1.601  -0.00217311
1.602  -0.00217311
1.603  -0.00217311
1.604  -0.00217311
1.605  -0.00217311
1.606  -0.00217311
1.607  -0.00217311
1.608  -0.00217311
1.609  -0.00217311
1.61  -0.00217311
1.611  -0.00217311
1.612  -0.00217311
1.613  -0.00217311
1.614  -0.00217311
1.615  -0.00217311
1.616  -0.00217311
1.617  -0.00217311
1.618  -0.00217311
1.619  -0.00217311
1.62  -0.00217311
1.621  -0.00217311
1.622  -0.00217311
1.623  -0.00217311
1.624  -0.00217311
1.625  -0.00217311
1.626  -0.00217311
1.627  -0.00217311
1.628  -0.00217311
1.629  -0.00217311
1.63  -0.00217311
1.631  -0.00217311
1.632  -0.00217311
1.633  -0.00217311
1.634  -0.00217311
1.635  -0.00217311
1.636  -0.00217311
1.637  -0.00217311
1.638  -0.00217311
1.639  -0.00217311
1.64  -0.00217311
1.641  -0.00217311
1.642  -0.00217311
1.643  -0.00217311
1.644  -0.00217311
1.645  -0.00217311
1.646  -0.00217311
1.647  -0.00217311
1.648  -0.00217311
1.649  -0.00217311
1.65  -0.00217311
1.651  -0.00217311
1.652  -0.00217311
1.653  -0.00217311
1.654  -0.00217311
1.655  -0.00217311
1.656  -0.00217311
1.657  -0.00217311
1.658  -0.00217311
1.659  -0.00217311
1.66  -0.00217311
1.661  -0.00217311
1.662  -0.00217311
1.663  -0.00217311
1.664  -0.00217311
1.665  -0.00217311
1.666  -0.00217311
1.667  -0.00217311
1.668  -0.00217311
1.669  -0.00217311
1.67  -0.00217311
1.671  -0.00217311
1.672  -0.00217311
1.673  -0.00217311
1.674  -0.00217311
1.675  -0.00217311
1.676  -0.00217311
1.677  -0.00217311
1.678  -0.00217311
1.679  -0.00217311
1.68  -0.00217311
1.681  -0.00217311
1.682  -0.00217311
1.683  -0.00217311
1.684  -0.00217311
1.685  -0.00217311
1.686  -0.00217311
1.687  -0.00217311
1.688  -0.00217311
1.689  -0.00217311
1.69  -0.00217311
1.691  -0.00217311
1.692  -0.00217311
1.693  -0.00217311
1.694  -0.00217311
1.695  -0.00217311
1.696  -0.00217311
1.697  -0.00217311
1.698  -0.00217311
1.699  -0.00217311
1.7  -0.00217311
1.701  -0.00217311
1.702  -0.00217311
1.703  -0.00217311
1.704  -0.00217311
1.705  -0.00217311
1.706  -0.00217311
1.707  -0.00217311
1.708  -0.00217311
1.709  -0.00217311
1.71  -0.00217311
1.711  -0.00217311
1.712  -0.00217311
1.713  -0.00217311
1.714  -0.00217311
1.715  -0.00217311
1.716  -0.00217311
1.717  -0.00217311
1.718  -0.00217311
1.719  -0.00217311
1.72  -0.00217311
1.721  -0.00217311
1.722  -0.00217311
1.723  -0.00217311
1.724  -0.00217311
1.725  -0.00217311
1.726  -0.00217311
1.727  -0.00217311
1.728  -0.00217311
1.729  -0.00217311
1.73  -0.00217311
1.731  -0.00217311
1.732  -0.00217311
1.733  -0.00217311
1.734  -0.00217311
1.735  -0.00217311
1.736  -0.00217311
1.737  -0.00217311
1.738  -0.00217311
1.739  -0.00217311
1.74  -0.00217311
1.741  -0.00217311
1.742  -0.00217311
1.743  -0.00217311
1.744  -0.00217311
1.745  -0.00217311
1.746  -0.00217311
1.747  -0.00217311
1.748  -0.00217311
1.749  -0.00217311
1.75  -0.00217311
1.751  -0.00217311
1.752  -0.00217311
1.753  -0.00217311
1.754  -0.00217311
1.755  -0.00217311
1.756  -0.00217311
1.757  -0.00217311
1.758  -0.00217311
1.759  -0.00217311
1.76  -0.00217311
1.761  -0.00217311
1.762  -0.00217311
1.763  -0.00217311
1.764  -0.00217311
1.765  -0.00217311
1.766  -0.00217311
1.767  -0.00217311
1.768  -0.00217311
1.769  -0.00217311
1.77  -0.00217311
1.771  -0.00217311
1.772  -0.00217311
1.773  -0.00217311
1.774  -0.00217311
1.775  -0.00217311
1.776  -0.00217311
1.777  -0.00217311
1.778  -0.00217311
1.779  -0.00217311
1.78  -0.00217311
1.781  -0.00217311
1.782  -0.00217311
1.783  -0.00217311
1.784  -0.00217311
1.785  -0.00217311
1.786  -0.00217311
1.787  -0.00217311
1.788  -0.00217311
1.789  -0.00217311
1.79  -0.00217311
1.791  -0.00217311
1.792  -0.00217311
1.793  -0.00217311
1.794  -0.00217311
1.795  -0.00217311
1.796  -0.00217311
1.797  -0.00217311
1.798  -0.00217311
1.799  -0.00217311
1.8  -0.00217311
1.801  -0.00217311
1.802  -0.00217311
1.803  -0.00217311
1.804  -0.00217311
1.805  -0.00217311
1.806  -0.00217311
1.807  -0.00217311
1.808  -0.00217311
1.809  -0.00217311
1.81  -0.00217311
1.811  -0.00217311
1.812  -0.00217311
1.813  -0.00217311
1.814  -0.00217311
1.815  -0.00217311
1.816  -0.00217311
1.817  -0.00217311
1.818  -0.00217311
1.819  -0.00217311
1.82  -0.00217311
1.821  -0.00217311
1.822  -0.00217311
1.823  -0.00217311
1.824  -0.00217311
1.825  -0.00217311
1.826  -0.00217311
1.827  -0.00217311
1.828  -0.00217311
1.829  -0.00217311
1.83  -0.00217311
1.831  -0.00217311
1.832  -0.00217311
1.833  -0.00217311
1.834  -0.00217311
1.835  -0.00217311
1.836  -0.00217311
1.837  -0.00217311
1.838  -0.00217311
1.839  -0.00217311
1.84  -0.00217311
1.841  -0.00217311
1.842  -0.00217311
1.843  -0.00217311
1.844  -0.00217311
1.845  -0.00217311
1.846  -0.00217311
1.847  -0.00217311
1.848  -0.00217311
1.849  -0.00217311
1.85  -0.00217311
1.851  -0.00217311
1.852  -0.00217311
1.853  -0.00217311
1.854  -0.00217311
1.855  -0.00217311
1.856  -0.00217311
1.857  -0.00217311
1.858  -0.00217311
1.859  -0.00217311
1.86  -0.00217311
1.861  -0.00217311
1.862  -0.00217311
1.863  -0.00217311
1.864  -0.00217311
1.865  -0.00217311
1.866  -0.00217311
1.867  -0.00217311
1.868  -0.00217311
1.869  -0.00217311
1.87  -0.00217311
1.871  -0.00217311
1.872  -0.00217311
1.873  -0.00217311
1.874  -0.00217311
1.875  -0.00217311
1.876  -0.00217311
1.877  -0.00217311
1.878  -0.00217311
1.879  -0.00217311
1.88  -0.00217311
1.881  -0.00217311
1.882  -0.00217311
1.883  -0.00217311
1.884  -0.00217311
1.885  -0.00217311
1.886  -0.00217311
1.887  -0.00217311
1.888  -0.00217311
1.889  -0.00217311
1.89  -0.00217311
1.891  -0.00217311
1.892  -0.00217311
1.893  -0.00217311
1.894  -0.00217311
1.895  -0.00217311
1.896  -0.00217311
1.897  -0.00217311
1.898  -0.00217311
1.899  -0.00217311
1.9  -0.00217311
1.901  -0.00217311
1.902  -0.00217311
1.903  -0.00217311
1.904  -0.00217311
1.905  -0.00217311
1.906  -0.00217311
1.907  -0.00217311
1.908  -0.00217311
1.909  -0.00217311
1.91  -0.00217311
1.911  -0.00217311
1.912  -0.00217311
1.913  -0.00217311
1.914  -0.00217311
1.915  -0.00217311
1.916  -0.00217311
1.917  -0.00217311
1.918  -0.00217311
1.919  -0.00217311
1.92  -0.00217311
1.921  -0.00217311
1.922  -0.00217311
1.923  -0.00217311
1.924  -0.00217311
1.925  -0.00217311
1.926  -0.00217311
1.927  -0.00217311
1.928  -0.00217311
1.929  -0.00217311
1.93  -0.00217311
1.931  -0.00217311
1.932  -0.00217311
1.933  -0.00217311
1.934  -0.00217311
1.935  -0.00217311
1.936  -0.00217311
1.937  -0.00217311
1.938  -0.00217311
1.939  -0.00217311
1.94  -0.00217311
1.941  -0.00217311
1.942  -0.00217311
1.943  -0.00217311
1.944  -0.00217311
1.945  -0.00217311
1.946  -0.00217311
1.947  -0.00217311
1.948  -0.00217311
1.949  -0.00217311
1.95  -0.00217311
1.951  -0.00217311
1.952  -0.00217311
1.953  -0.00217311
1.954  -0.00217311
1.955  -0.00217311
1.956  -0.00217311
1.957  -0.00217311
1.958  -0.00217311
1.959  -0.00217311
1.96  -0.00217311
1.961  -0.00217311
1.962  -0.00217311
1.963  -0.00217311
1.964  -0.00217311
1.965  -0.00217311
1.966  -0.00217311
1.967  -0.00217311
1.968  -0.00217311
1.969  -0.00217311
1.97  -0.00217311
1.971  -0.00217311
1.972  -0.00217311
1.973  -0.00217311
1.974  -0.00217311
1.975  -0.00217311
1.976  -0.00217311
1.977  -0.00217311
1.978  -0.00217311
1.979  -0.00217311
1.98  -0.00217311
1.981  -0.00217311
1.982  -0.00217311
1.983  -0.00217311
1.984  -0.00217311
1.985  -0.00217311
1.986  -0.00217311
1.987  -0.00217311
1.988  -0.00217311
1.989  -0.00217311
1.99  -0.00217311
1.991  -0.00217311
1.992  -0.00217311
1.993  -0.00217311
1.994  -0.00217311
1.995  -0.00217311
1.996  -0.00217311
1.997  -0.00217311
1.998  -0.00217311
1.999  -0.00217311
2  -0.00217311
2.001  -0.00217311
2.002  -0.00217311
2.003  -0.00217311
2.004  -0.00217311
2.005  -0.00217311
2.006  -0.00217311
2.007  -0.00217311
2.008  -0.00217311
2.009  -0.00217311
2.01  -0.00217311
2.011  -0.00217311
2.012  -0.00217311
2.013  -0.00217311
2.014  -0.00217311
2.015  -0.00217311
2.016  -0.00217311
2.017  -0.00217311
2.018  -0.00217311
2.019  -0.00217311
2.02  -0.00217311
2.021  -0.00217311
2.022  -0.00217311
2.023  -0.00217311
2.024  -0.00217311
2.025  -0.00217311
2.026  -0.00217311
2.027  -0.00217311
2.028  -0.00217311
2.029  -0.00217311
2.03  -0.00217311
2.031  -0.00217311
2.032  -0.00217311
2.033  -0.00217311
2.034  -0.00217311
2.035  -0.00217311
2.036  -0.00217311
2.037  -0.00217311
2.038  -0.00217311
2.039  -0.00217311
2.04  -0.00217311
2.041  -0.00217311
2.042  -0.00217311
2.043  -0.00217311
2.044  -0.00217311
2.045  -0.00217311
2.046  -0.00217311
2.047  -0.00217311
2.048  -0.00217311
2.049  -0.00217311
2.05  -0.00217311
2.051  -0.00217311
2.052  -0.00217311
2.053  -0.00217311
2.054  -0.00217311
2.055  -0.00217311
2.056  -0.00217311
2.057  -0.00217311
2.058  -0.00217311
2.059  -0.00217311
2.06  -0.00217311
2.061  -0.00217311
2.062  -0.00217311
2.063  -0.00217311
2.064  -0.00217311
2.065  -0.00217311
2.066  -0.00217311
2.067  -0.00217311
2.068  -0.00217311
2.069  -0.00217311
2.07  -0.00217311
2.071  -0.00217311
2.072  -0.00217311
2.073  -0.00217311
2.074  -0.00217311
2.075  -0.00217311
2.076  -0.00217311
2.077  -0.00217311
2.078  -0.00217311
2.079  -0.00217311
2.08  -0.00217311
2.081  -0.00217311
2.082  -0.00217311
2.083  -0.00217311
2.084  -0.00217311
2.085  -0.00217311
2.086  -0.00217311
2.087  -0.00217311
2.088  -0.00217311
2.089  -0.00217311
2.09  -0.00217311
2.091  -0.00217311
2.092  -0.00217311
2.093  -0.00217311
2.094  -0.00217311
2.095  -0.00217311
2.096  -0.00217311
2.097  -0.00217311
2.098  -0.00217311
2.099  -0.00217311
2.1  -0.00217311
2.101  -0.00217311
2.102  -0.00217311
2.103  -0.00217311
2.104  -0.00217311
2.105  -0.00217311
2.106  -0.00217311
2.107  -0.00217311
2.108  -0.00217311
2.109  -0.00217311
2.11  -0.00217311
2.111  -0.00217311
2.112  -0.00217311
2.113  -0.00217311
2.114  -0.00217311
2.115  -0.00217311
2.116  -0.00217311
2.117  -0.00217311
2.118  -0.00217311
2.119  -0.00217311
2.12  -0.00217311
2.121  -0.00217311
2.122  -0.00217311
2.123  -0.00217311
2.124  -0.00217311
2.125  -0.00217311
2.126  -0.00217311
2.127  -0.00217311
2.128  -0.00217311
2.129  -0.00217311
2.13  -0.00217311
2.131  -0.00217311
2.132  -0.00217311
2.133  -0.00217311
2.134  -0.00217311
2.135  -0.00217311
2.136  -0.00217311
2.137  -0.00217311
2.138  -0.00217311
2.139  -0.00217311
2.14  -0.00217311
2.141  -0.00217311
2.142  -0.00217311
2.143  -0.00217311
2.144  -0.00217311
2.145  -0.00217311
2.146  -0.00217311
2.147  -0.00217311
2.148  -0.00217311
2.149  -0.00217311
2.15  -0.00217311
2.151  -0.00217311
2.152  -0.00217311
2.153  -0.00217311
2.154  -0.00217311
2.155  -0.00217311
2.156  -0.00217311
2.157  -0.00217311
2.158  -0.00217311
2.159  -0.00217311
2.16  -0.00217311
2.161  -0.00217311
2.162  -0.00217311
2.163  -0.00217311
2.164  -0.00217311
2.165  -0.00217311
2.166  -0.00217311
2.167  -0.00217311
2.168  -0.00217311
2.169  -0.00217311
2.17  -0.00217311
2.171  -0.00217311
2.172  -0.00217311
2.173  -0.00217311
2.174  -0.00217311
2.175  -0.00217311
2.176  -0.00217311
2.177  -0.00217311
2.178  -0.00217311
2.179  -0.00217311
2.18  -0.00217311
2.181  -0.00217311
2.182  -0.00217311
2.183  -0.00217311
2.184  -0.00217311
2.185  -0.00217311
2.186  -0.00217311
2.187  -0.00217311
2.188  -0.00217311
2.189  -0.00217311
2.19  -0.00217311
2.191  -0.00217311
2.192  -0.00217311
2.193  -0.00217311
2.194  -0.00217311
2.195  -0.00217311
2.196  -0.00217311
2.197  -0.00217311
2.198  -0.00217311
2.199  -0.00217311
2.2  -0.00217311
2.201  -0.00217311
2.202  -0.00217311
2.203  -0.00217311
2.204  -0.00217311
2.205  -0.00217311
2.206  -0.00217311
2.207  -0.00217311
2.208  -0.00217311
2.209  -0.00217311
2.21  -0.00217311
2.211  -0.00217311
2.212  -0.00217311
2.213  -0.00217311
2.214  -0.00217311
2.215  -0.00217311
2.216  -0.00217311
2.217  -0.00217311
2.218  -0.00217311
2.219  -0.00217311
2.22  -0.00217311
2.221  -0.00217311
2.222  -0.00217311
2.223  -0.00217311
2.224  -0.00217311
2.225  -0.00217311
2.226  -0.00217311
2.227  -0.00217311
2.228  -0.00217311
2.229  -0.00217311
2.23  -0.00217311
2.231  -0.00217311
2.232  -0.00217311
2.233  -0.00217311
2.234  -0.00217311
2.235  -0.00217311
2.236  -0.00217311
2.237  -0.00217311
2.238  -0.00217311
2.239  -0.00217311
2.24  -0.00217311
2.241  -0.00217311
2.242  -0.00217311
2.243  -0.00217311
2.244  -0.00217311
2.245  -0.00217311
2.246  -0.00217311
2.247  -0.00217311
2.248  -0.00217311
2.249  -0.00217311
2.25  -0.00217311
2.251  -0.00217311
2.252  -0.00217311
2.253  -0.00217311
2.254  -0.00217311
2.255  -0.00217311
2.256  -0.00217311
2.257  -0.00217311
2.258  -0.00217311
2.259  -0.00217311
2.26  -0.00217311
2.261  -0.00217311
2.262  -0.00217311
2.263  -0.00217311
2.264  -0.00217311
2.265  -0.00217311
2.266  -0.00217311
2.267  -0.00217311
2.268  -0.00217311
2.269  -0.00217311
2.27  -0.00217311
2.271  -0.00217311
2.272  -0.00217311
2.273  -0.00217311
2.274  -0.00217311
2.275  -0.00217311
2.276  -0.00217311
2.277  -0.00217311
2.278  -0.00217311
2.279  -0.00217311
2.28  -0.00217311
2.281  -0.00217311
2.282  -0.00217311
2.283  -0.00217311
2.284  -0.00217311
2.285  -0.00217311
2.286  -0.00217311
2.287  -0.00217311
2.288  -0.00217311
2.289  -0.00217311
2.29  -0.00217311
2.291  -0.00217311
2.292  -0.00217311
2.293  -0.00217311
2.294  -0.00217311
2.295  -0.00217311
2.296  -0.00217311
2.297  -0.00217311
2.298  -0.00217311
2.299  -0.00217311
2.3  -0.00217311
2.301  -0.00217311
2.302  -0.00217311
2.303  -0.00217311
2.304  -0.00217311
2.305  -0.00217311
2.306  -0.00217311
2.307  -0.00217311
2.308  -0.00217311
2.309  -0.00217311
2.31  -0.00217311
2.311  -0.00217311
2.312  -0.00217311
2.313  -0.00217311
2.314  -0.00217311
2.315  -0.00217311
2.316  -0.00217311
2.317  -0.00217311
2.318  -0.00217311
2.319  -0.00217311
2.32  -0.00217311
2.321  -0.00217311
2.322  -0.00217311
2.323  -0.00217311
2.324  -0.00217311
2.325  -0.00217311
2.326  -0.00217311
2.327  -0.00217311
2.328  -0.00217311
2.329  -0.00217311
2.33  -0.00217311
2.331  -0.00217311
2.332  -0.00217311
2.333  -0.00217311
2.334  -0.00217311
2.335  -0.00217311
2.336  -0.00217311
2.337  -0.00217311
2.338  -0.00217311
2.339  -0.00217311
2.34  -0.00217311
2.341  -0.00217311
2.342  -0.00217311
2.343  -0.00217311
2.344  -0.00217311
2.345  -0.00217311
2.346  -0.00217311
2.347  -0.00217311
2.348  -0.00217311
2.349  -0.00217311
2.35  -0.00217311
2.351  -0.00217311
2.352  -0.00217311
2.353  -0.00217311
2.354  -0.00217311
2.355  -0.00217311
2.356  -0.00217311
2.357  -0.00217311
2.358  -0.00217311
2.359  -0.00217311
2.36  -0.00217311
2.361  -0.00217311
2.362  -0.00217311
2.363  -0.00217311
2.364  -0.00217311
2.365  -0.00217311
2.366  -0.00217311
2.367  -0.00217311
2.368  -0.00217311
2.369  -0.00217311
2.37  -0.00217311
2.371  -0.00217311
2.372  -0.00217311
2.373  -0.00217311
2.374  -0.00217311
2.375  -0.00217311
2.376  -0.00217311
2.377  -0.00217311
2.378  -0.00217311
2.379  -0.00217311
2.38  -0.00217311
2.381  -0.00217311
2.382  -0.00217311
2.383  -0.00217311
2.384  -0.00217311
2.385  -0.00217311
2.386  -0.00217311
2.387  -0.00217311
2.388  -0.00217311
2.389  -0.00217311
2.39  -0.00217311
2.391  -0.00217311
2.392  -0.00217311
2.393  -0.00217311
2.394  -0.00217311
2.395  -0.00217311
2.396  -0.00217311
2.397  -0.00217311
2.398  -0.00217311
2.399  -0.00217311
2.4  -0.00217311
2.401  -0.00217311
2.402  -0.00217311
2.403  -0.00217311
2.404  -0.00217311
2.405  -0.00217311
2.406  -0.00217311
2.407  -0.00217311
2.408  -0.00217311
2.409  -0.00217311
2.41  -0.00217311
2.411  -0.00217311
2.412  -0.00217311
2.413  -0.00217311
2.414  -0.00217311
2.415  -0.00217311
2.416  -0.00217311
2.417  -0.00217311
2.418  -0.00217311
2.419  -0.00217311
2.42  -0.00217311
2.421  -0.00217311
2.422  -0.00217311
2.423  -0.00217311
2.424  -0.00217311
2.425  -0.00217311
2.426  -0.00217311
2.427  -0.00217311
2.428  -0.00217311
2.429  -0.00217311
2.43  -0.00217311
2.431  -0.00217311
2.432  -0.00217311
2.433  -0.00217311
2.434  -0.00217311
2.435  -0.00217311
2.436  -0.00217311
2.437  -0.00217311
2.438  -0.00217311
2.439  -0.00217311
2.44  -0.00217311
2.441  -0.00217311
2.442  -0.00217311
2.443  -0.00217311
2.444  -0.00217311
2.445  -0.00217311
2.446  -0.00217311
2.447  -0.00217311
2.448  -0.00217311
2.449  -0.00217311
2.45  -0.00217311
2.451  -0.00217311
2.452  -0.00217311
2.453  -0.00217311
2.454  -0.00217311
2.455  -0.00217311
2.456  -0.00217311
2.457  -0.00217311
2.458  -0.00217311
2.459  -0.00217311
2.46  -0.00217311
2.461  -0.00217311
2.462  -0.00217311
2.463  -0.00217311
2.464  -0.00217311
2.465  -0.00217311
2.466  -0.00217311
2.467  -0.00217311
2.468  -0.00217311
2.469  -0.00217311
2.47  -0.00217311
2.471  -0.00217311
2.472  -0.00217311
2.473  -0.00217311
2.474  -0.00217311
2.475  -0.00217311
2.476  -0.00217311
2.477  -0.00217311
2.478  -0.00217311
2.479  -0.00217311
2.48  -0.00217311
2.481  -0.00217311
2.482  -0.00217311
2.483  -0.00217311
2.484  -0.00217311
2.485  -0.00217311
2.486  -0.00217311
2.487  -0.00217311
2.488  -0.00217311
2.489  -0.00217311
2.49  -0.00217311
2.491  -0.00217311
2.492  -0.00217311
2.493  -0.00217311
2.494  -0.00217311
2.495  -0.00217311
2.496  -0.00217311
2.497  -0.00217311
2.498  -0.00217311
2.499  -0.00217311
