-1.5  0
-1.499  0
-1.498  0
-1.497  0
-1.496  0
-1.495  0
-1.494  0
-1.493  0
-1.492  0
-1.491  0
-1.49  0
-1.489  0
-1.488  0
-1.487  0
-1.486  0
-1.485  0
-1.484  0
-1.483  0
-1.482  0
-1.481  0
-1.48  0
-1.479  0
-1.478  0
-1.477  0
-1.476  0
-1.475  0
-1.474  0
-1.473  0
-1.472  0
-1.471  0
-1.47  0
-1.469  0
-1.468  0
-1.467  0
-1.466  0
-1.465  0
-1.464  0
-1.463  0
-1.462  0
-1.461  0
-1.46  0
-1.459  0
-1.458  0
-1.457  0
-1.456  0
-1.455  0
-1.454  0
-1.453  0
-1.452  0
-1.451  0
-1.45  0
-1.449  0
-1.448  0
-1.447  0
-1.446  0
-1.445  0
-1.444  0
-1.443  0
-1.442  0
-1.441  0
-1.44  0
-1.439  0
-1.438  0
-1.437  0
-1.436  0
-1.435  0
-1.434  0
-1.433  0
-1.432  0
-1.431  0
-1.43  0
-1.429  0
-1.428  0
-1.427  0
-1.426  0
-1.425  0
-1.424  0
-1.423  0
-1.422  0
-1.421  0
-1.42  0
-1.419  0
-1.418  0
-1.417  0
-1.416  0
-1.415  0
-1.414  0
-1.413  0
-1.412  0
-1.411  0
-1.41  0
-1.409  0
-1.408  0
-1.407  0
-1.406  0
-1.405  0
-1.404  0
-1.403  0
-1.402  0
-1.401  0
-1.4  0
-1.399  0
-1.398  0
-1.397  0
-1.396  0
-1.395  0
-1.394  0
-1.393  0
-1.392  0
-1.391  0
-1.39  0
-1.389  0
-1.388  0
-1.387  0
-1.386  0
-1.385  0
-1.384  0
-1.383  0
-1.382  0
-1.381  0
-1.38  0
-1.379  0
-1.378  0
-1.377  0
-1.376  0
-1.375  0
-1.374  0
-1.373  0
-1.372  0
-1.371  0
-1.37  0
-1.369  0
-1.368  0
-1.367  0
-1.366  0
-1.365  0
-1.364  0
-1.363  0
-1.362  0
-1.361  0
-1.36  0
-1.359  0
-1.358  0
-1.357  0
-1.356  0
-1.355  0
-1.354  0
-1.353  0
-1.352  0
-1.351  0
-1.35  0
-1.349  0
-1.348  0
-1.347  0
-1.346  0
-1.345  0
-1.344  0
-1.343  0
-1.342  0
-1.341  0
-1.34  0
-1.339  0
-1.338  0
-1.337  0
-1.336  3.50298e-06
-1.335  -9.09988e-07
-1.334  -7.76071e-06
-1.333  -1.01824e-05
-1.332  -1.23252e-05
-1.331  -6.6742e-06
-1.33  -1.28806e-05
-1.329  -1.62384e-05
-1.328  -2.2058e-05
-1.327  -2.68778e-05
-1.326  -2.96231e-05
-1.325  -3.99523e-05
-1.324  -4.56138e-05
-1.323  -4.95091e-05
-1.322  -5.55215e-05
-1.321  -6.30989e-05
-1.32  -6.43631e-05
-1.319  -6.83904e-05
-1.318  -7.17994e-05
-1.317  -6.6815e-05
-1.316  -7.04957e-05
-1.315  -6.70672e-05
-1.314  -6.41234e-05
-1.313  -7.40058e-05
-1.312  -8.27675e-05
-1.311  -8.07587e-05
-1.31  -8.25303e-05
-1.309  -8.48975e-05
-1.308  -8.45116e-05
-1.307  -9.03182e-05
-1.306  -8.08154e-05
-1.305  -7.89372e-05
-1.304  -8.34746e-05
-1.303  -8.34117e-05
-1.302  -7.80064e-05
-1.301  -7.58523e-05
-1.3  -7.95273e-05
-1.299  -7.98539e-05
-1.298  -9.36681e-05
-1.297  -9.01557e-05
-1.296  -9.04373e-05
-1.295  -9.35355e-05
-1.294  -8.77739e-05
-1.293  -8.45295e-05
-1.292  -8.65415e-05
-1.291  -8.61685e-05
-1.29  -8.49731e-05
-1.289  -8.40316e-05
-1.288  -7.94062e-05
-1.287  -7.91595e-05
-1.286  -7.86535e-05
-1.285  -7.65359e-05
-1.284  -7.17497e-05
-1.283  -7.75677e-05
-1.282  -8.29134e-05
-1.281  -7.75794e-05
-1.28  -7.82212e-05
-1.279  -7.74223e-05
-1.278  -7.42334e-05
-1.277  -7.54405e-05
-1.276  -7.41489e-05
-1.275  -7.52893e-05
-1.274  -8.24303e-05
-1.273  -8.0878e-05
-1.272  -7.76027e-05
-1.271  -7.31152e-05
-1.27  -7.1226e-05
-1.269  -7.01845e-05
-1.268  -7.1999e-05
-1.267  -7.1698e-05
-1.266  -6.65618e-05
-1.265  -6.38524e-05
-1.264  -5.85562e-05
-1.263  -5.74239e-05
-1.262  -5.94495e-05
-1.261  -6.00705e-05
-1.26  -6.00106e-05
-1.259  -6.15009e-05
-1.258  -6.30764e-05
-1.257  -5.94188e-05
-1.256  -5.64858e-05
-1.255  -5.80387e-05
-1.254  -5.5144e-05
-1.253  -6.14965e-05
-1.252  -6.44481e-05
-1.251  -6.44246e-05
-1.25  -6.3884e-05
-1.249  -6.4607e-05
-1.248  -6.47496e-05
-1.247  -7.06458e-05
-1.246  -7.43097e-05
-1.245  -7.83492e-05
-1.244  -8.19514e-05
-1.243  -8.2752e-05
-1.242  -7.85802e-05
-1.241  -7.67958e-05
-1.24  -7.95841e-05
-1.239  -7.66344e-05
-1.238  -8.3646e-05
-1.237  -8.22211e-05
-1.236  -7.52595e-05
-1.235  -7.46834e-05
-1.234  -7.10594e-05
-1.233  -6.83183e-05
-1.232  -6.77442e-05
-1.231  -7.24182e-05
-1.23  -7.20296e-05
-1.229  -7.19855e-05
-1.228  -7.02461e-05
-1.227  -6.83483e-05
-1.226  -6.85717e-05
-1.225  -6.90812e-05
-1.224  -6.77428e-05
-1.223  -7.05958e-05
-1.222  -7.36018e-05
-1.221  -7.01171e-05
-1.22  -7.11929e-05
-1.219  -6.94073e-05
-1.218  -7.12946e-05
-1.217  -7.43088e-05
-1.216  -7.94315e-05
-1.215  -8.26328e-05
-1.214  -8.56652e-05
-1.213  -8.86294e-05
-1.212  -8.17432e-05
-1.211  -8.063e-05
-1.21  -8.34153e-05
-1.209  -8.12667e-05
-1.208  -8.81499e-05
-1.207  -8.53864e-05
-1.206  -8.21378e-05
-1.205  -7.67567e-05
-1.204  -7.70165e-05
-1.203  -7.41132e-05
-1.202  -7.39075e-05
-1.201  -7.81452e-05
-1.2  -8.38441e-05
-1.199  -8.23712e-05
-1.198  -8.1686e-05
-1.197  -7.77862e-05
-1.196  -7.87749e-05
-1.195  -7.99409e-05
-1.194  -7.92694e-05
-1.193  -8.59023e-05
-1.192  -9.25997e-05
-1.191  -9.14771e-05
-1.19  -9.26544e-05
-1.189  -8.82557e-05
-1.188  -8.70586e-05
-1.187  -8.45319e-05
-1.186  -9.01774e-05
-1.185  -9.2812e-05
-1.184  -9.63807e-05
-1.183  -9.77071e-05
-1.182  -8.86908e-05
-1.181  -8.33696e-05
-1.18  -8.41791e-05
-1.179  -8.65206e-05
-1.178  -8.9178e-05
-1.177  -8.56244e-05
-1.176  -8.09967e-05
-1.175  -7.79362e-05
-1.174  -7.58749e-05
-1.173  -6.76149e-05
-1.172  -6.80332e-05
-1.171  -7.11401e-05
-1.17  -7.37623e-05
-1.169  -7.47872e-05
-1.168  -7.6604e-05
-1.167  -7.58679e-05
-1.166  -7.87838e-05
-1.165  -7.77966e-05
-1.164  -8.00012e-05
-1.163  -8.89345e-05
-1.162  -9.51177e-05
-1.161  -9.57028e-05
-1.16  -9.41348e-05
-1.159  -9.41471e-05
-1.158  -9.51313e-05
-1.157  -9.58611e-05
-1.156  -0.000100572
-1.155  -9.9858e-05
-1.154  -0.000104476
-1.153  -0.000100901
-1.152  -9.30007e-05
-1.151  -8.76612e-05
-1.15  -8.41227e-05
-1.149  -8.52762e-05
-1.148  -8.50596e-05
-1.147  -8.14262e-05
-1.146  -7.94581e-05
-1.145  -7.49578e-05
-1.144  -6.91301e-05
-1.143  -6.25186e-05
-1.142  -6.25382e-05
-1.141  -6.36442e-05
-1.14  -6.27382e-05
-1.139  -6.25742e-05
-1.138  -6.13974e-05
-1.137  -6.01298e-05
-1.136  -6.63915e-05
-1.135  -6.90582e-05
-1.134  -7.25305e-05
-1.133  -8.06733e-05
-1.132  -8.92168e-05
-1.131  -9.2821e-05
-1.13  -9.04527e-05
-1.129  -9.11211e-05
-1.128  -9.13621e-05
-1.127  -9.07151e-05
-1.126  -9.85779e-05
-1.125  -9.84592e-05
-1.124  -9.93861e-05
-1.123  -9.56613e-05
-1.122  -9.26845e-05
-1.121  -8.94079e-05
-1.12  -8.7693e-05
-1.119  -8.97408e-05
-1.118  -9.19997e-05
-1.117  -8.64628e-05
-1.116  -8.2041e-05
-1.115  -7.92881e-05
-1.114  -7.84908e-05
-1.113  -7.43385e-05
-1.112  -7.49917e-05
-1.111  -7.67326e-05
-1.11  -7.72593e-05
-1.109  -7.4614e-05
-1.108  -7.61017e-05
-1.107  -7.51769e-05
-1.106  -8.18065e-05
-1.105  -8.22686e-05
-1.104  -8.70218e-05
-1.103  -9.11482e-05
-1.102  -9.54244e-05
-1.101  -9.65882e-05
-1.1  -9.49084e-05
-1.099  -9.48556e-05
-1.098  -9.5395e-05
-1.097  -9.80336e-05
-1.096  -0.000104367
-1.095  -0.000101038
-1.094  -0.000102605
-1.093  -0.000100524
-1.092  -9.83616e-05
-1.091  -9.60145e-05
-1.09  -9.47092e-05
-1.089  -9.78338e-05
-1.088  -9.82552e-05
-1.087  -9.53466e-05
-1.086  -9.45158e-05
-1.085  -9.27117e-05
-1.084  -8.95466e-05
-1.083  -9.04056e-05
-1.082  -8.92217e-05
-1.081  -9.27601e-05
-1.08  -9.24463e-05
-1.079  -8.94464e-05
-1.078  -8.9112e-05
-1.077  -8.7239e-05
-1.076  -9.03449e-05
-1.075  -8.78517e-05
-1.074  -8.95248e-05
-1.073  -9.5425e-05
-1.072  -9.89673e-05
-1.071  -0.000102708
-1.07  -9.91357e-05
-1.069  -9.43303e-05
-1.068  -9.4002e-05
-1.067  -9.89286e-05
-1.066  -0.00010152
-1.065  -0.000101897
-1.064  -0.00010309
-1.063  -0.000100622
-1.062  -9.72665e-05
-1.061  -9.68942e-05
-1.06  -9.77686e-05
-1.059  -9.52151e-05
-1.058  -9.5612e-05
-1.057  -9.61314e-05
-1.056  -9.7651e-05
-1.055  -9.73505e-05
-1.054  -9.4249e-05
-1.053  -9.40071e-05
-1.052  -9.21418e-05
-1.051  -9.20507e-05
-1.05  -9.26113e-05
-1.049  -9.06844e-05
-1.048  -8.93839e-05
-1.047  -8.85415e-05
-1.046  -9.10984e-05
-1.045  -8.81405e-05
-1.044  -9.00615e-05
-1.043  -9.40445e-05
-1.042  -9.54309e-05
-1.041  -9.87646e-05
-1.04  -9.84629e-05
-1.039  -9.20231e-05
-1.038  -9.31345e-05
-1.037  -9.38012e-05
-1.036  -9.62998e-05
-1.035  -9.53094e-05
-1.034  -9.29133e-05
-1.033  -9.32245e-05
-1.032  -9.44071e-05
-1.031  -9.51559e-05
-1.03  -9.45598e-05
-1.029  -8.8687e-05
-1.028  -8.83974e-05
-1.027  -8.61433e-05
-1.026  -8.64667e-05
-1.025  -8.54013e-05
-1.024  -8.27439e-05
-1.023  -8.09918e-05
-1.022  -8.02163e-05
-1.021  -8.22983e-05
-1.02  -8.65284e-05
-1.019  -8.02795e-05
-1.018  -7.78859e-05
-1.017  -7.62548e-05
-1.016  -7.93108e-05
-1.015  -8.08345e-05
-1.014  -8.34557e-05
-1.013  -8.4284e-05
-1.012  -8.69653e-05
-1.011  -8.89362e-05
-1.01  -9.15409e-05
-1.009  -8.96361e-05
-1.008  -9.16309e-05
-1.007  -9.29324e-05
-1.006  -9.46796e-05
-1.005  -9.42702e-05
-1.004  -9.23049e-05
-1.003  -8.93681e-05
-1.002  -8.76678e-05
-1.001  -8.67653e-05
-1  -8.9167e-05
-0.999  -8.56822e-05
-0.998  -8.67384e-05
-0.997  -8.39706e-05
-0.996  -8.32566e-05
-0.995  -7.86016e-05
-0.994  -7.5207e-05
-0.993  -7.21235e-05
-0.992  -7.18456e-05
-0.991  -7.35284e-05
-0.99  -7.46209e-05
-0.989  -7.0192e-05
-0.988  -7.01301e-05
-0.987  -7.307e-05
-0.986  -7.57441e-05
-0.985  -7.60713e-05
-0.984  -7.96319e-05
-0.983  -8.11897e-05
-0.982  -8.24412e-05
-0.981  -8.35799e-05
-0.98  -8.57561e-05
-0.979  -8.50519e-05
-0.978  -8.41559e-05
-0.977  -8.69437e-05
-0.976  -8.85855e-05
-0.975  -9.03079e-05
-0.974  -8.75562e-05
-0.973  -8.08509e-05
-0.972  -7.78467e-05
-0.971  -7.63714e-05
-0.97  -7.81125e-05
-0.969  -7.23406e-05
-0.968  -6.9239e-05
-0.967  -6.81845e-05
-0.966  -7.05841e-05
-0.965  -6.61331e-05
-0.964  -6.55445e-05
-0.963  -6.30021e-05
-0.962  -6.31414e-05
-0.961  -6.79415e-05
-0.96  -6.54231e-05
-0.959  -6.93206e-05
-0.958  -6.36014e-05
-0.957  -6.72115e-05
-0.956  -7.01892e-05
-0.955  -7.18761e-05
-0.954  -7.97119e-05
-0.953  -7.69766e-05
-0.952  -7.74196e-05
-0.951  -7.77149e-05
-0.95  -7.99138e-05
-0.949  -8.12786e-05
-0.948  -7.81868e-05
-0.947  -8.04907e-05
-0.946  -8.42081e-05
-0.945  -8.63427e-05
-0.944  -8.35435e-05
-0.943  -7.77213e-05
-0.942  -7.37407e-05
-0.941  -7.71324e-05
-0.94  -7.33071e-05
-0.939  -7.52872e-05
-0.938  -7.1674e-05
-0.937  -6.83707e-05
-0.936  -6.79669e-05
-0.935  -6.50557e-05
-0.934  -6.95732e-05
-0.933  -7.01624e-05
-0.932  -6.8269e-05
-0.931  -7.45605e-05
-0.93  -7.31638e-05
-0.929  -7.54943e-05
-0.928  -7.21344e-05
-0.927  -7.31477e-05
-0.926  -7.43282e-05
-0.925  -7.84655e-05
-0.924  -8.41012e-05
-0.923  -8.25299e-05
-0.922  -8.13419e-05
-0.921  -8.2082e-05
-0.92  -8.14075e-05
-0.919  -8.24292e-05
-0.918  -8.06032e-05
-0.917  -8.28584e-05
-0.916  -8.49279e-05
-0.915  -8.79437e-05
-0.914  -8.49801e-05
-0.913  -8.29878e-05
-0.912  -7.88136e-05
-0.911  -8.08319e-05
-0.91  -8.11276e-05
-0.909  -8.02171e-05
-0.908  -7.83823e-05
-0.907  -7.53515e-05
-0.906  -7.39891e-05
-0.905  -7.31657e-05
-0.904  -7.42082e-05
-0.903  -7.31416e-05
-0.902  -7.29459e-05
-0.901  -7.66395e-05
-0.9  -7.48289e-05
-0.899  -7.61428e-05
-0.898  -7.78163e-05
-0.897  -7.96273e-05
-0.896  -7.94656e-05
-0.895  -8.09753e-05
-0.894  -8.52708e-05
-0.893  -8.36254e-05
-0.892  -8.11403e-05
-0.891  -7.95306e-05
-0.89  -7.6538e-05
-0.889  -7.65317e-05
-0.888  -7.38914e-05
-0.887  -7.44119e-05
-0.886  -7.58159e-05
-0.885  -7.68955e-05
-0.884  -7.3971e-05
-0.883  -6.92469e-05
-0.882  -6.56775e-05
-0.881  -7.10405e-05
-0.88  -7.35568e-05
-0.879  -7.04296e-05
-0.878  -6.96566e-05
-0.877  -6.80271e-05
-0.876  -6.82101e-05
-0.875  -6.58139e-05
-0.874  -6.50099e-05
-0.873  -6.5116e-05
-0.872  -6.8281e-05
-0.871  -7.08376e-05
-0.87  -7.09586e-05
-0.869  -7.14382e-05
-0.868  -7.3534e-05
-0.867  -7.29376e-05
-0.866  -7.71365e-05
-0.865  -8.05628e-05
-0.864  -8.65825e-05
-0.863  -8.73902e-05
-0.862  -8.02892e-05
-0.861  -7.83803e-05
-0.86  -7.43633e-05
-0.859  -7.09167e-05
-0.858  -6.48912e-05
-0.857  -6.15342e-05
-0.856  -6.9182e-05
-0.855  -7.22184e-05
-0.854  -6.92713e-05
-0.853  -6.70865e-05
-0.852  -6.73324e-05
-0.851  -6.95086e-05
-0.85  -6.95978e-05
-0.849  -6.75422e-05
-0.848  -6.47846e-05
-0.847  -6.5476e-05
-0.846  -6.14765e-05
-0.845  -6.24275e-05
-0.844  -6.21413e-05
-0.843  -6.59691e-05
-0.842  -6.84747e-05
-0.841  -7.03866e-05
-0.84  -7.27931e-05
-0.839  -8.00425e-05
-0.838  -8.64387e-05
-0.837  -8.10997e-05
-0.836  -8.72574e-05
-0.835  -9.05398e-05
-0.834  -9.0575e-05
-0.833  -8.98722e-05
-0.832  -8.54001e-05
-0.831  -8.41493e-05
-0.83  -7.93779e-05
-0.829  -7.78785e-05
-0.828  -7.06092e-05
-0.827  -7.11192e-05
-0.826  -7.22194e-05
-0.825  -7.40536e-05
-0.824  -7.17986e-05
-0.823  -6.97102e-05
-0.822  -7.23782e-05
-0.821  -7.22403e-05
-0.82  -6.92576e-05
-0.819  -6.53989e-05
-0.818  -6.43516e-05
-0.817  -6.19142e-05
-0.816  -6.25802e-05
-0.815  -6.25294e-05
-0.814  -6.12916e-05
-0.813  -6.14797e-05
-0.812  -6.64098e-05
-0.811  -6.94639e-05
-0.81  -6.94512e-05
-0.809  -7.58701e-05
-0.808  -8.18465e-05
-0.807  -8.18144e-05
-0.806  -8.21254e-05
-0.805  -8.35438e-05
-0.804  -8.15369e-05
-0.803  -8.12825e-05
-0.802  -7.58451e-05
-0.801  -7.12503e-05
-0.8  -7.08623e-05
-0.799  -6.93653e-05
-0.798  -6.24158e-05
-0.797  -6.24322e-05
-0.796  -6.55892e-05
-0.795  -6.75792e-05
-0.794  -6.85566e-05
-0.793  -6.97451e-05
-0.792  -7.11608e-05
-0.791  -7.60523e-05
-0.79  -7.29729e-05
-0.789  -7.02301e-05
-0.788  -6.56122e-05
-0.787  -6.64506e-05
-0.786  -6.58201e-05
-0.785  -6.95605e-05
-0.784  -6.88498e-05
-0.783  -7.06433e-05
-0.782  -7.67821e-05
-0.781  -7.72046e-05
-0.78  -7.89832e-05
-0.779  -8.23814e-05
-0.778  -8.68044e-05
-0.777  -8.84706e-05
-0.776  -8.77598e-05
-0.775  -8.87209e-05
-0.774  -8.59287e-05
-0.773  -8.37331e-05
-0.772  -8.05209e-05
-0.771  -7.68503e-05
-0.77  -7.36687e-05
-0.769  -7.46018e-05
-0.768  -7.16421e-05
-0.767  -7.23854e-05
-0.766  -7.10206e-05
-0.765  -6.78131e-05
-0.764  -7.48499e-05
-0.763  -7.60094e-05
-0.762  -7.72745e-05
-0.761  -7.75273e-05
-0.76  -7.59973e-05
-0.759  -7.14563e-05
-0.758  -6.54089e-05
-0.757  -6.57467e-05
-0.756  -6.47295e-05
-0.755  -6.43337e-05
-0.754  -6.51689e-05
-0.753  -6.24219e-05
-0.752  -6.58612e-05
-0.751  -6.81826e-05
-0.75  -6.99212e-05
-0.749  -7.49249e-05
-0.748  -7.79162e-05
-0.747  -8.10119e-05
-0.746  -8.47262e-05
-0.745  -7.90193e-05
-0.744  -7.77649e-05
-0.743  -7.6275e-05
-0.742  -7.78965e-05
-0.741  -7.42463e-05
-0.74  -6.79354e-05
-0.739  -6.61913e-05
-0.738  -6.4497e-05
-0.737  -6.23233e-05
-0.736  -6.17837e-05
-0.735  -6.0083e-05
-0.734  -6.79342e-05
-0.733  -6.90624e-05
-0.732  -6.92757e-05
-0.731  -6.91711e-05
-0.73  -6.64383e-05
-0.729  -6.18157e-05
-0.728  -5.47036e-05
-0.727  -5.28215e-05
-0.726  -5.30088e-05
-0.725  -5.04768e-05
-0.724  -5.30666e-05
-0.723  -4.64474e-05
-0.722  -5.27616e-05
-0.721  -5.86942e-05
-0.72  -6.0361e-05
-0.719  -6.53478e-05
-0.718  -6.72123e-05
-0.717  -7.16215e-05
-0.716  -7.81361e-05
-0.715  -7.38911e-05
-0.714  -7.6414e-05
-0.713  -7.32199e-05
-0.712  -7.12721e-05
-0.711  -6.90207e-05
-0.71  -6.58871e-05
-0.709  -6.89437e-05
-0.708  -6.64372e-05
-0.707  -6.66188e-05
-0.706  -6.64614e-05
-0.705  -6.20246e-05
-0.704  -7.03958e-05
-0.703  -6.79664e-05
-0.702  -6.68014e-05
-0.701  -6.91822e-05
-0.7  -6.70972e-05
-0.699  -6.80145e-05
-0.698  -6.04114e-05
-0.697  -5.60051e-05
-0.696  -5.40718e-05
-0.695  -4.82301e-05
-0.694  -5.49822e-05
-0.693  -5.09787e-05
-0.692  -5.39704e-05
-0.691  -5.74758e-05
-0.69  -5.86888e-05
-0.689  -6.32002e-05
-0.688  -6.08883e-05
-0.687  -6.65655e-05
-0.686  -7.27812e-05
-0.685  -6.95684e-05
-0.684  -7.01298e-05
-0.683  -6.86445e-05
-0.682  -6.50363e-05
-0.681  -6.23121e-05
-0.68  -5.71984e-05
-0.679  -6.5828e-05
-0.678  -6.65094e-05
-0.677  -6.85171e-05
-0.676  -6.56967e-05
-0.675  -6.19984e-05
-0.674  -6.7335e-05
-0.673  -6.55628e-05
-0.672  -6.47438e-05
-0.671  -6.3575e-05
-0.67  -6.46263e-05
-0.669  -6.82462e-05
-0.668  -6.13149e-05
-0.667  -5.73006e-05
-0.666  -5.64695e-05
-0.665  -5.31635e-05
-0.664  -5.55335e-05
-0.663  -5.23943e-05
-0.662  -5.4243e-05
-0.661  -6.0351e-05
-0.66  -5.5796e-05
-0.659  -6.04841e-05
-0.658  -5.87392e-05
-0.657  -6.67899e-05
-0.656  -6.97929e-05
-0.655  -6.76402e-05
-0.654  -6.72796e-05
-0.653  -6.71603e-05
-0.652  -6.61844e-05
-0.651  -6.27125e-05
-0.65  -5.72489e-05
-0.649  -6.73184e-05
-0.648  -6.45518e-05
-0.647  -6.74558e-05
-0.646  -6.82282e-05
-0.645  -6.52656e-05
-0.644  -7.12827e-05
-0.643  -7.14987e-05
-0.642  -6.65752e-05
-0.641  -6.56964e-05
-0.64  -6.28865e-05
-0.639  -6.83673e-05
-0.638  -6.20246e-05
-0.637  -5.88554e-05
-0.636  -5.89089e-05
-0.635  -5.77471e-05
-0.634  -6.09006e-05
-0.633  -5.74949e-05
-0.632  -6.01994e-05
-0.631  -6.4632e-05
-0.63  -5.44211e-05
-0.629  -5.99548e-05
-0.628  -5.58851e-05
-0.627  -6.09636e-05
-0.626  -6.7103e-05
-0.625  -6.57863e-05
-0.624  -6.39661e-05
-0.623  -6.6393e-05
-0.622  -6.47208e-05
-0.621  -6.21914e-05
-0.62  -5.50444e-05
-0.619  -6.3682e-05
-0.618  -6.42365e-05
-0.617  -6.82303e-05
-0.616  -6.58341e-05
-0.615  -6.65229e-05
-0.614  -7.18265e-05
-0.613  -7.48692e-05
-0.612  -7.14807e-05
-0.611  -7.11016e-05
-0.61  -6.97576e-05
-0.609  -7.60373e-05
-0.608  -6.92162e-05
-0.607  -6.45501e-05
-0.606  -6.45958e-05
-0.605  -6.6747e-05
-0.604  -6.96019e-05
-0.603  -6.89167e-05
-0.602  -7.06232e-05
-0.601  -7.44943e-05
-0.6  -6.6662e-05
-0.599  -6.90082e-05
-0.598  -6.54116e-05
-0.597  -7.28887e-05
-0.596  -7.40856e-05
-0.595  -7.21277e-05
-0.594  -6.88862e-05
-0.593  -7.0235e-05
-0.592  -7.33803e-05
-0.591  -6.86829e-05
-0.59  -5.99107e-05
-0.589  -6.57722e-05
-0.588  -6.93623e-05
-0.587  -7.23236e-05
-0.586  -7.30249e-05
-0.585  -7.2818e-05
-0.584  -7.64356e-05
-0.583  -7.84927e-05
-0.582  -7.41353e-05
-0.581  -7.56402e-05
-0.58  -7.1621e-05
-0.579  -7.79402e-05
-0.578  -7.08825e-05
-0.577  -6.59474e-05
-0.576  -6.54934e-05
-0.575  -6.48684e-05
-0.574  -6.48214e-05
-0.573  -6.34348e-05
-0.572  -6.5967e-05
-0.571  -7.28893e-05
-0.57  -7.17218e-05
-0.569  -6.99858e-05
-0.568  -6.59717e-05
-0.567  -6.91515e-05
-0.566  -7.04764e-05
-0.565  -6.89969e-05
-0.564  -6.47577e-05
-0.563  -6.87191e-05
-0.562  -7.14227e-05
-0.561  -6.91498e-05
-0.56  -6.16688e-05
-0.559  -6.57033e-05
-0.558  -6.96638e-05
-0.557  -7.32541e-05
-0.556  -7.27929e-05
-0.555  -7.69233e-05
-0.554  -7.91198e-05
-0.553  -8.3852e-05
-0.552  -7.74037e-05
-0.551  -7.5408e-05
-0.55  -7.29471e-05
-0.549  -7.50894e-05
-0.548  -6.75932e-05
-0.547  -6.40777e-05
-0.546  -6.40165e-05
-0.545  -6.60837e-05
-0.544  -6.39971e-05
-0.543  -6.08605e-05
-0.542  -6.41938e-05
-0.541  -6.886e-05
-0.54  -7.19673e-05
-0.539  -7.20487e-05
-0.538  -6.80489e-05
-0.537  -7.05057e-05
-0.536  -7.02942e-05
-0.535  -6.72706e-05
-0.534  -6.31782e-05
-0.533  -6.74268e-05
-0.532  -7.13998e-05
-0.531  -6.87109e-05
-0.53  -6.38915e-05
-0.529  -6.91516e-05
-0.528  -7.20235e-05
-0.527  -7.30462e-05
-0.526  -7.31233e-05
-0.525  -7.49665e-05
-0.524  -7.75597e-05
-0.523  -8.04026e-05
-0.522  -7.68443e-05
-0.521  -6.87998e-05
-0.52  -6.65238e-05
-0.519  -7.08853e-05
-0.518  -6.94855e-05
-0.517  -6.43964e-05
-0.516  -6.23373e-05
-0.515  -6.29726e-05
-0.514  -6.19734e-05
-0.513  -5.74283e-05
-0.512  -6.00356e-05
-0.511  -6.46604e-05
-0.51  -6.82248e-05
-0.509  -6.81855e-05
-0.508  -6.59578e-05
-0.507  -6.65223e-05
-0.506  -6.71141e-05
-0.505  -6.51908e-05
-0.504  -5.97602e-05
-0.503  -5.85968e-05
-0.502  -6.53221e-05
-0.501  -6.13006e-05
-0.5  -5.61045e-05
-0.499  -5.91713e-05
-0.498  -6.085e-05
-0.497  -6.58031e-05
-0.496  -6.52881e-05
-0.495  -6.66404e-05
-0.494  -6.96078e-05
-0.493  -7.21232e-05
-0.492  -6.9731e-05
-0.491  -5.9941e-05
-0.49  -5.76115e-05
-0.489  -6.04907e-05
-0.488  -5.90555e-05
-0.487  -5.83004e-05
-0.486  -5.38395e-05
-0.485  -5.47651e-05
-0.484  -5.89052e-05
-0.483  -5.58945e-05
-0.482  -5.51667e-05
-0.481  -5.76355e-05
-0.48  -5.87517e-05
-0.479  -5.95488e-05
-0.478  -5.83059e-05
-0.477  -5.80271e-05
-0.476  -5.71582e-05
-0.475  -5.34583e-05
-0.474  -4.98691e-05
-0.473  -5.21733e-05
-0.472  -6.04897e-05
-0.471  -5.87951e-05
-0.47  -5.25331e-05
-0.469  -5.52047e-05
-0.468  -5.69872e-05
-0.467  -6.49839e-05
-0.466  -6.65463e-05
-0.465  -6.47176e-05
-0.464  -6.7601e-05
-0.463  -7.24039e-05
-0.462  -6.5833e-05
-0.461  -5.91234e-05
-0.46  -6.01344e-05
-0.459  -5.87001e-05
-0.458  -5.81513e-05
-0.457  -5.77733e-05
-0.456  -5.57631e-05
-0.455  -5.9749e-05
-0.454  -6.15003e-05
-0.453  -5.34426e-05
-0.452  -4.94472e-05
-0.451  -5.40638e-05
-0.45  -5.64802e-05
-0.449  -5.21234e-05
-0.448  -5.10754e-05
-0.447  -5.11036e-05
-0.446  -5.02317e-05
-0.445  -4.68206e-05
-0.444  -4.48208e-05
-0.443  -4.93218e-05
-0.442  -5.25997e-05
-0.441  -5.24049e-05
-0.44  -5.26065e-05
-0.439  -5.69034e-05
-0.438  -6.00235e-05
-0.437  -6.66553e-05
-0.436  -6.89499e-05
-0.435  -7.03875e-05
-0.434  -7.72021e-05
-0.433  -8.19544e-05
-0.432  -7.98749e-05
-0.431  -7.45728e-05
-0.43  -7.67481e-05
-0.429  -7.51668e-05
-0.428  -7.17073e-05
-0.427  -7.17311e-05
-0.426  -7.33749e-05
-0.425  -7.4643e-05
-0.424  -7.81987e-05
-0.423  -7.63987e-05
-0.422  -7.34106e-05
-0.421  -7.4412e-05
-0.42  -7.46824e-05
-0.419  -7.05208e-05
-0.418  -7.02271e-05
-0.417  -6.96823e-05
-0.416  -6.67859e-05
-0.415  -6.30911e-05
-0.414  -6.38584e-05
-0.413  -6.55466e-05
-0.412  -6.62642e-05
-0.411  -6.62656e-05
-0.41  -6.70287e-05
-0.409  -7.48241e-05
-0.408  -7.76665e-05
-0.407  -7.71941e-05
-0.406  -7.85894e-05
-0.405  -7.73374e-05
-0.404  -7.65261e-05
-0.403  -8.09052e-05
-0.402  -8.09064e-05
-0.401  -7.64388e-05
-0.4  -7.67995e-05
-0.399  -7.35797e-05
-0.398  -6.96049e-05
-0.397  -7.03767e-05
-0.396  -7.47745e-05
-0.395  -7.20795e-05
-0.394  -7.29487e-05
-0.393  -7.43178e-05
-0.392  -7.28899e-05
-0.391  -7.32797e-05
-0.39  -7.01905e-05
-0.389  -6.78296e-05
-0.388  -7.01401e-05
-0.387  -7.31126e-05
-0.386  -7.30528e-05
-0.385  -7.47326e-05
-0.384  -7.20443e-05
-0.383  -6.92433e-05
-0.382  -7.05526e-05
-0.381  -7.19601e-05
-0.38  -7.32839e-05
-0.379  -7.7366e-05
-0.378  -7.74143e-05
-0.377  -7.54705e-05
-0.376  -7.90078e-05
-0.375  -7.76143e-05
-0.374  -7.64953e-05
-0.373  -8.08715e-05
-0.372  -8.05138e-05
-0.371  -7.87007e-05
-0.37  -7.70412e-05
-0.369  -7.41828e-05
-0.368  -6.53772e-05
-0.367  -6.4137e-05
-0.366  -6.72109e-05
-0.365  -6.49297e-05
-0.364  -6.87517e-05
-0.363  -6.97913e-05
-0.362  -6.85902e-05
-0.361  -7.32129e-05
-0.36  -6.97761e-05
-0.359  -7.12733e-05
-0.358  -7.36731e-05
-0.357  -7.66989e-05
-0.356  -7.70787e-05
-0.355  -7.53875e-05
-0.354  -6.87266e-05
-0.353  -6.65514e-05
-0.352  -6.76232e-05
-0.351  -7.10031e-05
-0.35  -7.65212e-05
-0.349  -8.26008e-05
-0.348  -8.57106e-05
-0.347  -8.38794e-05
-0.346  -9.00542e-05
-0.345  -8.86926e-05
-0.344  -8.74564e-05
-0.343  -9.09748e-05
-0.342  -8.80249e-05
-0.341  -8.77517e-05
-0.34  -8.26367e-05
-0.339  -8.12801e-05
-0.338  -7.40406e-05
-0.337  -7.32517e-05
-0.336  -7.6523e-05
-0.335  -8.17955e-05
-0.334  -8.57921e-05
-0.333  -8.38515e-05
-0.332  -8.06103e-05
-0.331  -7.95993e-05
-0.33  -7.92306e-05
-0.329  -8.02034e-05
-0.328  -8.19356e-05
-0.327  -8.25033e-05
-0.326  -8.44025e-05
-0.325  -8.56501e-05
-0.324  -8.00738e-05
-0.323  -7.72168e-05
-0.322  -7.87805e-05
-0.321  -8.12867e-05
-0.32  -8.33803e-05
-0.319  -8.68103e-05
-0.318  -9.02758e-05
-0.317  -8.99657e-05
-0.316  -9.25246e-05
-0.315  -8.98143e-05
-0.314  -9.15487e-05
-0.313  -9.68201e-05
-0.312  -9.59831e-05
-0.311  -9.38837e-05
-0.31  -8.74764e-05
-0.309  -8.67474e-05
-0.308  -8.26201e-05
-0.307  -8.14077e-05
-0.306  -8.1397e-05
-0.305  -8.07697e-05
-0.304  -8.50356e-05
-0.303  -8.25961e-05
-0.302  -7.91078e-05
-0.301  -7.62927e-05
-0.3  -7.53495e-05
-0.299  -7.53137e-05
-0.298  -7.85421e-05
-0.297  -7.64328e-05
-0.296  -7.63041e-05
-0.295  -7.64822e-05
-0.294  -6.87181e-05
-0.293  -6.4638e-05
-0.292  -6.09402e-05
-0.291  -6.56107e-05
-0.29  -6.58812e-05
-0.289  -6.87595e-05
-0.288  -7.26109e-05
-0.287  -7.46513e-05
-0.286  -8.07716e-05
-0.285  -7.64672e-05
-0.284  -7.66437e-05
-0.283  -8.23891e-05
-0.282  -8.18107e-05
-0.281  -8.14459e-05
-0.28  -7.50554e-05
-0.279  -7.05043e-05
-0.278  -6.93903e-05
-0.277  -6.99749e-05
-0.276  -7.30731e-05
-0.275  -7.5886e-05
-0.274  -7.97738e-05
-0.273  -8.33721e-05
-0.272  -7.95546e-05
-0.271  -7.7989e-05
-0.27  -7.85676e-05
-0.269  -7.70678e-05
-0.268  -7.73503e-05
-0.267  -7.64991e-05
-0.266  -7.50859e-05
-0.265  -7.8496e-05
-0.264  -7.32415e-05
-0.263  -7.0695e-05
-0.262  -7.08876e-05
-0.261  -7.62855e-05
-0.26  -7.93742e-05
-0.259  -8.11926e-05
-0.258  -8.19088e-05
-0.257  -8.40543e-05
-0.256  -8.91353e-05
-0.255  -8.39905e-05
-0.254  -8.2393e-05
-0.253  -8.42854e-05
-0.252  -8.45317e-05
-0.251  -7.92219e-05
-0.25  -7.18668e-05
-0.249  -7.01257e-05
-0.248  -7.19176e-05
-0.247  -7.48134e-05
-0.246  -7.54747e-05
-0.245  -7.78904e-05
-0.244  -8.1115e-05
-0.243  -8.35739e-05
-0.242  -8.44808e-05
-0.241  -8.33821e-05
-0.24  -8.26264e-05
-0.239  -8.13685e-05
-0.238  -7.73357e-05
-0.237  -7.64857e-05
-0.236  -7.6794e-05
-0.235  -8.05221e-05
-0.234  -8.01461e-05
-0.233  -8.11796e-05
-0.232  -8.27829e-05
-0.231  -9.03554e-05
-0.23  -9.05692e-05
-0.229  -8.6259e-05
-0.228  -8.50703e-05
-0.227  -8.5231e-05
-0.226  -8.92182e-05
-0.225  -8.54601e-05
-0.224  -8.53004e-05
-0.223  -8.47756e-05
-0.222  -8.15157e-05
-0.221  -7.62168e-05
-0.22  -7.22977e-05
-0.219  -7.18386e-05
-0.218  -7.2619e-05
-0.217  -7.50641e-05
-0.216  -7.56807e-05
-0.215  -7.41101e-05
-0.214  -7.54843e-05
-0.213  -7.57745e-05
-0.212  -7.42217e-05
-0.211  -7.63569e-05
-0.21  -7.56388e-05
-0.209  -7.8551e-05
-0.208  -7.66969e-05
-0.207  -7.46592e-05
-0.206  -7.59832e-05
-0.205  -7.72086e-05
-0.204  -7.83372e-05
-0.203  -8.09155e-05
-0.202  -8.30495e-05
-0.201  -8.94071e-05
-0.2  -9.11557e-05
-0.199  -9.15885e-05
-0.198  -8.88322e-05
-0.197  -9.16044e-05
-0.196  -9.418e-05
-0.195  -9.08487e-05
-0.194  -9.26596e-05
-0.193  -9.28641e-05
-0.192  -8.98227e-05
-0.191  -9.11162e-05
-0.19  -8.69977e-05
-0.189  -8.88338e-05
-0.188  -9.30447e-05
-0.187  -9.61053e-05
-0.186  -9.77716e-05
-0.185  -9.65378e-05
-0.184  -9.96583e-05
-0.183  -9.90649e-05
-0.182  -9.37711e-05
-0.181  -9.52295e-05
-0.18  -8.82845e-05
-0.179  -9.0793e-05
-0.178  -8.8405e-05
-0.177  -9.23379e-05
-0.176  -9.23383e-05
-0.175  -9.14828e-05
-0.174  -9.45467e-05
-0.173  -9.4857e-05
-0.172  -9.44996e-05
-0.171  -9.77731e-05
-0.17  -9.79071e-05
-0.169  -9.80044e-05
-0.168  -9.36497e-05
-0.167  -9.35429e-05
-0.166  -9.5174e-05
-0.165  -9.36587e-05
-0.164  -9.71726e-05
-0.163  -0.000100063
-0.162  -9.74643e-05
-0.161  -9.76419e-05
-0.16  -9.7573e-05
-0.159  -9.35257e-05
-0.158  -9.40173e-05
-0.157  -9.66774e-05
-0.156  -0.000101778
-0.155  -9.9255e-05
-0.154  -0.000103983
-0.153  -0.000102247
-0.152  -9.97098e-05
-0.151  -0.00010038
-0.15  -9.26623e-05
-0.149  -9.45137e-05
-0.148  -8.95228e-05
-0.147  -8.74655e-05
-0.146  -8.37534e-05
-0.145  -8.15046e-05
-0.144  -8.16621e-05
-0.143  -8.34528e-05
-0.142  -8.79571e-05
-0.141  -8.58929e-05
-0.14  -9.23392e-05
-0.139  -9.33225e-05
-0.138  -8.65978e-05
-0.137  -8.50229e-05
-0.136  -8.6054e-05
-0.135  -7.99591e-05
-0.134  -8.06271e-05
-0.133  -8.00528e-05
-0.132  -7.65601e-05
-0.131  -7.70085e-05
-0.13  -7.55241e-05
-0.129  -7.53917e-05
-0.128  -7.80277e-05
-0.127  -7.82981e-05
-0.126  -8.17493e-05
-0.125  -8.19441e-05
-0.124  -8.14416e-05
-0.123  -7.76953e-05
-0.122  -7.57218e-05
-0.121  -7.11598e-05
-0.12  -6.16576e-05
-0.119  -6.70324e-05
-0.118  -7.44508e-05
-0.117  -8.99065e-05
-0.116  -0.000122327
-0.115  -0.000181212
-0.114  -0.000275995
-0.113  -0.000416834
-0.112  -0.000618182
-0.111  -0.000896789
-0.11  -0.00128093
-0.109  -0.00177949
-0.108  -0.00243179
-0.107  -0.00325803
-0.106  -0.00428704
-0.105  -0.0055545
-0.104  -0.0071034
-0.103  -0.00896342
-0.102  -0.011165
-0.101  -0.0137445
-0.1  -0.016738
-0.099  -0.0201724
-0.098  -0.0240794
-0.097  -0.0284999
-0.096  -0.033425
-0.095  -0.0389197
-0.094  -0.04498
-0.093  -0.0516265
-0.092  -0.0588266
-0.091  -0.0666281
-0.09  -0.0750297
-0.089  -0.0839947
-0.088  -0.093559
-0.087  -0.103702
-0.086  -0.114377
-0.085  -0.125568
-0.084  -0.137297
-0.083  -0.149502
-0.082  -0.162185
-0.081  -0.175327
-0.08  -0.188854
-0.079  -0.202773
-0.078  -0.217059
-0.077  -0.23168
-0.076  -0.246581
-0.075  -0.261762
-0.074  -0.277193
-0.073  -0.292883
-0.072  -0.308743
-0.071  -0.324771
-0.07  -0.340944
-0.069  -0.357218
-0.068  -0.373585
-0.067  -0.390032
-0.066  -0.406509
-0.065  -0.422986
-0.064  -0.439456
-0.063  -0.455873
-0.062  -0.472205
-0.061  -0.488493
-0.06  -0.504686
-0.059  -0.520726
-0.058  -0.536646
-0.057  -0.552391
-0.056  -0.567968
-0.055  -0.583345
-0.054  -0.598519
-0.053  -0.61347
-0.052  -0.628211
-0.051  -0.642713
-0.05  -0.656975
-0.049  -0.670979
-0.048  -0.684714
-0.047  -0.698221
-0.046  -0.711451
-0.045  -0.72442
-0.044  -0.73712
-0.043  -0.749551
-0.042  -0.761692
-0.041  -0.773553
-0.04  -0.785152
-0.039  -0.796467
-0.038  -0.807524
-0.037  -0.818269
-0.036  -0.828744
-0.035  -0.838928
-0.034  -0.848833
-0.033  -0.858413
-0.032  -0.867748
-0.031  -0.87677
-0.03  -0.885482
-0.029  -0.893947
-0.028  -0.902074
-0.027  -0.909896
-0.026  -0.917415
-0.025  -0.924666
-0.024  -0.931592
-0.023  -0.938242
-0.022  -0.94459
-0.021  -0.950626
-0.02  -0.956378
-0.019  -0.961843
-0.018  -0.967025
-0.017  -0.97192
-0.016  -0.976528
-0.015  -0.98085
-0.014  -0.984899
-0.013  -0.988648
-0.012  -0.992092
-0.011  -0.995294
-0.01  -0.998194
-0.009  -1.00084
-0.008  -1.0032
-0.007  -1.0053
-0.006  -1.00714
-0.005  -1.00873
-0.004  -1.01004
-0.003  -1.01108
-0.002  -1.0119
-0.001  -1.01243
0  -1.0127
0.001  -1.01276
0.002  -1.01254
0.003  -1.01208
0.004  -1.0114
0.005  -1.01052
0.006  -1.00939
0.007  -1.00808
0.008  -1.00653
0.009  -1.00478
0.01  -1.00283
0.011  -1.00073
0.012  -0.998438
0.013  -0.995942
0.014  -0.993297
0.015  -0.9905
0.016  -0.987538
0.017  -0.984438
0.018  -0.981227
0.019  -0.977874
0.02  -0.97438
0.021  -0.970784
0.022  -0.967075
0.023  -0.963277
0.024  -0.959375
0.025  -0.955381
0.026  -0.951302
0.027  -0.947194
0.028  -0.94298
0.029  -0.938716
0.03  -0.934381
0.031  -0.930012
0.032  -0.925596
0.033  -0.921115
0.034  -0.916606
0.035  -0.912057
0.036  -0.907466
0.037  -0.902833
0.038  -0.898181
0.039  -0.893518
0.04  -0.888833
0.041  -0.884123
0.042  -0.879378
0.043  -0.874619
0.044  -0.869849
0.045  -0.865063
0.046  -0.860234
0.047  -0.855415
0.048  -0.850596
0.049  -0.845744
0.05  -0.840866
0.051  -0.835998
0.052  -0.831144
0.053  -0.826291
0.054  -0.821432
0.055  -0.816568
0.056  -0.811726
0.057  -0.806901
0.058  -0.802029
0.059  -0.797207
0.06  -0.79239
0.061  -0.787576
0.062  -0.78278
0.063  -0.778029
0.064  -0.773284
0.065  -0.768535
0.066  -0.763827
0.067  -0.759107
0.068  -0.754414
0.069  -0.749784
0.07  -0.745143
0.071  -0.740508
0.072  -0.735881
0.073  -0.731291
0.074  -0.726698
0.075  -0.722114
0.076  -0.717544
0.077  -0.713027
0.078  -0.708513
0.079  -0.703997
0.08  -0.699502
0.081  -0.695051
0.082  -0.690591
0.083  -0.686179
0.084  -0.681778
0.085  -0.677407
0.086  -0.673062
0.087  -0.668765
0.088  -0.664444
0.089  -0.660197
0.09  -0.655981
0.091  -0.651761
0.092  -0.647603
0.093  -0.643495
0.094  -0.639394
0.095  -0.63531
0.096  -0.631272
0.097  -0.627254
0.098  -0.623287
0.099  -0.619357
0.1  -0.615424
0.101  -0.611514
0.102  -0.607633
0.103  -0.603787
0.104  -0.599936
0.105  -0.596121
0.106  -0.592321
0.107  -0.588546
0.108  -0.584776
0.109  -0.581002
0.11  -0.577287
0.111  -0.573579
0.112  -0.569873
0.113  -0.56622
0.114  -0.562574
0.115  -0.558937
0.116  -0.555319
0.117  -0.551719
0.118  -0.548139
0.119  -0.544595
0.12  -0.541088
0.121  -0.537549
0.122  -0.534105
0.123  -0.530679
0.124  -0.527253
0.125  -0.523834
0.126  -0.520455
0.127  -0.517095
0.128  -0.513778
0.129  -0.510457
0.13  -0.507155
0.131  -0.503873
0.132  -0.500612
0.133  -0.497366
0.134  -0.494141
0.135  -0.490941
0.136  -0.487748
0.137  -0.484576
0.138  -0.481397
0.139  -0.478243
0.14  -0.475143
0.141  -0.471998
0.142  -0.468866
0.143  -0.465779
0.144  -0.462693
0.145  -0.459621
0.146  -0.456591
0.147  -0.453559
0.148  -0.450564
0.149  -0.447571
0.15  -0.444609
0.151  -0.441639
0.152  -0.438713
0.153  -0.435803
0.154  -0.432912
0.155  -0.430026
0.156  -0.427169
0.157  -0.424341
0.158  -0.42151
0.159  -0.418704
0.16  -0.41593
0.161  -0.413166
0.162  -0.410419
0.163  -0.407694
0.164  -0.404997
0.165  -0.402281
0.166  -0.39958
0.167  -0.396875
0.168  -0.394178
0.169  -0.391517
0.17  -0.38887
0.171  -0.386216
0.172  -0.383557
0.173  -0.380901
0.174  -0.378288
0.175  -0.375686
0.176  -0.373102
0.177  -0.370511
0.178  -0.367945
0.179  -0.365358
0.18  -0.362798
0.181  -0.360253
0.182  -0.357738
0.183  -0.355203
0.184  -0.352686
0.185  -0.350184
0.186  -0.347717
0.187  -0.345272
0.188  -0.342827
0.189  -0.340395
0.19  -0.337979
0.191  -0.335589
0.192  -0.333221
0.193  -0.330853
0.194  -0.328479
0.195  -0.326105
0.196  -0.323758
0.197  -0.321409
0.198  -0.31907
0.199  -0.316774
0.2  -0.314453
0.201  -0.312138
0.202  -0.309846
0.203  -0.307543
0.204  -0.305271
0.205  -0.303011
0.206  -0.300784
0.207  -0.298525
0.208  -0.296306
0.209  -0.294113
0.21  -0.291883
0.211  -0.289672
0.212  -0.287491
0.213  -0.285317
0.214  -0.283145
0.215  -0.281017
0.216  -0.278894
0.217  -0.276801
0.218  -0.27472
0.219  -0.272652
0.22  -0.270595
0.221  -0.268557
0.222  -0.266544
0.223  -0.264556
0.224  -0.262555
0.225  -0.260548
0.226  -0.258577
0.227  -0.256611
0.228  -0.254647
0.229  -0.252752
0.23  -0.25084
0.231  -0.248923
0.232  -0.247051
0.233  -0.245176
0.234  -0.243319
0.235  -0.241462
0.236  -0.239657
0.237  -0.237825
0.238  -0.236025
0.239  -0.234246
0.24  -0.232465
0.241  -0.230712
0.242  -0.228955
0.243  -0.227219
0.244  -0.225507
0.245  -0.223833
0.246  -0.222152
0.247  -0.220494
0.248  -0.21885
0.249  -0.217221
0.25  -0.215634
0.251  -0.21403
0.252  -0.212456
0.253  -0.210896
0.254  -0.20935
0.255  -0.207813
0.256  -0.206283
0.257  -0.204786
0.258  -0.203279
0.259  -0.201834
0.26  -0.200394
0.261  -0.198934
0.262  -0.197539
0.263  -0.196119
0.264  -0.194718
0.265  -0.193308
0.266  -0.191958
0.267  -0.190598
0.268  -0.189244
0.269  -0.187913
0.27  -0.186587
0.271  -0.185313
0.272  -0.184026
0.273  -0.182746
0.274  -0.181466
0.275  -0.180243
0.276  -0.178999
0.277  -0.177815
0.278  -0.176607
0.279  -0.175404
0.28  -0.174252
0.281  -0.173072
0.282  -0.171931
0.283  -0.170789
0.284  -0.169697
0.285  -0.168572
0.286  -0.167455
0.287  -0.16639
0.288  -0.165302
0.289  -0.164252
0.29  -0.163197
0.291  -0.162127
0.292  -0.161109
0.293  -0.160076
0.294  -0.159054
0.295  -0.158044
0.296  -0.15704
0.297  -0.156029
0.298  -0.155019
0.299  -0.154029
0.3  -0.153052
0.301  -0.15211
0.302  -0.151158
0.303  -0.150189
0.304  -0.149231
0.305  -0.148313
0.306  -0.147363
0.307  -0.146451
0.308  -0.145537
0.309  -0.144612
0.31  -0.143714
0.311  -0.142808
0.312  -0.141919
0.313  -0.14101
0.314  -0.140137
0.315  -0.139247
0.316  -0.138352
0.317  -0.137498
0.318  -0.136627
0.319  -0.135767
0.32  -0.134888
0.321  -0.134017
0.322  -0.133171
0.323  -0.132323
0.324  -0.131481
0.325  -0.130661
0.326  -0.129833
0.327  -0.128987
0.328  -0.128153
0.329  -0.127323
0.33  -0.126492
0.331  -0.125693
0.332  -0.124896
0.333  -0.124082
0.334  -0.123278
0.335  -0.122515
0.336  -0.121712
0.337  -0.120938
0.338  -0.120157
0.339  -0.11938
0.34  -0.118601
0.341  -0.117831
0.342  -0.117057
0.343  -0.11627
0.344  -0.115498
0.345  -0.114718
0.346  -0.113946
0.347  -0.113195
0.348  -0.112448
0.349  -0.111707
0.35  -0.110955
0.351  -0.110203
0.352  -0.109455
0.353  -0.108708
0.354  -0.107973
0.355  -0.107261
0.356  -0.106549
0.357  -0.105819
0.358  -0.105088
0.359  -0.104378
0.36  -0.103656
0.361  -0.102971
0.362  -0.102276
0.363  -0.101583
0.364  -0.100914
0.365  -0.100258
0.366  -0.0995735
0.367  -0.0989095
0.368  -0.0982476
0.369  -0.0975927
0.37  -0.0969449
0.371  -0.0962988
0.372  -0.0956647
0.373  -0.0950146
0.374  -0.094367
0.375  -0.093723
0.376  -0.0930979
0.377  -0.0924851
0.378  -0.0918806
0.379  -0.0912956
0.38  -0.0906776
0.381  -0.0900964
0.382  -0.0895029
0.383  -0.0889004
0.384  -0.088322
0.385  -0.0877601
0.386  -0.0872081
0.387  -0.0866406
0.388  -0.0860623
0.389  -0.0855072
0.39  -0.0849487
0.391  -0.0844173
0.392  -0.0838923
0.393  -0.0833792
0.394  -0.0828718
0.395  -0.082375
0.396  -0.081877
0.397  -0.0813743
0.398  -0.0808775
0.399  -0.0804004
0.4  -0.0799221
0.401  -0.0794516
0.402  -0.0789875
0.403  -0.0785192
0.404  -0.0780546
0.405  -0.0775993
0.406  -0.0771624
0.407  -0.076736
0.408  -0.0763046
0.409  -0.075897
0.41  -0.0754492
0.411  -0.0750311
0.412  -0.0746121
0.413  -0.0741902
0.414  -0.0737838
0.415  -0.0733802
0.416  -0.0729947
0.417  -0.072605
0.418  -0.0722016
0.419  -0.0718173
0.42  -0.0714239
0.421  -0.0710548
0.422  -0.0706874
0.423  -0.070331
0.424  -0.0699706
0.425  -0.069623
0.426  -0.0692813
0.427  -0.0689377
0.428  -0.0685955
0.429  -0.0682661
0.43  -0.0679298
0.431  -0.067609
0.432  -0.0672859
0.433  -0.0669596
0.434  -0.0666294
0.435  -0.0663029
0.436  -0.0659845
0.437  -0.0656867
0.438  -0.0653618
0.439  -0.0650572
0.44  -0.0647329
0.441  -0.0644256
0.442  -0.0641091
0.443  -0.0637991
0.444  -0.0634822
0.445  -0.0631628
0.446  -0.0628641
0.447  -0.0625653
0.448  -0.0622559
0.449  -0.0619608
0.45  -0.0616487
0.451  -0.061356
0.452  -0.0610677
0.453  -0.0607833
0.454  -0.0604981
0.455  -0.0602164
0.456  -0.0599341
0.457  -0.0596581
0.458  -0.0593862
0.459  -0.0591035
0.46  -0.0588273
0.461  -0.058562
0.462  -0.0582891
0.463  -0.0580128
0.464  -0.0577314
0.465  -0.0574444
0.466  -0.0571644
0.467  -0.0569112
0.468  -0.0566235
0.469  -0.0563398
0.47  -0.0560472
0.471  -0.0557601
0.472  -0.0554774
0.473  -0.0551954
0.474  -0.0549059
0.475  -0.0546128
0.476  -0.0543337
0.477  -0.0540608
0.478  -0.0537875
0.479  -0.0535149
0.48  -0.053227
0.481  -0.0529484
0.482  -0.0526848
0.483  -0.0524296
0.484  -0.0521706
0.485  -0.0519133
0.486  -0.0516345
0.487  -0.0513769
0.488  -0.051124
0.489  -0.0508633
0.49  -0.0506169
0.491  -0.0503715
0.492  -0.0501241
0.493  -0.0498741
0.494  -0.0496197
0.495  -0.0493679
0.496  -0.0491087
0.497  -0.0488652
0.498  -0.0485922
0.499  -0.0483418
0.5  -0.0480856
0.501  -0.0478321
0.502  -0.0475734
0.503  -0.0473205
0.504  -0.0470678
0.505  -0.0468178
0.506  -0.0465717
0.507  -0.0463388
0.508  -0.046107
0.509  -0.0458691
0.51  -0.045624
0.511  -0.0453865
0.512  -0.0451568
0.513  -0.0449366
0.514  -0.044713
0.515  -0.0444992
0.516  -0.0442703
0.517  -0.0440636
0.518  -0.0438532
0.519  -0.0436433
0.52  -0.0434432
0.521  -0.0432509
0.522  -0.0430525
0.523  -0.0428505
0.524  -0.0426624
0.525  -0.0424775
0.526  -0.0422897
0.527  -0.0421089
0.528  -0.041906
0.529  -0.0417285
0.53  -0.0415461
0.531  -0.0413706
0.532  -0.0411975
0.533  -0.0410147
0.534  -0.0408427
0.535  -0.040674
0.536  -0.0405105
0.537  -0.0403462
0.538  -0.0401889
0.539  -0.0400333
0.54  -0.0398663
0.541  -0.0397088
0.542  -0.0395549
0.543  -0.0394092
0.544  -0.039255
0.545  -0.0391035
0.546  -0.0389461
0.547  -0.0388077
0.548  -0.0386636
0.549  -0.0385217
0.55  -0.0383945
0.551  -0.0382712
0.552  -0.0381462
0.553  -0.038015
0.554  -0.0378933
0.555  -0.0377728
0.556  -0.0376579
0.557  -0.0375395
0.558  -0.0374068
0.559  -0.037291
0.56  -0.0371775
0.561  -0.0370696
0.562  -0.036964
0.563  -0.0368564
0.564  -0.0367466
0.565  -0.036641
0.566  -0.0365449
0.567  -0.0364401
0.568  -0.0363304
0.569  -0.0362221
0.57  -0.0361121
0.571  -0.0360035
0.572  -0.0358826
0.573  -0.0357869
0.574  -0.0356814
0.575  -0.0355701
0.576  -0.035457
0.577  -0.0353549
0.578  -0.0352501
0.579  -0.035149
0.58  -0.035048
0.581  -0.0349423
0.582  -0.0348377
0.583  -0.0347379
0.584  -0.0346393
0.585  -0.0345314
0.586  -0.0344382
0.587  -0.0343441
0.588  -0.0342357
0.589  -0.0341281
0.59  -0.0340313
0.591  -0.0339479
0.592  -0.0338525
0.593  -0.0337535
0.594  -0.0336529
0.595  -0.0335523
0.596  -0.03346
0.597  -0.0333659
0.598  -0.0332519
0.599  -0.0331464
0.6  -0.0330408
0.601  -0.0329271
0.602  -0.0327971
0.603  -0.0326915
0.604  -0.0325852
0.605  -0.0324671
0.606  -0.0323557
0.607  -0.0322425
0.608  -0.0321347
0.609  -0.0320275
0.61  -0.0319128
0.611  -0.031784
0.612  -0.0316674
0.613  -0.0315592
0.614  -0.0314543
0.615  -0.0313271
0.616  -0.0312193
0.617  -0.0311141
0.618  -0.0309952
0.619  -0.0308855
0.62  -0.0307881
0.621  -0.0307032
0.622  -0.0306022
0.623  -0.03049
0.624  -0.0303805
0.625  -0.0302634
0.626  -0.0301645
0.627  -0.0300535
0.628  -0.0299243
0.629  -0.0297992
0.63  -0.029698
0.631  -0.0295798
0.632  -0.02945
0.633  -0.0293277
0.634  -0.0292215
0.635  -0.0290913
0.636  -0.0289858
0.637  -0.0288677
0.638  -0.028751
0.639  -0.0286396
0.64  -0.0285161
0.641  -0.0283854
0.642  -0.0282698
0.643  -0.0281631
0.644  -0.0280661
0.645  -0.0279362
0.646  -0.0278168
0.647  -0.0277189
0.648  -0.0276188
0.649  -0.0275158
0.65  -0.0274232
0.651  -0.0273261
0.652  -0.0272232
0.653  -0.0271178
0.654  -0.0270195
0.655  -0.0269062
0.656  -0.0268243
0.657  -0.026722
0.658  -0.0266078
0.659  -0.0265028
0.66  -0.0264117
0.661  -0.0263168
0.662  -0.0262103
0.663  -0.0261044
0.664  -0.026021
0.665  -0.0259244
0.666  -0.0258454
0.667  -0.0257544
0.668  -0.0256675
0.669  -0.0255751
0.67  -0.0254915
0.671  -0.0254136
0.672  -0.0253295
0.673  -0.0252593
0.674  -0.0251926
0.675  -0.0250929
0.676  -0.0250111
0.677  -0.0249388
0.678  -0.0248775
0.679  -0.0248068
0.68  -0.0247406
0.681  -0.0246702
0.682  -0.0245942
0.683  -0.0245315
0.684  -0.0244712
0.685  -0.0243973
0.686  -0.024345
0.687  -0.0242792
0.688  -0.02421
0.689  -0.0241457
0.69  -0.0240902
0.691  -0.0240241
0.692  -0.0239534
0.693  -0.0238909
0.694  -0.0238436
0.695  -0.0237815
0.696  -0.0237384
0.697  -0.0236851
0.698  -0.0236374
0.699  -0.0235748
0.7  -0.0235236
0.701  -0.0234796
0.702  -0.0234249
0.703  -0.0233893
0.704  -0.0233464
0.705  -0.0232885
0.706  -0.0232368
0.707  -0.0231843
0.708  -0.0231412
0.709  -0.0230807
0.71  -0.0230395
0.711  -0.0229946
0.712  -0.0229367
0.713  -0.0228964
0.714  -0.0228538
0.715  -0.0228026
0.716  -0.0227557
0.717  -0.0227125
0.718  -0.0226712
0.719  -0.0226264
0.72  -0.0225878
0.721  -0.022535
0.722  -0.0224713
0.723  -0.0224176
0.724  -0.0223689
0.725  -0.0223092
0.726  -0.0222785
0.727  -0.0222309
0.728  -0.022187
0.729  -0.0221321
0.73  -0.0220766
0.731  -0.0220151
0.732  -0.0219579
0.733  -0.0219131
0.734  -0.0218554
0.735  -0.0218016
0.736  -0.0217387
0.737  -0.0216653
0.738  -0.0216063
0.739  -0.0215344
0.74  -0.0214776
0.741  -0.0214234
0.742  -0.0213622
0.743  -0.0213112
0.744  -0.0212516
0.745  -0.0211795
0.746  -0.0211209
0.747  -0.0210685
0.748  -0.021016
0.749  -0.0209646
0.75  -0.0209226
0.751  -0.0208565
0.752  -0.0207863
0.753  -0.0207223
0.754  -0.0206547
0.755  -0.0205877
0.756  -0.020554
0.757  -0.0204962
0.758  -0.0204389
0.759  -0.0203791
0.76  -0.0203093
0.761  -0.0202314
0.762  -0.0201693
0.763  -0.0201083
0.764  -0.020042
0.765  -0.0199809
0.766  -0.0199044
0.767  -0.0198258
0.768  -0.0197446
0.769  -0.0196745
0.77  -0.0196103
0.771  -0.0195481
0.772  -0.0194851
0.773  -0.0194271
0.774  -0.0193526
0.775  -0.0192695
0.776  -0.0192046
0.777  -0.0191401
0.778  -0.0190739
0.779  -0.0190172
0.78  -0.0189636
0.781  -0.0188836
0.782  -0.0188119
0.783  -0.0187452
0.784  -0.0186726
0.785  -0.0186157
0.786  -0.0185692
0.787  -0.018512
0.788  -0.0184438
0.789  -0.018385
0.79  -0.0183148
0.791  -0.0182387
0.792  -0.018168
0.793  -0.0181066
0.794  -0.0180424
0.795  -0.0179862
0.796  -0.0179155
0.797  -0.0178492
0.798  -0.0177738
0.799  -0.0177149
0.8  -0.0176533
0.801  -0.0175904
0.802  -0.0175268
0.803  -0.0174732
0.804  -0.0173915
0.805  -0.0173187
0.806  -0.0172599
0.807  -0.0172023
0.808  -0.0171346
0.809  -0.0170753
0.81  -0.0170225
0.811  -0.016957
0.812  -0.0169
0.813  -0.0168402
0.814  -0.0167726
0.815  -0.0167307
0.816  -0.0166861
0.817  -0.0166325
0.818  -0.0165716
0.819  -0.016529
0.82  -0.0164802
0.821  -0.0164247
0.822  -0.0163644
0.823  -0.0163144
0.824  -0.0162608
0.825  -0.01622
0.826  -0.0161559
0.827  -0.0161132
0.828  -0.0160554
0.829  -0.0160058
0.83  -0.0159585
0.831  -0.0159038
0.832  -0.015854
0.833  -0.0158022
0.834  -0.0157331
0.835  -0.0156754
0.836  -0.0156296
0.837  -0.0155841
0.838  -0.0155241
0.839  -0.0154694
0.84  -0.0154243
0.841  -0.0153717
0.842  -0.0153291
0.843  -0.0152766
0.844  -0.0152113
0.845  -0.0151764
0.846  -0.0151289
0.847  -0.0150848
0.848  -0.0150366
0.849  -0.0149915
0.85  -0.0149575
0.851  -0.0149129
0.852  -0.0148719
0.853  -0.0148301
0.854  -0.0147758
0.855  -0.0147361
0.856  -0.0146782
0.857  -0.0146357
0.858  -0.0145842
0.859  -0.0145321
0.86  -0.01448
0.861  -0.0144293
0.862  -0.0143806
0.863  -0.0143291
0.864  -0.0142718
0.865  -0.0142175
0.866  -0.014167
0.867  -0.0141242
0.868  -0.0140689
0.869  -0.0140091
0.87  -0.0139558
0.871  -0.0138996
0.872  -0.013848
0.873  -0.013792
0.874  -0.0137276
0.875  -0.0136834
0.876  -0.0136273
0.877  -0.0135783
0.878  -0.0135269
0.879  -0.0134761
0.88  -0.0134335
0.881  -0.013381
0.882  -0.0133375
0.883  -0.01328
0.884  -0.0132181
0.885  -0.0131638
0.886  -0.0130979
0.887  -0.013045
0.888  -0.0129841
0.889  -0.0129205
0.89  -0.0128531
0.891  -0.0127936
0.892  -0.0127357
0.893  -0.0126733
0.894  -0.012615
0.895  -0.0125633
0.896  -0.0125042
0.897  -0.012453
0.898  -0.0123893
0.899  -0.0123294
0.9  -0.0122695
0.901  -0.0122061
0.902  -0.0121506
0.903  -0.0120827
0.904  -0.0120213
0.905  -0.011964
0.906  -0.0119059
0.907  -0.0118476
0.908  -0.011796
0.909  -0.011742
0.91  -0.0116923
0.911  -0.0116373
0.912  -0.0115926
0.913  -0.0115254
0.914  -0.0114548
0.915  -0.0113912
0.916  -0.0113219
0.917  -0.0112664
0.918  -0.0111977
0.919  -0.0111358
0.92  -0.0110713
0.921  -0.0110085
0.922  -0.0109543
0.923  -0.010895
0.924  -0.0108415
0.925  -0.010781
0.926  -0.0107271
0.927  -0.010673
0.928  -0.01061
0.929  -0.0105535
0.93  -0.0104958
0.931  -0.0104321
0.932  -0.0103831
0.933  -0.0103147
0.934  -0.0102589
0.935  -0.010208
0.936  -0.0101571
0.937  -0.0101084
0.938  -0.0100541
0.939  -0.00999745
0.94  -0.00995158
0.941  -0.00990389
0.942  -0.00985947
0.943  -0.00979686
0.944  -0.0097439
0.945  -0.00968729
0.946  -0.00962974
0.947  -0.00958098
0.948  -0.00952437
0.949  -0.00947025
0.95  -0.00942299
0.951  -0.00936714
0.952  -0.00932746
0.953  -0.00928399
0.954  -0.00923852
0.955  -0.00918619
0.956  -0.00913584
0.957  -0.00909677
0.958  -0.00904995
0.959  -0.00900448
0.96  -0.00895664
0.961  -0.00890676
0.962  -0.00886987
0.963  -0.00881697
0.964  -0.00876871
0.965  -0.00872454
0.966  -0.0086866
0.967  -0.00864585
0.968  -0.00860264
0.969  -0.00855339
0.97  -0.00851516
0.971  -0.00847621
0.972  -0.00843434
0.973  -0.00838202
0.974  -0.00834201
0.975  -0.00829717
0.976  -0.00825073
0.977  -0.00821109
0.978  -0.00816479
0.979  -0.00812302
0.98  -0.00808305
0.981  -0.00803523
0.982  -0.00799106
0.983  -0.00795715
0.984  -0.00791948
0.985  -0.00787318
0.986  -0.00782776
0.987  -0.00779049
0.988  -0.0077417
0.989  -0.00770201
0.99  -0.00766262
0.991  -0.0076217
0.992  -0.0075863
0.993  -0.00753791
0.994  -0.00749467
0.995  -0.00745609
0.996  -0.00741902
0.997  -0.00738205
0.998  -0.00733639
0.999  -0.00729183
1  -0.00724683
1.001  -0.0072174
1.002  -0.00718044
1.003  -0.00713665
1.004  -0.00710233
1.005  -0.00705984
1.006  -0.0070216
1.007  -0.00699602
1.008  -0.00695463
1.009  -0.00691628
1.01  -0.00687492
1.011  -0.00683702
1.012  -0.00679646
1.013  -0.00675919
1.014  -0.00672059
1.015  -0.00668275
1.016  -0.00664282
1.017  -0.0066089
1.018  -0.00656892
1.019  -0.00654363
1.02  -0.00650825
1.021  -0.00646401
1.022  -0.00642615
1.023  -0.00637833
1.024  -0.00633438
1.025  -0.00629662
1.026  -0.00625497
1.027  -0.00621428
1.028  -0.00616487
1.029  -0.00612852
1.03  -0.00607978
1.031  -0.00604442
1.032  -0.00600747
1.033  -0.00596459
1.034  -0.00592517
1.035  -0.00588583
1.036  -0.00584199
1.037  -0.00581163
1.038  -0.00576431
1.039  -0.00572002
1.04  -0.00568038
1.041  -0.0056409
1.042  -0.00560616
1.043  -0.00556997
1.044  -0.00553173
1.045  -0.00549527
1.046  -0.00545634
1.047  -0.00542235
1.048  -0.00538477
1.049  -0.00535606
1.05  -0.00532225
1.051  -0.00527809
1.052  -0.00523633
1.053  -0.00519181
1.054  -0.00514237
1.055  -0.00510954
1.056  -0.00506586
1.057  -0.00502876
1.058  -0.00498701
1.059  -0.0049496
1.06  -0.00490158
1.061  -0.00485925
1.062  -0.00482494
1.063  -0.00478636
1.064  -0.00474592
1.065  -0.00471239
1.066  -0.00467246
1.067  -0.00463789
1.068  -0.00459973
1.069  -0.00456082
1.07  -0.00452825
1.071  -0.0045004
1.072  -0.00446584
1.073  -0.0044348
1.074  -0.0044054
1.075  -0.0043768
1.076  -0.00434377
1.077  -0.00431274
1.078  -0.00428124
1.079  -0.00426186
1.08  -0.00423692
1.081  -0.00420103
1.082  -0.00416869
1.083  -0.00413978
1.084  -0.00410467
1.085  -0.00408494
1.086  -0.00405529
1.087  -0.00402584
1.088  -0.0040024
1.089  -0.00397436
1.09  -0.00393655
1.091  -0.00390758
1.092  -0.00388597
1.093  -0.00385793
1.094  -0.00382286
1.095  -0.00379401
1.096  -0.00376343
1.097  -0.00373866
1.098  -0.0037146
1.099  -0.0036897
1.1  -0.00366853
1.101  -0.0036491
1.102  -0.00362044
1.103  -0.00359545
1.104  -0.00357637
1.105  -0.00355132
1.106  -0.00352956
1.107  -0.00350374
1.108  -0.00348662
1.109  -0.00346865
1.11  -0.00344909
1.111  -0.00341706
1.112  -0.0033942
1.113  -0.00337336
1.114  -0.00335942
1.115  -0.00334719
1.116  -0.00332303
1.117  -0.00329567
1.118  -0.00327837
1.119  -0.00326162
1.12  -0.0032316
1.121  -0.00321148
1.122  -0.00319525
1.123  -0.00317258
1.124  -0.00315072
1.125  -0.00313057
1.126  -0.0031049
1.127  -0.00308476
1.128  -0.0030681
1.129  -0.00304813
1.13  -0.00303111
1.131  -0.00301271
1.132  -0.00299635
1.133  -0.00296717
1.134  -0.00295309
1.135  -0.00293945
1.136  -0.00292743
1.137  -0.00290856
1.138  -0.00289239
1.139  -0.00288002
1.14  -0.00286549
1.141  -0.00284018
1.142  -0.00281342
1.143  -0.00279273
1.144  -0.00277578
1.145  -0.00276648
1.146  -0.00274805
1.147  -0.00272661
1.148  -0.00271402
1.149  -0.00270696
1.15  -0.00268267
1.151  -0.00266367
1.152  -0.00265126
1.153  -0.00262735
1.154  -0.00260626
1.155  -0.00258788
1.156  -0.00255788
1.157  -0.00253645
1.158  -0.00250842
1.159  -0.00249163
1.16  -0.0024793
1.161  -0.00246829
1.162  -0.00245173
1.163  -0.00243234
1.164  -0.00241923
1.165  -0.00240292
1.166  -0.00239136
1.167  -0.00237788
1.168  -0.00236182
1.169  -0.00235033
1.17  -0.00233867
1.171  -0.00232752
1.172  -0.00231177
1.173  -0.00229148
1.174  -0.00228335
1.175  -0.00228055
1.176  -0.00226967
1.177  -0.00226849
1.178  -0.0022535
1.179  -0.00224632
1.18  -0.0022365
1.181  -0.00223285
1.182  -0.00222365
1.183  -0.00220852
1.184  -0.00218918
1.185  -0.00217542
1.186  -0.00214727
1.187  -0.00213305
1.188  -0.00211684
1.189  -0.00210343
1.19  -0.00209272
1.191  -0.00208501
1.192  -0.00207271
1.193  -0.00205431
1.194  -0.00204636
1.195  -0.00203647
1.196  -0.00202659
1.197  -0.00201769
1.198  -0.00200307
1.199  -0.00198824
1.2  -0.0019797
1.201  -0.00197567
1.202  -0.00196381
1.203  -0.00195789
1.204  -0.00195771
1.205  -0.00196218
1.206  -0.00195664
1.207  -0.00195934
1.208  -0.00195376
1.209  -0.00194639
1.21  -0.00194513
1.211  -0.00195505
1.212  -0.00194865
1.213  -0.00194301
1.214  -0.00193079
1.215  -0.00192349
1.216  -0.00191309
1.217  -0.00190964
1.218  -0.00190451
1.219  -0.00188966
1.22  -0.00187955
1.221  -0.00187446
1.222  -0.00186854
1.223  -0.00185379
1.224  -0.00184981
1.225  -0.00184604
1.226  -0.00184321
1.227  -0.00183803
1.228  -0.00182952
1.229  -0.00181848
1.23  -0.00181073
1.231  -0.00180953
1.232  -0.0018
1.233  -0.00179848
1.234  -0.00180076
1.235  -0.00180104
1.236  -0.00179394
1.237  -0.00179211
1.238  -0.00178596
1.239  -0.00178683
1.24  -0.00178904
1.241  -0.00179273
1.242  -0.00178991
1.243  -0.00179058
1.244  -0.00178278
1.245  -0.00177463
1.246  -0.00177558
1.247  -0.00177271
1.248  -0.0017653
1.249  -0.00176193
1.25  -0.00175803
1.251  -0.00175626
1.252  -0.00175393
1.253  -0.00173945
1.254  -0.00174068
1.255  -0.0017462
1.256  -0.00175319
1.257  -0.00176127
1.258  -0.00175208
1.259  -0.00174261
1.26  -0.00173326
1.261  -0.00173874
1.262  -0.00173031
1.263  -0.00172969
1.264  -0.00173195
1.265  -0.00172734
1.266  -0.0017306
1.267  -0.00172947
1.268  -0.00172516
1.269  -0.0017195
1.27  -0.00171947
1.271  -0.00172448
1.272  -0.00172422
1.273  -0.00172061
1.274  -0.00171216
1.275  -0.00170303
1.276  -0.00170117
1.277  -0.00170784
1.278  -0.00170627
1.279  -0.0017088
1.28  -0.00170717
1.281  -0.00170968
1.282  -0.00171092
1.283  -0.00170234
1.284  -0.00170098
1.285  -0.00169842
1.286  -0.00170911
1.287  -0.00171084
1.288  -0.00171482
1.289  -0.00170405
1.29  -0.00169393
1.291  -0.00170167
1.292  -0.00169731
1.293  -0.00169818
1.294  -0.00170006
1.295  -0.00169881
1.296  -0.00168874
1.297  -0.00167977
1.298  -0.00168418
1.299  -0.00167596
1.3  -0.00167376
1.301  -0.00167396
1.302  -0.0016774
1.303  -0.00167266
1.304  -0.00166382
1.305  -0.00165692
1.306  -0.00164487
1.307  -0.00163938
1.308  -0.00164677
1.309  -0.00165447
1.31  -0.00164869
1.311  -0.00164735
1.312  -0.0016479
1.313  -0.00164454
1.314  -0.00163269
1.315  -0.00163188
1.316  -0.00164549
1.317  -0.00164427
1.318  -0.00164985
1.319  -0.00164313
1.32  -0.00162914
1.321  -0.00163307
1.322  -0.00163159
1.323  -0.0016325
1.324  -0.00163314
1.325  -0.00163663
1.326  -0.00164307
1.327  -0.00163118
1.328  -0.00162995
1.329  -0.0016271
1.33  -0.00162161
1.331  -0.00162201
1.332  -0.00162252
1.333  -0.00163112
1.334  -0.00162754
1.335  -0.00162346
1.336  -0.00160958
1.337  -0.0016034
1.338  -0.00160949
1.339  -0.00162019
1.34  -0.00161394
1.341  -0.00161368
1.342  -0.00161811
1.343  -0.00161827
1.344  -0.00160694
1.345  -0.0016102
1.346  -0.00161663
1.347  -0.00161702
1.348  -0.0016243
1.349  -0.00162828
1.35  -0.00161689
1.351  -0.00162289
1.352  -0.00162345
1.353  -0.0016281
1.354  -0.0016327
1.355  -0.00164332
1.356  -0.00164789
1.357  -0.0016334
1.358  -0.00163678
1.359  -0.00163529
1.36  -0.00163393
1.361  -0.0016347
1.362  -0.00163334
1.363  -0.00165279
1.364  -0.00163827
1.365  -0.00163805
1.366  -0.0016321
1.367  -0.00162964
1.368  -0.001632
1.369  -0.0016454
1.37  -0.00163385
1.371  -0.00162756
1.372  -0.00162541
1.373  -0.00161988
1.374  -0.00160827
1.375  -0.00161268
1.376  -0.00162954
1.377  -0.00163188
1.378  -0.00163948
1.379  -0.00164846
1.38  -0.00165585
1.381  -0.00166086
1.382  -0.00166249
1.383  -0.0016665
1.384  -0.00168339
1.385  -0.00168277
1.386  -0.00167411
1.387  -0.00167533
1.388  -0.0016714
1.389  -0.00167939
1.39  -0.00167366
1.391  -0.00169164
1.392  -0.00169661
1.393  -0.0017109
1.394  -0.0017036
1.395  -0.00170027
1.396  -0.00168814
1.397  -0.00168774
1.398  -0.0016827
1.399  -0.00167646
1.4  -0.00168703
1.401  -0.00167144
1.402  -0.00167067
1.403  -0.00166222
1.404  -0.00165602
1.405  -0.00168511
1.406  -0.00170111
1.407  -0.00170643
1.408  -0.00171051
1.409  -0.00173105
1.41  -0.00172823
1.411  -0.00173946
1.412  -0.00174701
1.413  -0.00175924
1.414  -0.00177894
1.415  -0.00177445
1.416  -0.00177326
1.417  -0.00177928
1.418  -0.00179086
1.419  -0.00178078
1.42  -0.00177925
1.421  -0.00180078
1.422  -0.00180546
1.423  -0.0018212
1.424  -0.0018069
1.425  -0.00178654
1.426  -0.00178968
1.427  -0.00179114
1.428  -0.00178534
1.429  -0.0017791
1.43  -0.00178334
1.431  -0.00177469
1.432  -0.00177506
1.433  -0.00177622
1.434  -0.00178021
1.435  -0.00178896
1.436  -0.00178166
1.437  -0.0017779
1.438  -0.00177745
1.439  -0.00180747
1.44  -0.00178081
1.441  -0.00178909
1.442  -0.00175639
1.443  -0.00175127
1.444  -0.00176516
1.445  -0.00177673
1.446  -0.00175123
1.447  -0.00177526
1.448  -0.00179451
1.449  -0.00177496
1.45  -0.00176935
1.451  -0.00175435
1.452  -0.00176048
1.453  -0.00177685
1.454  -0.00175495
1.455  -0.00175551
1.456  -0.00174599
1.457  -0.00174657
1.458  -0.00174065
1.459  -0.00175637
1.46  -0.00176246
1.461  -0.00178178
1.462  -0.0017986
1.463  -0.00181727
1.464  -0.00180341
1.465  -0.00182381
1.466  -0.00178456
1.467  -0.00175746
1.468  -0.00175443
1.469  -0.00177983
1.47  -0.00179983
1.471  -0.0017948
1.472  -0.00178812
1.473  -0.00181368
1.474  -0.00183161
1.475  -0.00184803
1.476  -0.00183475
1.477  -0.00185037
1.478  -0.00187099
1.479  -0.00187486
1.48  -0.00188365
1.481  -0.00186546
1.482  -0.00185736
1.483  -0.00187178
1.484  -0.0018858
1.485  -0.00191627
1.486  -0.00193915
1.487  -0.00196122
1.488  -0.00195819
1.489  -0.0019605
1.49  -0.00195801
1.491  -0.00197483
1.492  -0.00197744
1.493  -0.00198102
1.494  -0.0019846
1.495  -0.00201053
1.496  -0.00200209
1.497  -0.00199364
1.498  -0.0019852
1.499  -0.00200223
1.5  -0.00201925
1.501  -0.00201925
1.502  -0.00201925
1.503  -0.00201925
1.504  -0.00201925
1.505  -0.00201925
1.506  -0.00201925
1.507  -0.00201925
1.508  -0.00201925
1.509  -0.00201925
1.51  -0.00201925
1.511  -0.00201925
1.512  -0.00201925
1.513  -0.00201925
1.514  -0.00201925
1.515  -0.00201925
1.516  -0.00201925
1.517  -0.00201925
1.518  -0.00201925
1.519  -0.00201925
1.52  -0.00201925
1.521  -0.00201925
1.522  -0.00201925
1.523  -0.00201925
1.524  -0.00201925
1.525  -0.00201925
1.526  -0.00201925
1.527  -0.00201925
1.528  -0.00201925
1.529  -0.00201925
1.53  -0.00201925
1.531  -0.00201925
1.532  -0.00201925
1.533  -0.00201925
1.534  -0.00201925
1.535  -0.00201925
1.536  -0.00201925
1.537  -0.00201925
1.538  -0.00201925
1.539  -0.00201925
1.54  -0.00201925
1.541  -0.00201925
1.542  -0.00201925
1.543  -0.00201925
1.544  -0.00201925
1.545  -0.00201925
1.546  -0.00201925
1.547  -0.00201925
1.548  -0.00201925
1.549  -0.00201925
1.55  -0.00201925
1.551  -0.00201925
1.552  -0.00201925
1.553  -0.00201925
1.554  -0.00201925
1.555  -0.00201925
1.556  -0.00201925
1.557  -0.00201925
1.558  -0.00201925
1.559  -0.00201925
1.56  -0.00201925
1.561  -0.00201925
1.562  -0.00201925
1.563  -0.00201925
1.564  -0.00201925
1.565  -0.00201925
1.566  -0.00201925
1.567  -0.00201925
1.568  -0.00201925
1.569  -0.00201925
1.57  -0.00201925
1.571  -0.00201925
1.572  -0.00201925
1.573  -0.00201925
1.574  -0.00201925
1.575  -0.00201925
1.576  -0.00201925
1.577  -0.00201925
1.578  -0.00201925
1.579  -0.00201925
1.58  -0.00201925
1.581  -0.00201925
1.582  -0.00201925
1.583  -0.00201925
1.584  -0.00201925
1.585  -0.00201925
1.586  -0.00201925
1.587  -0.00201925
1.588  -0.00201925
1.589  -0.00201925
1.59  -0.00201925
1.591  -0.00201925
1.592  -0.00201925
1.593  -0.00201925
1.594  -0.00201925
1.595  -0.00201925
1.596  -0.00201925
1.597  -0.00201925
1.598  -0.00201925
1.599  -0.00201925
1.6  -0.00201925
1.601  -0.00201925
1.602  -0.00201925
1.603  -0.00201925
1.604  -0.00201925
1.605  -0.00201925
1.606  -0.00201925
1.607  -0.00201925
1.608  -0.00201925
1.609  -0.00201925
1.61  -0.00201925
1.611  -0.00201925
1.612  -0.00201925
1.613  -0.00201925
1.614  -0.00201925
1.615  -0.00201925
1.616  -0.00201925
1.617  -0.00201925
1.618  -0.00201925
1.619  -0.00201925
1.62  -0.00201925
1.621  -0.00201925
1.622  -0.00201925
1.623  -0.00201925
1.624  -0.00201925
1.625  -0.00201925
1.626  -0.00201925
1.627  -0.00201925
1.628  -0.00201925
1.629  -0.00201925
1.63  -0.00201925
1.631  -0.00201925
1.632  -0.00201925
1.633  -0.00201925
1.634  -0.00201925
1.635  -0.00201925
1.636  -0.00201925
1.637  -0.00201925
1.638  -0.00201925
1.639  -0.00201925
1.64  -0.00201925
1.641  -0.00201925
1.642  -0.00201925
1.643  -0.00201925
1.644  -0.00201925
1.645  -0.00201925
1.646  -0.00201925
1.647  -0.00201925
1.648  -0.00201925
1.649  -0.00201925
1.65  -0.00201925
1.651  -0.00201925
1.652  -0.00201925
1.653  -0.00201925
1.654  -0.00201925
1.655  -0.00201925
1.656  -0.00201925
1.657  -0.00201925
1.658  -0.00201925
1.659  -0.00201925
1.66  -0.00201925
1.661  -0.00201925
1.662  -0.00201925
1.663  -0.00201925
1.664  -0.00201925
1.665  -0.00201925
1.666  -0.00201925
1.667  -0.00201925
1.668  -0.00201925
1.669  -0.00201925
1.67  -0.00201925
1.671  -0.00201925
1.672  -0.00201925
1.673  -0.00201925
1.674  -0.00201925
1.675  -0.00201925
1.676  -0.00201925
1.677  -0.00201925
1.678  -0.00201925
1.679  -0.00201925
1.68  -0.00201925
1.681  -0.00201925
1.682  -0.00201925
1.683  -0.00201925
1.684  -0.00201925
1.685  -0.00201925
1.686  -0.00201925
1.687  -0.00201925
1.688  -0.00201925
1.689  -0.00201925
1.69  -0.00201925
1.691  -0.00201925
1.692  -0.00201925
1.693  -0.00201925
1.694  -0.00201925
1.695  -0.00201925
1.696  -0.00201925
1.697  -0.00201925
1.698  -0.00201925
1.699  -0.00201925
1.7  -0.00201925
1.701  -0.00201925
1.702  -0.00201925
1.703  -0.00201925
1.704  -0.00201925
1.705  -0.00201925
1.706  -0.00201925
1.707  -0.00201925
1.708  -0.00201925
1.709  -0.00201925
1.71  -0.00201925
1.711  -0.00201925
1.712  -0.00201925
1.713  -0.00201925
1.714  -0.00201925
1.715  -0.00201925
1.716  -0.00201925
1.717  -0.00201925
1.718  -0.00201925
1.719  -0.00201925
1.72  -0.00201925
1.721  -0.00201925
1.722  -0.00201925
1.723  -0.00201925
1.724  -0.00201925
1.725  -0.00201925
1.726  -0.00201925
1.727  -0.00201925
1.728  -0.00201925
1.729  -0.00201925
1.73  -0.00201925
1.731  -0.00201925
1.732  -0.00201925
1.733  -0.00201925
1.734  -0.00201925
1.735  -0.00201925
1.736  -0.00201925
1.737  -0.00201925
1.738  -0.00201925
1.739  -0.00201925
1.74  -0.00201925
1.741  -0.00201925
1.742  -0.00201925
1.743  -0.00201925
1.744  -0.00201925
1.745  -0.00201925
1.746  -0.00201925
1.747  -0.00201925
1.748  -0.00201925
1.749  -0.00201925
1.75  -0.00201925
1.751  -0.00201925
1.752  -0.00201925
1.753  -0.00201925
1.754  -0.00201925
1.755  -0.00201925
1.756  -0.00201925
1.757  -0.00201925
1.758  -0.00201925
1.759  -0.00201925
1.76  -0.00201925
1.761  -0.00201925
1.762  -0.00201925
1.763  -0.00201925
1.764  -0.00201925
1.765  -0.00201925
1.766  -0.00201925
1.767  -0.00201925
1.768  -0.00201925
1.769  -0.00201925
1.77  -0.00201925
1.771  -0.00201925
1.772  -0.00201925
1.773  -0.00201925
1.774  -0.00201925
1.775  -0.00201925
1.776  -0.00201925
1.777  -0.00201925
1.778  -0.00201925
1.779  -0.00201925
1.78  -0.00201925
1.781  -0.00201925
1.782  -0.00201925
1.783  -0.00201925
1.784  -0.00201925
1.785  -0.00201925
1.786  -0.00201925
1.787  -0.00201925
1.788  -0.00201925
1.789  -0.00201925
1.79  -0.00201925
1.791  -0.00201925
1.792  -0.00201925
1.793  -0.00201925
1.794  -0.00201925
1.795  -0.00201925
1.796  -0.00201925
1.797  -0.00201925
1.798  -0.00201925
1.799  -0.00201925
1.8  -0.00201925
1.801  -0.00201925
1.802  -0.00201925
1.803  -0.00201925
1.804  -0.00201925
1.805  -0.00201925
1.806  -0.00201925
1.807  -0.00201925
1.808  -0.00201925
1.809  -0.00201925
1.81  -0.00201925
1.811  -0.00201925
1.812  -0.00201925
1.813  -0.00201925
1.814  -0.00201925
1.815  -0.00201925
1.816  -0.00201925
1.817  -0.00201925
1.818  -0.00201925
1.819  -0.00201925
1.82  -0.00201925
1.821  -0.00201925
1.822  -0.00201925
1.823  -0.00201925
1.824  -0.00201925
1.825  -0.00201925
1.826  -0.00201925
1.827  -0.00201925
1.828  -0.00201925
1.829  -0.00201925
1.83  -0.00201925
1.831  -0.00201925
1.832  -0.00201925
1.833  -0.00201925
1.834  -0.00201925
1.835  -0.00201925
1.836  -0.00201925
1.837  -0.00201925
1.838  -0.00201925
1.839  -0.00201925
1.84  -0.00201925
1.841  -0.00201925
1.842  -0.00201925
1.843  -0.00201925
1.844  -0.00201925
1.845  -0.00201925
1.846  -0.00201925
1.847  -0.00201925
1.848  -0.00201925
1.849  -0.00201925
1.85  -0.00201925
1.851  -0.00201925
1.852  -0.00201925
1.853  -0.00201925
1.854  -0.00201925
1.855  -0.00201925
1.856  -0.00201925
1.857  -0.00201925
1.858  -0.00201925
1.859  -0.00201925
1.86  -0.00201925
1.861  -0.00201925
1.862  -0.00201925
1.863  -0.00201925
1.864  -0.00201925
1.865  -0.00201925
1.866  -0.00201925
1.867  -0.00201925
1.868  -0.00201925
1.869  -0.00201925
1.87  -0.00201925
1.871  -0.00201925
1.872  -0.00201925
1.873  -0.00201925
1.874  -0.00201925
1.875  -0.00201925
1.876  -0.00201925
1.877  -0.00201925
1.878  -0.00201925
1.879  -0.00201925
1.88  -0.00201925
1.881  -0.00201925
1.882  -0.00201925
1.883  -0.00201925
1.884  -0.00201925
1.885  -0.00201925
1.886  -0.00201925
1.887  -0.00201925
1.888  -0.00201925
1.889  -0.00201925
1.89  -0.00201925
1.891  -0.00201925
1.892  -0.00201925
1.893  -0.00201925
1.894  -0.00201925
1.895  -0.00201925
1.896  -0.00201925
1.897  -0.00201925
1.898  -0.00201925
1.899  -0.00201925
1.9  -0.00201925
1.901  -0.00201925
1.902  -0.00201925
1.903  -0.00201925
1.904  -0.00201925
1.905  -0.00201925
1.906  -0.00201925
1.907  -0.00201925
1.908  -0.00201925
1.909  -0.00201925
1.91  -0.00201925
1.911  -0.00201925
1.912  -0.00201925
1.913  -0.00201925
1.914  -0.00201925
1.915  -0.00201925
1.916  -0.00201925
1.917  -0.00201925
1.918  -0.00201925
1.919  -0.00201925
1.92  -0.00201925
1.921  -0.00201925
1.922  -0.00201925
1.923  -0.00201925
1.924  -0.00201925
1.925  -0.00201925
1.926  -0.00201925
1.927  -0.00201925
1.928  -0.00201925
1.929  -0.00201925
1.93  -0.00201925
1.931  -0.00201925
1.932  -0.00201925
1.933  -0.00201925
1.934  -0.00201925
1.935  -0.00201925
1.936  -0.00201925
1.937  -0.00201925
1.938  -0.00201925
1.939  -0.00201925
1.94  -0.00201925
1.941  -0.00201925
1.942  -0.00201925
1.943  -0.00201925
1.944  -0.00201925
1.945  -0.00201925
1.946  -0.00201925
1.947  -0.00201925
1.948  -0.00201925
1.949  -0.00201925
1.95  -0.00201925
1.951  -0.00201925
1.952  -0.00201925
1.953  -0.00201925
1.954  -0.00201925
1.955  -0.00201925
1.956  -0.00201925
1.957  -0.00201925
1.958  -0.00201925
1.959  -0.00201925
1.96  -0.00201925
1.961  -0.00201925
1.962  -0.00201925
1.963  -0.00201925
1.964  -0.00201925
1.965  -0.00201925
1.966  -0.00201925
1.967  -0.00201925
1.968  -0.00201925
1.969  -0.00201925
1.97  -0.00201925
1.971  -0.00201925
1.972  -0.00201925
1.973  -0.00201925
1.974  -0.00201925
1.975  -0.00201925
1.976  -0.00201925
1.977  -0.00201925
1.978  -0.00201925
1.979  -0.00201925
1.98  -0.00201925
1.981  -0.00201925
1.982  -0.00201925
1.983  -0.00201925
1.984  -0.00201925
1.985  -0.00201925
1.986  -0.00201925
1.987  -0.00201925
1.988  -0.00201925
1.989  -0.00201925
1.99  -0.00201925
1.991  -0.00201925
1.992  -0.00201925
1.993  -0.00201925
1.994  -0.00201925
1.995  -0.00201925
1.996  -0.00201925
1.997  -0.00201925
1.998  -0.00201925
1.999  -0.00201925
2  -0.00201925
2.001  -0.00201925
2.002  -0.00201925
2.003  -0.00201925
2.004  -0.00201925
2.005  -0.00201925
2.006  -0.00201925
2.007  -0.00201925
2.008  -0.00201925
2.009  -0.00201925
2.01  -0.00201925
2.011  -0.00201925
2.012  -0.00201925
2.013  -0.00201925
2.014  -0.00201925
2.015  -0.00201925
2.016  -0.00201925
2.017  -0.00201925
2.018  -0.00201925
2.019  -0.00201925
2.02  -0.00201925
2.021  -0.00201925
2.022  -0.00201925
2.023  -0.00201925
2.024  -0.00201925
2.025  -0.00201925
2.026  -0.00201925
2.027  -0.00201925
2.028  -0.00201925
2.029  -0.00201925
2.03  -0.00201925
2.031  -0.00201925
2.032  -0.00201925
2.033  -0.00201925
2.034  -0.00201925
2.035  -0.00201925
2.036  -0.00201925
2.037  -0.00201925
2.038  -0.00201925
2.039  -0.00201925
2.04  -0.00201925
2.041  -0.00201925
2.042  -0.00201925
2.043  -0.00201925
2.044  -0.00201925
2.045  -0.00201925
2.046  -0.00201925
2.047  -0.00201925
2.048  -0.00201925
2.049  -0.00201925
2.05  -0.00201925
2.051  -0.00201925
2.052  -0.00201925
2.053  -0.00201925
2.054  -0.00201925
2.055  -0.00201925
2.056  -0.00201925
2.057  -0.00201925
2.058  -0.00201925
2.059  -0.00201925
2.06  -0.00201925
2.061  -0.00201925
2.062  -0.00201925
2.063  -0.00201925
2.064  -0.00201925
2.065  -0.00201925
2.066  -0.00201925
2.067  -0.00201925
2.068  -0.00201925
2.069  -0.00201925
2.07  -0.00201925
2.071  -0.00201925
2.072  -0.00201925
2.073  -0.00201925
2.074  -0.00201925
2.075  -0.00201925
2.076  -0.00201925
2.077  -0.00201925
2.078  -0.00201925
2.079  -0.00201925
2.08  -0.00201925
2.081  -0.00201925
2.082  -0.00201925
2.083  -0.00201925
2.084  -0.00201925
2.085  -0.00201925
2.086  -0.00201925
2.087  -0.00201925
2.088  -0.00201925
2.089  -0.00201925
2.09  -0.00201925
2.091  -0.00201925
2.092  -0.00201925
2.093  -0.00201925
2.094  -0.00201925
2.095  -0.00201925
2.096  -0.00201925
2.097  -0.00201925
2.098  -0.00201925
2.099  -0.00201925
2.1  -0.00201925
2.101  -0.00201925
2.102  -0.00201925
2.103  -0.00201925
2.104  -0.00201925
2.105  -0.00201925
2.106  -0.00201925
2.107  -0.00201925
2.108  -0.00201925
2.109  -0.00201925
2.11  -0.00201925
2.111  -0.00201925
2.112  -0.00201925
2.113  -0.00201925
2.114  -0.00201925
2.115  -0.00201925
2.116  -0.00201925
2.117  -0.00201925
2.118  -0.00201925
2.119  -0.00201925
2.12  -0.00201925
2.121  -0.00201925
2.122  -0.00201925
2.123  -0.00201925
2.124  -0.00201925
2.125  -0.00201925
2.126  -0.00201925
2.127  -0.00201925
2.128  -0.00201925
2.129  -0.00201925
2.13  -0.00201925
2.131  -0.00201925
2.132  -0.00201925
2.133  -0.00201925
2.134  -0.00201925
2.135  -0.00201925
2.136  -0.00201925
2.137  -0.00201925
2.138  -0.00201925
2.139  -0.00201925
2.14  -0.00201925
2.141  -0.00201925
2.142  -0.00201925
2.143  -0.00201925
2.144  -0.00201925
2.145  -0.00201925
2.146  -0.00201925
2.147  -0.00201925
2.148  -0.00201925
2.149  -0.00201925
2.15  -0.00201925
2.151  -0.00201925
2.152  -0.00201925
2.153  -0.00201925
2.154  -0.00201925
2.155  -0.00201925
2.156  -0.00201925
2.157  -0.00201925
2.158  -0.00201925
2.159  -0.00201925
2.16  -0.00201925
2.161  -0.00201925
2.162  -0.00201925
2.163  -0.00201925
2.164  -0.00201925
2.165  -0.00201925
2.166  -0.00201925
2.167  -0.00201925
2.168  -0.00201925
2.169  -0.00201925
2.17  -0.00201925
2.171  -0.00201925
2.172  -0.00201925
2.173  -0.00201925
2.174  -0.00201925
2.175  -0.00201925
2.176  -0.00201925
2.177  -0.00201925
2.178  -0.00201925
2.179  -0.00201925
2.18  -0.00201925
2.181  -0.00201925
2.182  -0.00201925
2.183  -0.00201925
2.184  -0.00201925
2.185  -0.00201925
2.186  -0.00201925
2.187  -0.00201925
2.188  -0.00201925
2.189  -0.00201925
2.19  -0.00201925
2.191  -0.00201925
2.192  -0.00201925
2.193  -0.00201925
2.194  -0.00201925
2.195  -0.00201925
2.196  -0.00201925
2.197  -0.00201925
2.198  -0.00201925
2.199  -0.00201925
2.2  -0.00201925
2.201  -0.00201925
2.202  -0.00201925
2.203  -0.00201925
2.204  -0.00201925
2.205  -0.00201925
2.206  -0.00201925
2.207  -0.00201925
2.208  -0.00201925
2.209  -0.00201925
2.21  -0.00201925
2.211  -0.00201925
2.212  -0.00201925
2.213  -0.00201925
2.214  -0.00201925
2.215  -0.00201925
2.216  -0.00201925
2.217  -0.00201925
2.218  -0.00201925
2.219  -0.00201925
2.22  -0.00201925
2.221  -0.00201925
2.222  -0.00201925
2.223  -0.00201925
2.224  -0.00201925
2.225  -0.00201925
2.226  -0.00201925
2.227  -0.00201925
2.228  -0.00201925
2.229  -0.00201925
2.23  -0.00201925
2.231  -0.00201925
2.232  -0.00201925
2.233  -0.00201925
2.234  -0.00201925
2.235  -0.00201925
2.236  -0.00201925
2.237  -0.00201925
2.238  -0.00201925
2.239  -0.00201925
2.24  -0.00201925
2.241  -0.00201925
2.242  -0.00201925
2.243  -0.00201925
2.244  -0.00201925
2.245  -0.00201925
2.246  -0.00201925
2.247  -0.00201925
2.248  -0.00201925
2.249  -0.00201925
2.25  -0.00201925
2.251  -0.00201925
2.252  -0.00201925
2.253  -0.00201925
2.254  -0.00201925
2.255  -0.00201925
2.256  -0.00201925
2.257  -0.00201925
2.258  -0.00201925
2.259  -0.00201925
2.26  -0.00201925
2.261  -0.00201925
2.262  -0.00201925
2.263  -0.00201925
2.264  -0.00201925
2.265  -0.00201925
2.266  -0.00201925
2.267  -0.00201925
2.268  -0.00201925
2.269  -0.00201925
2.27  -0.00201925
2.271  -0.00201925
2.272  -0.00201925
2.273  -0.00201925
2.274  -0.00201925
2.275  -0.00201925
2.276  -0.00201925
2.277  -0.00201925
2.278  -0.00201925
2.279  -0.00201925
2.28  -0.00201925
2.281  -0.00201925
2.282  -0.00201925
2.283  -0.00201925
2.284  -0.00201925
2.285  -0.00201925
2.286  -0.00201925
2.287  -0.00201925
2.288  -0.00201925
2.289  -0.00201925
2.29  -0.00201925
2.291  -0.00201925
2.292  -0.00201925
2.293  -0.00201925
2.294  -0.00201925
2.295  -0.00201925
2.296  -0.00201925
2.297  -0.00201925
2.298  -0.00201925
2.299  -0.00201925
2.3  -0.00201925
2.301  -0.00201925
2.302  -0.00201925
2.303  -0.00201925
2.304  -0.00201925
2.305  -0.00201925
2.306  -0.00201925
2.307  -0.00201925
2.308  -0.00201925
2.309  -0.00201925
2.31  -0.00201925
2.311  -0.00201925
2.312  -0.00201925
2.313  -0.00201925
2.314  -0.00201925
2.315  -0.00201925
2.316  -0.00201925
2.317  -0.00201925
2.318  -0.00201925
2.319  -0.00201925
2.32  -0.00201925
2.321  -0.00201925
2.322  -0.00201925
2.323  -0.00201925
2.324  -0.00201925
2.325  -0.00201925
2.326  -0.00201925
2.327  -0.00201925
2.328  -0.00201925
2.329  -0.00201925
2.33  -0.00201925
2.331  -0.00201925
2.332  -0.00201925
2.333  -0.00201925
2.334  -0.00201925
2.335  -0.00201925
2.336  -0.00201925
2.337  -0.00201925
2.338  -0.00201925
2.339  -0.00201925
2.34  -0.00201925
2.341  -0.00201925
2.342  -0.00201925
2.343  -0.00201925
2.344  -0.00201925
2.345  -0.00201925
2.346  -0.00201925
2.347  -0.00201925
2.348  -0.00201925
2.349  -0.00201925
2.35  -0.00201925
2.351  -0.00201925
2.352  -0.00201925
2.353  -0.00201925
2.354  -0.00201925
2.355  -0.00201925
2.356  -0.00201925
2.357  -0.00201925
2.358  -0.00201925
2.359  -0.00201925
2.36  -0.00201925
2.361  -0.00201925
2.362  -0.00201925
2.363  -0.00201925
2.364  -0.00201925
2.365  -0.00201925
2.366  -0.00201925
2.367  -0.00201925
2.368  -0.00201925
2.369  -0.00201925
2.37  -0.00201925
2.371  -0.00201925
2.372  -0.00201925
2.373  -0.00201925
2.374  -0.00201925
2.375  -0.00201925
2.376  -0.00201925
2.377  -0.00201925
2.378  -0.00201925
2.379  -0.00201925
2.38  -0.00201925
2.381  -0.00201925
2.382  -0.00201925
2.383  -0.00201925
2.384  -0.00201925
2.385  -0.00201925
2.386  -0.00201925
2.387  -0.00201925
2.388  -0.00201925
2.389  -0.00201925
2.39  -0.00201925
2.391  -0.00201925
2.392  -0.00201925
2.393  -0.00201925
2.394  -0.00201925
2.395  -0.00201925
2.396  -0.00201925
2.397  -0.00201925
2.398  -0.00201925
2.399  -0.00201925
2.4  -0.00201925
2.401  -0.00201925
2.402  -0.00201925
2.403  -0.00201925
2.404  -0.00201925
2.405  -0.00201925
2.406  -0.00201925
2.407  -0.00201925
2.408  -0.00201925
2.409  -0.00201925
2.41  -0.00201925
2.411  -0.00201925
2.412  -0.00201925
2.413  -0.00201925
2.414  -0.00201925
2.415  -0.00201925
2.416  -0.00201925
2.417  -0.00201925
2.418  -0.00201925
2.419  -0.00201925
2.42  -0.00201925
2.421  -0.00201925
2.422  -0.00201925
2.423  -0.00201925
2.424  -0.00201925
2.425  -0.00201925
2.426  -0.00201925
2.427  -0.00201925
2.428  -0.00201925
2.429  -0.00201925
2.43  -0.00201925
2.431  -0.00201925
2.432  -0.00201925
2.433  -0.00201925
2.434  -0.00201925
2.435  -0.00201925
2.436  -0.00201925
2.437  -0.00201925
2.438  -0.00201925
2.439  -0.00201925
2.44  -0.00201925
2.441  -0.00201925
2.442  -0.00201925
2.443  -0.00201925
2.444  -0.00201925
2.445  -0.00201925
2.446  -0.00201925
2.447  -0.00201925
2.448  -0.00201925
2.449  -0.00201925
2.45  -0.00201925
2.451  -0.00201925
2.452  -0.00201925
2.453  -0.00201925
2.454  -0.00201925
2.455  -0.00201925
2.456  -0.00201925
2.457  -0.00201925
2.458  -0.00201925
2.459  -0.00201925
2.46  -0.00201925
2.461  -0.00201925
2.462  -0.00201925
2.463  -0.00201925
2.464  -0.00201925
2.465  -0.00201925
2.466  -0.00201925
2.467  -0.00201925
2.468  -0.00201925
2.469  -0.00201925
2.47  -0.00201925
2.471  -0.00201925
2.472  -0.00201925
2.473  -0.00201925
2.474  -0.00201925
2.475  -0.00201925
2.476  -0.00201925
2.477  -0.00201925
2.478  -0.00201925
2.479  -0.00201925
2.48  -0.00201925
2.481  -0.00201925
2.482  -0.00201925
2.483  -0.00201925
2.484  -0.00201925
2.485  -0.00201925
2.486  -0.00201925
2.487  -0.00201925
2.488  -0.00201925
2.489  -0.00201925
2.49  -0.00201925
2.491  -0.00201925
2.492  -0.00201925
2.493  -0.00201925
2.494  -0.00201925
2.495  -0.00201925
2.496  -0.00201925
2.497  -0.00201925
2.498  -0.00201925
2.499  -0.00201925
