-2 -0.00444255
-1.99 2.30609
-1.98 0.588499
-1.97 0.0738118
-1.96 3.50334
-1.95 0.564773
-1.94 -0.0046887
-1.93 4.31558
-1.92 -118.826
-1.91 -0.00491522
-1.9 -0.00367854
-1.89 3.43774
-1.88 -0.00480605
-1.87 3.56737
-1.86 -0.0406279
-1.85 -0.00403362
-1.84 -0.00331147
-1.83 -0.00528285
-1.82 -0.026261
-1.81 3.19104
-1.8 0.0650608
-1.79 -0.00183331
-1.78 -0.00133854
-1.77 -0.00343054
-1.76 2.32917
-1.75 -0.00140536
-1.74 -0.00295865
-1.73 1.68672
-1.72 -0.00220099
-1.71 3.86486
-1.7 -0.002532
-1.69 -0.000864507
-1.68 4.11485
-1.67 -0.00362874
-1.66 -0.00170836
-1.65 -0.00377303
-1.64 -0.00615564
-1.63 3.81123
-1.62 -0.0458348
-1.61 -0.00573174
-1.6 -0.0022822
-1.59 -0.00396358
-1.58 -0.0048111
-1.57 -0.00361858
-1.56 -0.00412496
-1.55 -0.00474635
-1.54 -0.0043793
-1.53 -0.00461771
-1.52 -0.00502673
-1.51 0.0650892
-1.5 -0.00336166
-1.49 -0.00360884
-1.48 0.00445719
-1.47 -0.00666719
-1.46 -0.00294569
-1.45 -0.00437354
-1.44 -0.00532614
-1.43 -0.0037
-1.42 -0.0482468
-1.41 0.997617
-1.4 -0.00438642
-1.39 14.8583
-1.38 -0.00718229
-1.37 -0.00507667
-1.36 34.0303
-1.35 -0.00821814
-1.34 0.000746837
-1.33 0.000244916
-1.32 8.39257e-05
-1.31 0.000261686
-1.3 0.000449408
-1.29 -4.76607e-05
-1.28 0.000273311
-1.27 0.00049939
-1.26 -2.70667e-05
-1.25 0.000244933
-1.24 0.00050387
-1.23 -9.46614e-05
-1.22 0.0002451
-1.21 0.000540454
-1.2 -6.47825e-05
-1.19 0.000253271
-1.18 0.000536823
-1.17 -5.57065e-05
-1.16 0.000303538
-1.15 0.000518298
-1.14 -0.000107011
-1.13 0.000331814
-1.12 0.000598677
-1.11 -8.34242e-05
-1.1 0.000324398
-1.09 0.000571569
-1.08 -5.96234e-05
-1.07 0.000255077
-1.06 0.000566498
-1.05 -4.14307e-05
-1.04 0.000240171
-1.03 0.000629926
-1.02 -7.15166e-05
-1.01 0.000290433
-1 0.000561389
-0.99 -0.000106929
-0.98 0.000284485
-0.97 0.000576066
-0.96 -3.32925e-05
-0.95 0.000303498
-0.94 0.000580621
-0.93 5.27945e-06
-0.92 0.000262207
-0.91 0.000599226
-0.9 -2.13263e-05
-0.89 0.000187952
-0.88 0.000597973
-0.87 -1.80892e-05
-0.86 0.000220037
-0.85 0.000545489
-0.84 -3.22299e-05
-0.83 0.000255573
-0.82 0.000593652
-0.81 -2.1035e-05
-0.8 0.000283174
-0.79 0.000548764
-0.78 -1.53975e-05
-0.77 0.000260442
-0.76 0.000584901
-0.75 -0.000110119
-0.74 0.000304064
-0.73 0.000577883
-0.72 -4.46288e-05
-0.71 0.00030739
-0.7 0.000556723
-0.69 -3.03119e-06
-0.68 0.000357075
-0.67 0.000566554
-0.66 -4.41079e-05
-0.65 0.000347734
-0.64 0.000601199
-0.63 -3.87628e-06
-0.62 0.00033928
-0.61 0.0005729
-0.6 1.25923e-05
-0.59 0.000337241
-0.58 0.000546792
-0.57 -4.39215e-05
-0.56 0.000269534
-0.55 0.000538634
-0.54 -1.35665e-05
-0.53 0.00021241
-0.52 0.00050002
-0.51 -7.81762e-05
-0.5 0.000199906
-0.49 0.000464717
-0.48 -0.000133141
-0.47 0.00016821
-0.46 0.00037865
-0.45 -0.000134236
-0.44 0.000192397
-0.43 0.000458049
-0.42 -0.000184277
-0.41 0.000123668
-0.4 0.000434542
-0.39 -0.000168008
-0.38 0.000186868
-0.37 0.000400156
-0.36 -0.00014888
-0.35 0.000248978
-0.34 0.000458875
-0.33 -0.000141162
-0.32 0.000225349
-0.31 0.000552237
-0.3 -7.32734e-05
-0.29 0.000284315
-0.28 0.000547688
-0.27 1.09121e-05
-0.26 0.000349278
-0.25 0.000445812
-0.24 -5.97992e-06
-0.23 0.00042853
-0.22 0.000592454
-0.21 6.60239e-05
-0.2 0.000442232
-0.19 0.000464789
-0.18 8.09322e-05
-0.17 0.000385611
-0.16 0.000535707
-0.15 8.53828e-05
-0.14 0.000367381
-0.13 0.000577023
-0.12 3.60731e-05
-0.11 -0.00233814
-0.1 -0.0279049
-0.09 -0.116035
-0.08 -0.25393
-0.07 -0.415836
-0.06 -0.575137
-0.05 -0.719825
-0.04 -0.831206
-0.03 -0.91829
-0.02 -0.972391
-0.01 -0.995764
0 -0.9927
0.01 -0.968993
0.02 -0.933113
0.03 -0.891626
0.04 -0.847071
0.05 -0.800493
0.06 -0.755485
0.07 -0.71191
0.08 -0.669368
0.09 -0.629802
0.1 -0.592015
0.11 -0.554533
0.12 -0.520155
0.13 -0.487041
0.14 -0.45474
0.15 -0.425262
0.16 -0.396881
0.17 -0.369497
0.18 -0.344411
0.19 -0.320321
0.2 -0.297187
0.21 -0.27617
0.22 -0.256035
0.23 -0.236957
0.24 -0.220563
0.25 -0.204536
0.26 -0.189928
0.27 -0.178227
0.28 -0.166013
0.29 -0.155141
0.3 -0.146225
0.31 -0.136848
0.32 -0.127867
0.33 -0.120394
0.34 -0.11231
0.35 -0.104772
0.36 -0.0983877
0.37 -0.0917182
0.38 -0.0857031
0.39 -0.0808889
0.4 -0.0762625
0.41 -0.0717322
0.42 -0.06839
0.43 -0.0651261
0.44 -0.061613
0.45 -0.0593016
0.46 -0.0562976
0.47 -0.0530184
0.48 -0.050776
0.49 -0.0479435
0.5 -0.0450201
0.51 -0.0431681
0.52 -0.040946
0.53 -0.0388205
0.54 -0.0375446
0.55 -0.0360588
0.56 -0.0345707
0.57 -0.0339815
0.58 -0.0325889
0.59 -0.0311757
0.6 -0.0304938
0.61 -0.0292568
0.62 -0.0279898
0.63 -0.0272435
0.64 -0.0261587
0.65 -0.0248111
0.66 -0.0244687
0.67 -0.0235742
0.68 -0.0223536
0.69 -0.0224751
0.7 -0.0217222
0.71 -0.0209363
0.72 -0.0208145
0.73 -0.0201611
0.74 -0.019148
0.75 -0.0190011
0.76 -0.0181401
0.77 -0.0171618
0.78 -0.016915
0.79 -0.0160826
0.8 -0.0152628
0.81 -0.0151281
0.82 -0.0144389
0.83 -0.0137749
0.84 -0.013781
0.85 -0.0131022
0.86 -0.0124577
0.87 -0.0124017
0.88 -0.0118979
0.89 -0.0111341
0.9 -0.0111695
0.91 -0.0106493
0.92 -0.0100294
0.93 -0.0101697
0.94 -0.00963893
0.95 -0.00918423
0.96 -0.00949965
0.97 -0.00895034
0.98 -0.00855509
0.99 -0.00865694
1 -0.0083437
1.01 -0.00776891
1.02 -0.00782854
1.03 -0.0074953
1.04 -0.00690542
1.05 -0.0068803
1.06 -0.00651639
1.07 -0.00595187
1.08 -0.00598707
1.09 -0.00569715
1.1 -0.00513247
1.11 -0.00533838
1.12 -0.00491866
1.13 -0.00447547
1.14 -0.00471748
1.15 -0.00430307
1.16 -0.00384192
1.17 -0.00409282
1.18 -0.00358424
1.19 -0.00341402
1.2 -0.00357966
1.21 -0.00321834
1.22 -0.00307585
1.23 -0.00337267
1.24 -0.00319487
1.25 -0.00309889
1.26 -0.00338818
1.27 -0.00321799
1.28 -0.0030846
1.29 -0.00340117
1.3 -0.00301722
1.31 -0.00304412
1.32 -0.00329729
1.33 -0.00293252
1.34 -0.00308155
1.35 -0.00329329
1.36 -0.00314419
1.37 -0.0031917
1.38 -0.00345566
1.39 -0.00333389
1.4 -0.0189138
1.41 -0.028268
1.42 -0.00358592
1.43 -0.00364329
1.44 -0.00383992
1.45 -0.00385855
1.46 -0.00389181
1.47 -0.00395488
1.48 -0.0112927
1.49 -0.00451668
1.5 -0.00450985
1.51 -0.00495068
1.52 -0.00489886
1.53 -0.00494562
1.54 -0.00515581
1.55 -0.00721924
1.56 0.0473987
1.57 -0.00565494
1.58 -0.00587818
1.59 -0.00576863
1.6 -0.00596351
1.61 0.0352009
1.62 -0.010428
1.63 0
1.64 0
1.65 0
1.66 0
1.67 0
1.68 0
1.69 0
1.7 0
1.71 0
1.72 0
1.73 0
1.74 0
1.75 0
1.76 0
1.77 0
1.78 0
1.79 0
1.8 0
1.81 0
1.82 0
1.83 0
1.84 0
1.85 0
1.86 0
1.87 0
1.88 0
1.89 0
1.9 0
1.91 0
1.92 0
1.93 0
1.94 0
1.95 0
1.96 0
1.97 0
1.98 0
1.99 0
