-1.5  0
-1.499  0
-1.498  0
-1.497  0
-1.496  0
-1.495  0
-1.494  0
-1.493  0
-1.492  0
-1.491  0
-1.49  0
-1.489  0
-1.488  0
-1.487  0
-1.486  0
-1.485  0
-1.484  0
-1.483  0
-1.482  0
-1.481  0
-1.48  0
-1.479  0
-1.478  0
-1.477  0
-1.476  0
-1.475  0
-1.474  0
-1.473  0
-1.472  0
-1.471  0
-1.47  0
-1.469  0
-1.468  0
-1.467  0
-1.466  0
-1.465  0
-1.464  0
-1.463  0
-1.462  0
-1.461  0
-1.46  0
-1.459  0
-1.458  0
-1.457  0
-1.456  0
-1.455  0
-1.454  0
-1.453  0
-1.452  0
-1.451  0
-1.45  0
-1.449  0
-1.448  0
-1.447  0
-1.446  0
-1.445  0
-1.444  0
-1.443  0
-1.442  0
-1.441  0
-1.44  0
-1.439  0
-1.438  0
-1.437  0
-1.436  0
-1.435  0
-1.434  0
-1.433  0
-1.432  0
-1.431  0
-1.43  0
-1.429  0
-1.428  0
-1.427  0
-1.426  0
-1.425  0
-1.424  0
-1.423  0
-1.422  0
-1.421  0
-1.42  0
-1.419  0
-1.418  0
-1.417  0
-1.416  0
-1.415  0
-1.414  0
-1.413  0
-1.412  0
-1.411  0
-1.41  0
-1.409  0
-1.408  0
-1.407  0
-1.406  0
-1.405  0
-1.404  0
-1.403  0
-1.402  0
-1.401  0
-1.4  0
-1.399  0
-1.398  0
-1.397  0
-1.396  0
-1.395  0
-1.394  0
-1.393  0
-1.392  0
-1.391  0
-1.39  0
-1.389  0
-1.388  0
-1.387  0
-1.386  0
-1.385  0
-1.384  0
-1.383  0
-1.382  0
-1.381  0
-1.38  0
-1.379  0
-1.378  0
-1.377  0
-1.376  0
-1.375  0
-1.374  0
-1.373  0
-1.372  0
-1.371  0
-1.37  0
-1.369  0
-1.368  0
-1.367  0
-1.366  0
-1.365  0
-1.364  0
-1.363  0
-1.362  0
-1.361  0
-1.36  0
-1.359  0
-1.358  0
-1.357  0
-1.356  0
-1.355  0
-1.354  0
-1.353  0
-1.352  0
-1.351  0
-1.35  0
-1.349  0
-1.348  0
-1.347  0
-1.346  0
-1.345  0
-1.344  0
-1.343  0
-1.342  0
-1.341  0
-1.34  0
-1.339  0
-1.338  0.000264555
-1.337  0.000550184
-1.336  0.000830673
-1.335  0.00114168
-1.334  0.00145471
-1.333  0.00178887
-1.332  0.00211874
-1.331  0.00246179
-1.33  0.00276606
-1.329  0.00313057
-1.328  0.00348289
-1.327  0.00386477
-1.326  0.0042551
-1.325  0.00458404
-1.324  0.00490091
-1.323  0.00530314
-1.322  0.00565949
-1.321  0.00599738
-1.32  0.00635941
-1.319  0.0064813
-1.318  0.00653178
-1.317  0.00659494
-1.316  0.00659531
-1.315  0.0066535
-1.314  0.00669755
-1.313  0.00675589
-1.312  0.0067848
-1.311  0.00682422
-1.31  0.006792
-1.309  0.00676403
-1.308  0.00668702
-1.307  0.00659362
-1.306  0.00656972
-1.305  0.00657931
-1.304  0.00651406
-1.303  0.00651648
-1.302  0.00652399
-1.301  0.0065276
-1.3  0.00648473
-1.299  0.00650248
-1.298  0.00654341
-1.297  0.00660686
-1.296  0.00661994
-1.295  0.00659001
-1.294  0.00657185
-1.293  0.00659793
-1.292  0.00662686
-1.291  0.00663348
-1.29  0.00666935
-1.289  0.00674354
-1.288  0.00680033
-1.287  0.00686165
-1.286  0.00686717
-1.285  0.00690878
-1.284  0.00692286
-1.283  0.00696487
-1.282  0.00697143
-1.281  0.00699991
-1.28  0.00701664
-1.279  0.00700733
-1.278  0.00698144
-1.277  0.00692928
-1.276  0.0069275
-1.275  0.0069383
-1.274  0.00690219
-1.273  0.00689514
-1.272  0.00691841
-1.271  0.00692863
-1.27  0.00691638
-1.269  0.00691201
-1.268  0.00692131
-1.267  0.00696788
-1.266  0.00696752
-1.265  0.00693696
-1.264  0.00691253
-1.263  0.0069366
-1.262  0.00694075
-1.261  0.00689048
-1.26  0.00689591
-1.259  0.00689905
-1.258  0.00692474
-1.257  0.00694593
-1.256  0.00690313
-1.255  0.0069105
-1.254  0.00691709
-1.253  0.00694723
-1.252  0.00694282
-1.251  0.00694534
-1.25  0.00697196
-1.249  0.00695149
-1.248  0.00693337
-1.247  0.0068841
-1.246  0.00686852
-1.245  0.00686497
-1.244  0.00683238
-1.243  0.00683279
-1.242  0.00687448
-1.241  0.00686442
-1.24  0.00686899
-1.239  0.00685618
-1.238  0.00687457
-1.237  0.00690946
-1.236  0.00692297
-1.235  0.00690403
-1.234  0.00687983
-1.233  0.00688388
-1.232  0.00687486
-1.231  0.00683245
-1.23  0.0068304
-1.229  0.00682953
-1.228  0.00686453
-1.227  0.0069144
-1.226  0.00688349
-1.225  0.00689162
-1.224  0.00690195
-1.223  0.00693987
-1.222  0.00693432
-1.221  0.00694093
-1.22  0.00695121
-1.219  0.00691839
-1.218  0.0069028
-1.217  0.00685906
-1.216  0.00683938
-1.215  0.00683015
-1.214  0.00682279
-1.213  0.00683668
-1.212  0.00684507
-1.211  0.00686567
-1.21  0.00688768
-1.209  0.00686669
-1.208  0.00688642
-1.207  0.00693685
-1.206  0.00695759
-1.205  0.00692537
-1.204  0.0068869
-1.203  0.0068948
-1.202  0.0068992
-1.201  0.00687106
-1.2  0.00687615
-1.199  0.00687971
-1.198  0.0068985
-1.197  0.00695425
-1.196  0.00691818
-1.195  0.00693335
-1.194  0.00694217
-1.193  0.00699881
-1.192  0.0069893
-1.191  0.00697195
-1.19  0.00698931
-1.189  0.00695202
-1.188  0.00692213
-1.187  0.00689074
-1.186  0.00689711
-1.185  0.00689125
-1.184  0.00687308
-1.183  0.00689486
-1.182  0.00692708
-1.181  0.0069299
-1.18  0.0069507
-1.179  0.00693145
-1.178  0.00692841
-1.177  0.00698849
-1.176  0.00700802
-1.175  0.00697003
-1.174  0.00692474
-1.173  0.00694313
-1.172  0.00695065
-1.171  0.00692423
-1.17  0.00694214
-1.169  0.0069748
-1.168  0.00696283
-1.167  0.00699017
-1.166  0.00696785
-1.165  0.00699047
-1.164  0.0069701
-1.163  0.00701049
-1.162  0.00701414
-1.161  0.00697513
-1.16  0.00699472
-1.159  0.0069563
-1.158  0.00690468
-1.157  0.00685156
-1.156  0.00686217
-1.155  0.00684172
-1.154  0.00680475
-1.153  0.00683005
-1.152  0.00684778
-1.151  0.00682758
-1.15  0.00682691
-1.149  0.00683184
-1.148  0.00683271
-1.147  0.00688205
-1.146  0.00688668
-1.145  0.00687327
-1.144  0.00680698
-1.143  0.00682543
-1.142  0.00687193
-1.141  0.00685207
-1.14  0.00687259
-1.139  0.00691369
-1.138  0.00691042
-1.137  0.0069385
-1.136  0.00694259
-1.135  0.00698043
-1.134  0.00694629
-1.133  0.00698584
-1.132  0.00699833
-1.131  0.00698069
-1.13  0.00697635
-1.129  0.00692918
-1.128  0.00689159
-1.127  0.00687423
-1.126  0.0068814
-1.125  0.00689958
-1.124  0.00686815
-1.123  0.00686056
-1.122  0.00686765
-1.121  0.00687236
-1.12  0.00687776
-1.119  0.00686715
-1.118  0.0068823
-1.117  0.00691944
-1.116  0.0069182
-1.115  0.00692575
-1.114  0.00690338
-1.113  0.00693009
-1.112  0.00696201
-1.111  0.00693805
-1.11  0.00694423
-1.109  0.00697271
-1.108  0.00696448
-1.107  0.00698115
-1.106  0.00697402
-1.105  0.00699424
-1.104  0.00697742
-1.103  0.0070213
-1.102  0.00702072
-1.101  0.00701242
-1.1  0.00703991
-1.099  0.00699036
-1.098  0.00698192
-1.097  0.0069782
-1.096  0.00697864
-1.095  0.00697322
-1.094  0.00690157
-1.093  0.00687321
-1.092  0.00688755
-1.091  0.00687603
-1.09  0.00685584
-1.089  0.00683683
-1.088  0.00686199
-1.087  0.00687693
-1.086  0.00690366
-1.085  0.00690945
-1.084  0.00686868
-1.083  0.00688454
-1.082  0.00690137
-1.081  0.00688772
-1.08  0.00690662
-1.079  0.00690265
-1.078  0.00688458
-1.077  0.00691177
-1.076  0.00689633
-1.075  0.00693952
-1.074  0.00693829
-1.073  0.00699101
-1.072  0.00702801
-1.071  0.00704791
-1.07  0.00707232
-1.069  0.00700991
-1.068  0.00701715
-1.067  0.00698504
-1.066  0.00696532
-1.065  0.0069708
-1.064  0.00691217
-1.063  0.00689916
-1.062  0.00692895
-1.061  0.0069178
-1.06  0.00690181
-1.059  0.00689536
-1.058  0.00690448
-1.057  0.00690895
-1.056  0.00693477
-1.055  0.00693279
-1.054  0.00688624
-1.053  0.00690202
-1.052  0.00692424
-1.051  0.00691753
-1.05  0.00694229
-1.049  0.00694135
-1.048  0.00694034
-1.047  0.00698001
-1.046  0.00696707
-1.045  0.00701012
-1.044  0.00700462
-1.043  0.00703117
-1.042  0.00704558
-1.041  0.00705816
-1.04  0.00706776
-1.039  0.00702369
-1.038  0.00703926
-1.037  0.00702798
-1.036  0.00700783
-1.035  0.00702514
-1.034  0.00697945
-1.033  0.00695744
-1.032  0.00697231
-1.031  0.00696165
-1.03  0.00694211
-1.029  0.00693608
-1.028  0.00693987
-1.027  0.00695247
-1.026  0.00698567
-1.025  0.00696562
-1.024  0.00692938
-1.023  0.00692403
-1.022  0.0069342
-1.021  0.00691918
-1.02  0.00692986
-1.019  0.00691447
-1.018  0.00689128
-1.017  0.00692612
-1.016  0.0068976
-1.015  0.00693132
-1.014  0.00692907
-1.013  0.00694777
-1.012  0.00696571
-1.011  0.00698615
-1.01  0.00698664
-1.009  0.00694587
-1.008  0.00695632
-1.007  0.00693336
-1.006  0.00693054
-1.005  0.00691998
-1.004  0.00688454
-1.003  0.00689291
-1.002  0.0069204
-1.001  0.00689666
-1  0.00689676
-0.999  0.00688536
-0.998  0.00690113
-0.997  0.00693129
-0.996  0.0069481
-0.995  0.0069365
-0.994  0.00691649
-0.993  0.00689674
-0.992  0.00691193
-0.991  0.00689963
-0.99  0.00690495
-0.989  0.00689274
-0.988  0.00686708
-0.987  0.00688979
-0.986  0.00687972
-0.985  0.00692547
-0.984  0.00691541
-0.983  0.00693109
-0.982  0.00695021
-0.981  0.00697683
-0.98  0.00699378
-0.979  0.00697104
-0.978  0.00696701
-0.977  0.00695353
-0.976  0.00693337
-0.975  0.00691795
-0.974  0.00691052
-0.973  0.0069049
-0.972  0.0069373
-0.971  0.00692701
-0.97  0.00695213
-0.969  0.00694808
-0.968  0.00697321
-0.967  0.00698617
-0.966  0.00701018
-0.965  0.00701395
-0.964  0.00701036
-0.963  0.00701293
-0.962  0.00701657
-0.961  0.00700987
-0.96  0.00700653
-0.959  0.00700397
-0.958  0.00697541
-0.957  0.00700824
-0.956  0.00699798
-0.955  0.0070265
-0.954  0.00698324
-0.953  0.00699593
-0.952  0.00702349
-0.951  0.00702479
-0.95  0.00703941
-0.949  0.00699399
-0.948  0.00698427
-0.947  0.00695402
-0.946  0.00693458
-0.945  0.00688807
-0.944  0.00684425
-0.943  0.00683634
-0.942  0.00686681
-0.941  0.00684479
-0.94  0.0068659
-0.939  0.00687232
-0.938  0.00688514
-0.937  0.00689711
-0.936  0.00692382
-0.935  0.00694648
-0.934  0.00689842
-0.933  0.00690815
-0.932  0.00690243
-0.931  0.00688229
-0.93  0.00690649
-0.929  0.0069256
-0.928  0.0069046
-0.927  0.00692514
-0.926  0.00693842
-0.925  0.00698156
-0.924  0.00695818
-0.923  0.00696371
-0.922  0.00699456
-0.921  0.00698736
-0.92  0.00700061
-0.919  0.00699166
-0.918  0.00700158
-0.917  0.00696442
-0.916  0.00696712
-0.915  0.00695188
-0.914  0.00689035
-0.913  0.00692154
-0.912  0.00696143
-0.911  0.00692988
-0.91  0.00692704
-0.909  0.00693618
-0.908  0.00696741
-0.907  0.0069658
-0.906  0.00697984
-0.905  0.00697558
-0.904  0.00693491
-0.903  0.00695825
-0.902  0.00696546
-0.901  0.00694453
-0.9  0.00693461
-0.899  0.00693347
-0.898  0.00691043
-0.897  0.00694005
-0.896  0.00696666
-0.895  0.00700071
-0.894  0.00695392
-0.893  0.00697006
-0.892  0.0070113
-0.891  0.00701661
-0.89  0.00701694
-0.889  0.00697955
-0.888  0.00699226
-0.887  0.00698641
-0.886  0.00698225
-0.885  0.00696697
-0.884  0.00689831
-0.883  0.00687382
-0.882  0.0069124
-0.881  0.00688166
-0.88  0.00685598
-0.879  0.00686332
-0.878  0.00686099
-0.877  0.00685766
-0.876  0.00689552
-0.875  0.00689952
-0.874  0.00687287
-0.873  0.0068749
-0.872  0.00689683
-0.871  0.00689143
-0.87  0.00690602
-0.869  0.00690238
-0.868  0.00687752
-0.867  0.00690704
-0.866  0.0069204
-0.865  0.00695483
-0.864  0.00696426
-0.863  0.00696186
-0.862  0.00700678
-0.861  0.00704787
-0.86  0.00703748
-0.859  0.00701433
-0.858  0.00701843
-0.857  0.00697849
-0.856  0.00696607
-0.855  0.00695336
-0.854  0.00691095
-0.853  0.00690866
-0.852  0.00694423
-0.851  0.00692448
-0.85  0.00694189
-0.849  0.00694486
-0.848  0.00696
-0.847  0.00693295
-0.846  0.00695918
-0.845  0.00695138
-0.844  0.00693913
-0.843  0.00695927
-0.842  0.00698821
-0.841  0.00700178
-0.84  0.00703714
-0.839  0.0070526
-0.838  0.00705459
-0.837  0.00709599
-0.836  0.00708502
-0.835  0.00710343
-0.834  0.00707048
-0.833  0.00707615
-0.832  0.00711215
-0.831  0.00711098
-0.83  0.0070922
-0.829  0.00705988
-0.828  0.00709444
-0.827  0.00704779
-0.826  0.00706585
-0.825  0.00705448
-0.824  0.00699859
-0.823  0.00697101
-0.822  0.00698522
-0.821  0.0069472
-0.82  0.00695961
-0.819  0.00695523
-0.818  0.0069556
-0.817  0.00694493
-0.816  0.0069618
-0.815  0.00694579
-0.814  0.0069179
-0.813  0.00691094
-0.812  0.00693936
-0.811  0.0069559
-0.81  0.00696642
-0.809  0.00698059
-0.808  0.00696542
-0.807  0.00698049
-0.806  0.00696932
-0.805  0.00697942
-0.804  0.00694669
-0.803  0.00696912
-0.802  0.00699279
-0.801  0.00698903
-0.8  0.00697925
-0.799  0.00695483
-0.798  0.00697265
-0.797  0.00696835
-0.796  0.00699832
-0.795  0.00700081
-0.794  0.00696069
-0.793  0.00692066
-0.792  0.00694815
-0.791  0.00695476
-0.79  0.00696646
-0.789  0.00698056
-0.788  0.00699382
-0.787  0.00699597
-0.786  0.00700749
-0.785  0.0070196
-0.784  0.00700042
-0.783  0.00698522
-0.782  0.00699129
-0.781  0.00698807
-0.78  0.00698888
-0.779  0.00700024
-0.778  0.00697928
-0.777  0.00700947
-0.776  0.00699514
-0.775  0.00701398
-0.774  0.00700605
-0.773  0.00702776
-0.772  0.00703743
-0.771  0.00703623
-0.77  0.00702599
-0.769  0.00698861
-0.768  0.00699537
-0.767  0.00696599
-0.766  0.00694797
-0.765  0.00693676
-0.764  0.00691809
-0.763  0.00689261
-0.762  0.00692687
-0.761  0.00691356
-0.76  0.0069065
-0.759  0.00690156
-0.758  0.00688808
-0.757  0.0068941
-0.756  0.00690168
-0.755  0.00690465
-0.754  0.00688376
-0.753  0.00689367
-0.752  0.00690013
-0.751  0.006921
-0.75  0.00693721
-0.749  0.00695328
-0.748  0.00695551
-0.747  0.00699484
-0.746  0.00699324
-0.745  0.00701728
-0.744  0.00701944
-0.743  0.00704881
-0.742  0.00706199
-0.741  0.00707655
-0.74  0.00706778
-0.739  0.00705871
-0.738  0.00705149
-0.737  0.00701341
-0.736  0.0069976
-0.735  0.00697002
-0.734  0.0069357
-0.733  0.00691119
-0.732  0.00693259
-0.731  0.00688098
-0.73  0.00686233
-0.729  0.00687397
-0.728  0.00687046
-0.727  0.00687985
-0.726  0.00688999
-0.725  0.00689694
-0.724  0.00687508
-0.723  0.0069022
-0.722  0.00691006
-0.721  0.00693472
-0.72  0.00693089
-0.719  0.00695534
-0.718  0.00695777
-0.717  0.00700519
-0.716  0.00700801
-0.715  0.00702851
-0.714  0.00703033
-0.713  0.00705757
-0.712  0.00708802
-0.711  0.00710407
-0.71  0.00710069
-0.709  0.00710957
-0.708  0.0071132
-0.707  0.00706638
-0.706  0.0070551
-0.705  0.00704137
-0.704  0.0070132
-0.703  0.00700625
-0.702  0.00703338
-0.701  0.00699698
-0.7  0.00697285
-0.699  0.00698569
-0.698  0.00698407
-0.697  0.00699467
-0.696  0.0070149
-0.695  0.00699896
-0.694  0.00698717
-0.693  0.00702474
-0.692  0.00702196
-0.691  0.00702394
-0.69  0.00700805
-0.689  0.00701635
-0.688  0.00702824
-0.687  0.00705344
-0.686  0.00704484
-0.685  0.00705534
-0.684  0.00704729
-0.683  0.00704712
-0.682  0.00708075
-0.681  0.00709632
-0.68  0.0070796
-0.679  0.00706757
-0.678  0.0070428
-0.677  0.00698652
-0.676  0.00699783
-0.675  0.00695787
-0.674  0.00691929
-0.673  0.00691894
-0.672  0.00695368
-0.671  0.00692551
-0.67  0.00689511
-0.669  0.00689823
-0.668  0.00688545
-0.667  0.00688098
-0.666  0.00688604
-0.665  0.00684797
-0.664  0.00684476
-0.663  0.00687701
-0.662  0.00686926
-0.661  0.0068721
-0.66  0.00687155
-0.659  0.00689685
-0.658  0.00691805
-0.657  0.00692065
-0.656  0.00691981
-0.655  0.00694171
-0.654  0.00695814
-0.653  0.00697493
-0.652  0.00699721
-0.651  0.00702598
-0.65  0.0069899
-0.649  0.00698997
-0.648  0.00696398
-0.647  0.00692177
-0.646  0.00693822
-0.645  0.00690182
-0.644  0.00684274
-0.643  0.00685357
-0.642  0.00689137
-0.641  0.00685472
-0.64  0.00683574
-0.639  0.00682864
-0.638  0.00683176
-0.637  0.00683662
-0.636  0.00685326
-0.635  0.006802
-0.634  0.0067779
-0.633  0.00681703
-0.632  0.00681189
-0.631  0.00683469
-0.63  0.00685942
-0.629  0.00689461
-0.628  0.00693086
-0.627  0.00694976
-0.626  0.00696378
-0.625  0.00699663
-0.624  0.00700022
-0.623  0.00702194
-0.622  0.00705178
-0.621  0.00706457
-0.62  0.00702535
-0.619  0.00701511
-0.618  0.0069915
-0.617  0.00691848
-0.616  0.00693999
-0.615  0.00691696
-0.614  0.00686582
-0.613  0.00686823
-0.612  0.00691045
-0.611  0.00686494
-0.61  0.00686793
-0.609  0.00684872
-0.608  0.00686222
-0.607  0.00686439
-0.606  0.00688063
-0.605  0.0068465
-0.604  0.00681004
-0.603  0.00683412
-0.602  0.00684671
-0.601  0.00688942
-0.6  0.00691472
-0.599  0.00695224
-0.598  0.00698894
-0.597  0.00701879
-0.596  0.00701074
-0.595  0.0070285
-0.594  0.00703047
-0.593  0.00705924
-0.592  0.00709067
-0.591  0.00709153
-0.59  0.00708146
-0.589  0.00707153
-0.588  0.00704604
-0.587  0.00698176
-0.586  0.00700003
-0.585  0.00697862
-0.584  0.00693352
-0.583  0.00692904
-0.582  0.00693507
-0.581  0.00690465
-0.58  0.00690231
-0.579  0.00689817
-0.578  0.00688729
-0.577  0.00690959
-0.576  0.00692654
-0.575  0.00688388
-0.574  0.00683715
-0.573  0.00686008
-0.572  0.00687092
-0.571  0.0068888
-0.57  0.00689111
-0.569  0.00692497
-0.568  0.00695732
-0.567  0.00697801
-0.566  0.00697881
-0.565  0.00700677
-0.564  0.00700861
-0.563  0.00704691
-0.562  0.00706528
-0.561  0.00707522
-0.56  0.00706684
-0.559  0.00706465
-0.558  0.00703462
-0.557  0.0069936
-0.556  0.00702253
-0.555  0.00700135
-0.554  0.00695121
-0.553  0.00693328
-0.552  0.00692807
-0.551  0.0068915
-0.55  0.00688511
-0.549  0.00689024
-0.548  0.00688945
-0.547  0.00691013
-0.546  0.00691127
-0.545  0.00687854
-0.544  0.00684332
-0.543  0.0068889
-0.542  0.00688266
-0.541  0.00688934
-0.54  0.00690314
-0.539  0.0069578
-0.538  0.00696716
-0.537  0.0069797
-0.536  0.00698723
-0.535  0.00700425
-0.534  0.00700364
-0.533  0.00705012
-0.532  0.00707947
-0.531  0.00709418
-0.53  0.00708231
-0.529  0.00708653
-0.528  0.00707936
-0.527  0.00706009
-0.526  0.00708333
-0.525  0.00707448
-0.524  0.00701092
-0.523  0.00697941
-0.522  0.00698151
-0.521  0.00694129
-0.52  0.00689776
-0.519  0.0069017
-0.518  0.00690441
-0.517  0.00693079
-0.516  0.00692988
-0.515  0.00690204
-0.514  0.00688133
-0.513  0.00690079
-0.512  0.00688423
-0.511  0.00688464
-0.51  0.00689743
-0.509  0.00688013
-0.508  0.00687808
-0.507  0.00688985
-0.506  0.00687905
-0.505  0.00690747
-0.504  0.00693392
-0.503  0.00695985
-0.502  0.00696746
-0.501  0.00699941
-0.5  0.00698302
-0.499  0.00699378
-0.498  0.00697895
-0.497  0.00696761
-0.496  0.00699408
-0.495  0.00696134
-0.494  0.00692314
-0.493  0.00694286
-0.492  0.00694888
-0.491  0.00689408
-0.49  0.00692159
-0.489  0.0069342
-0.488  0.0069294
-0.487  0.00692333
-0.486  0.00691948
-0.485  0.00689565
-0.484  0.00688591
-0.483  0.00692319
-0.482  0.00690838
-0.481  0.00691416
-0.48  0.00690356
-0.479  0.00690426
-0.478  0.00689402
-0.477  0.00692672
-0.476  0.00692296
-0.475  0.0069513
-0.474  0.00691281
-0.473  0.00693512
-0.472  0.00696933
-0.471  0.00699234
-0.47  0.00696807
-0.469  0.00698042
-0.468  0.00699198
-0.467  0.00694961
-0.466  0.00695338
-0.465  0.00693489
-0.464  0.00687219
-0.463  0.00689298
-0.462  0.00690529
-0.461  0.00687412
-0.46  0.00689019
-0.459  0.00689817
-0.458  0.00688398
-0.457  0.0068819
-0.456  0.00689273
-0.455  0.00689223
-0.454  0.00686987
-0.453  0.00687755
-0.452  0.0068431
-0.451  0.00683726
-0.45  0.00684003
-0.449  0.0068453
-0.448  0.00685538
-0.447  0.00689313
-0.446  0.00689323
-0.445  0.00693524
-0.444  0.00691902
-0.443  0.00693856
-0.442  0.00696476
-0.441  0.00697623
-0.44  0.00695341
-0.439  0.00696567
-0.438  0.00695939
-0.437  0.00689768
-0.436  0.00690581
-0.435  0.00690342
-0.434  0.00685885
-0.433  0.0068949
-0.432  0.00691724
-0.431  0.00687718
-0.43  0.00689207
-0.429  0.00690073
-0.428  0.00688431
-0.427  0.0068733
-0.426  0.0068957
-0.425  0.0068674
-0.424  0.00685561
-0.423  0.00687689
-0.422  0.00684969
-0.421  0.00684781
-0.42  0.00683571
-0.419  0.00686476
-0.418  0.00690762
-0.417  0.00693328
-0.416  0.00692095
-0.415  0.00696541
-0.414  0.00693663
-0.413  0.00695534
-0.412  0.00699293
-0.411  0.00699767
-0.41  0.00697436
-0.409  0.00699622
-0.408  0.00700278
-0.407  0.00692925
-0.406  0.00691971
-0.405  0.0069067
-0.404  0.00685385
-0.403  0.00688214
-0.402  0.00689223
-0.401  0.00684993
-0.4  0.00685254
-0.399  0.00682918
-0.398  0.0068349
-0.397  0.00685775
-0.396  0.00685797
-0.395  0.00686224
-0.394  0.0068357
-0.393  0.00684737
-0.392  0.00684676
-0.391  0.00685597
-0.39  0.00683796
-0.389  0.00685824
-0.388  0.00688406
-0.387  0.00693742
-0.386  0.00694503
-0.385  0.00699222
-0.384  0.00699548
-0.383  0.00704203
-0.382  0.00706706
-0.381  0.00706826
-0.38  0.00707626
-0.379  0.00707246
-0.378  0.00705174
-0.377  0.00699313
-0.376  0.0069949
-0.375  0.00699425
-0.374  0.00695431
-0.373  0.00693972
-0.372  0.00695417
-0.371  0.00692292
-0.37  0.00690585
-0.369  0.00690781
-0.368  0.00689572
-0.367  0.00689118
-0.366  0.00687899
-0.365  0.00684493
-0.364  0.00680759
-0.363  0.00684095
-0.362  0.00684913
-0.361  0.0068342
-0.36  0.00682726
-0.359  0.00684192
-0.358  0.0068851
-0.357  0.00690314
-0.356  0.00691157
-0.355  0.00692562
-0.354  0.00695508
-0.353  0.00698453
-0.352  0.00701119
-0.351  0.00701836
-0.35  0.00701768
-0.349  0.00701852
-0.348  0.00701317
-0.347  0.0069607
-0.346  0.00698017
-0.345  0.00697535
-0.344  0.00692683
-0.343  0.0069151
-0.342  0.00693403
-0.341  0.00688612
-0.34  0.00688251
-0.339  0.006861
-0.338  0.00686792
-0.337  0.00686352
-0.336  0.00688008
-0.335  0.006845
-0.334  0.00680398
-0.333  0.00682763
-0.332  0.00684615
-0.331  0.00684671
-0.33  0.0068412
-0.329  0.00684106
-0.328  0.00688359
-0.327  0.00689546
-0.326  0.00689905
-0.325  0.00691612
-0.324  0.00693537
-0.323  0.00695781
-0.322  0.00700081
-0.321  0.00699815
-0.32  0.00700699
-0.319  0.00697994
-0.318  0.00697781
-0.317  0.00691193
-0.316  0.006896
-0.315  0.00688969
-0.314  0.00686152
-0.313  0.00684943
-0.312  0.00687328
-0.311  0.0068442
-0.31  0.00685823
-0.309  0.00684433
-0.308  0.00684423
-0.307  0.00684967
-0.306  0.00687946
-0.305  0.00684807
-0.304  0.00680454
-0.303  0.00682755
-0.302  0.00685667
-0.301  0.00683536
-0.3  0.00684384
-0.299  0.00684569
-0.298  0.00687809
-0.297  0.00691425
-0.296  0.00692244
-0.295  0.00692731
-0.294  0.00693098
-0.293  0.00693259
-0.292  0.00697906
-0.291  0.00697674
-0.29  0.00696081
-0.289  0.00693166
-0.288  0.00693449
-0.287  0.00688956
-0.286  0.0068764
-0.285  0.00688316
-0.284  0.00684743
-0.283  0.00683537
-0.282  0.0068667
-0.281  0.00684578
-0.28  0.00684994
-0.279  0.00685793
-0.278  0.00687607
-0.277  0.00689818
-0.276  0.00691441
-0.275  0.00689452
-0.274  0.00688122
-0.273  0.00689446
-0.272  0.00691413
-0.271  0.00692411
-0.27  0.00694406
-0.269  0.00694058
-0.268  0.0069479
-0.267  0.00698543
-0.266  0.00698902
-0.265  0.00699436
-0.264  0.00700071
-0.263  0.00699989
-0.262  0.00702266
-0.261  0.00702339
-0.26  0.00699911
-0.259  0.00698191
-0.258  0.00697259
-0.257  0.00693715
-0.256  0.00691727
-0.255  0.00690552
-0.254  0.00685067
-0.253  0.0068595
-0.252  0.00688685
-0.251  0.00684248
-0.25  0.00685885
-0.249  0.00686635
-0.248  0.00686732
-0.247  0.0068898
-0.246  0.00691218
-0.245  0.00688384
-0.244  0.00688528
-0.243  0.00690136
-0.242  0.00692518
-0.241  0.00693897
-0.24  0.00692806
-0.239  0.00693066
-0.238  0.00691611
-0.237  0.00696949
-0.236  0.00696708
-0.235  0.00699423
-0.234  0.00697714
-0.233  0.00699182
-0.232  0.00702163
-0.231  0.00701817
-0.23  0.00698817
-0.229  0.00698661
-0.228  0.00695649
-0.227  0.00692952
-0.226  0.00689296
-0.225  0.00688912
-0.224  0.00685475
-0.223  0.00685443
-0.222  0.00687619
-0.221  0.00686052
-0.22  0.00687563
-0.219  0.00690569
-0.218  0.00690546
-0.217  0.00692191
-0.216  0.00693095
-0.215  0.00690589
-0.214  0.00689198
-0.213  0.00691564
-0.212  0.00692569
-0.211  0.0069258
-0.21  0.00692239
-0.209  0.00695513
-0.208  0.00693245
-0.207  0.00700801
-0.206  0.0069983
-0.205  0.00702136
-0.204  0.00699784
-0.203  0.00700253
-0.202  0.00701776
-0.201  0.00702213
-0.2  0.00700635
-0.199  0.0070081
-0.198  0.00700836
-0.197  0.00698939
-0.196  0.00701285
-0.195  0.00699657
-0.194  0.00696013
-0.193  0.00694361
-0.192  0.00695386
-0.191  0.00691098
-0.19  0.00689802
-0.189  0.006934
-0.188  0.0069257
-0.187  0.00695527
-0.186  0.00695946
-0.185  0.0069431
-0.184  0.0069177
-0.183  0.006923
-0.182  0.00693456
-0.181  0.00692088
-0.18  0.00690502
-0.179  0.00691399
-0.178  0.00689834
-0.177  0.00690745
-0.176  0.00690344
-0.175  0.00692284
-0.174  0.00693433
-0.173  0.00698759
-0.172  0.00702986
-0.171  0.00704025
-0.17  0.00701589
-0.169  0.00701285
-0.168  0.00698664
-0.167  0.00695944
-0.166  0.0069826
-0.165  0.00699457
-0.164  0.00697929
-0.163  0.00694883
-0.162  0.00699449
-0.161  0.00694877
-0.16  0.00692722
-0.159  0.00694221
-0.158  0.00692712
-0.157  0.00694995
-0.156  0.00696341
-0.155  0.00693073
-0.154  0.00689174
-0.153  0.00690216
-0.152  0.00690268
-0.151  0.00688269
-0.15  0.00688476
-0.149  0.00690986
-0.148  0.00689739
-0.147  0.00691354
-0.146  0.00692301
-0.145  0.00693697
-0.144  0.00695446
-0.143  0.00695698
-0.142  0.00700256
-0.141  0.00702513
-0.14  0.00698884
-0.139  0.00700417
-0.138  0.0069759
-0.137  0.00694294
-0.136  0.00698165
-0.135  0.00699703
-0.134  0.0069663
-0.133  0.00696317
-0.132  0.0070039
-0.131  0.00695733
-0.13  0.00693284
-0.129  0.00695033
-0.128  0.00693604
-0.127  0.00693095
-0.126  0.00694525
-0.125  0.00691613
-0.124  0.00689434
-0.123  0.00692612
-0.122  0.00693208
-0.121  0.00694118
-0.12  0.00689793
-0.119  0.00688972
-0.118  0.00673673
-0.117  0.00670845
-0.116  0.0066368
-0.115  0.00653836
-0.114  0.0063518
-0.113  0.00615827
-0.112  0.00588238
-0.111  0.00545227
-0.11  0.0048667
-0.109  0.00416372
-0.108  0.00324736
-0.107  0.00208088
-0.106  0.000708294
-0.105  -0.000949108
-0.104  -0.00299613
-0.103  -0.00529677
-0.102  -0.00796037
-0.101  -0.0111128
-0.1  -0.014739
-0.099  -0.0186843
-0.098  -0.0231747
-0.097  -0.0282141
-0.096  -0.0337058
-0.095  -0.0398326
-0.094  -0.0465518
-0.093  -0.0537561
-0.092  -0.0615419
-0.091  -0.069892
-0.09  -0.0787663
-0.089  -0.0881381
-0.088  -0.0980192
-0.087  -0.108412
-0.086  -0.119381
-0.085  -0.13064
-0.084  -0.142525
-0.083  -0.154735
-0.082  -0.167403
-0.081  -0.180365
-0.08  -0.193671
-0.079  -0.207375
-0.078  -0.221403
-0.077  -0.235737
-0.076  -0.250241
-0.075  -0.264997
-0.074  -0.279954
-0.073  -0.294974
-0.072  -0.310232
-0.071  -0.325737
-0.07  -0.34126
-0.069  -0.356909
-0.068  -0.372524
-0.067  -0.388143
-0.066  -0.403875
-0.065  -0.41958
-0.064  -0.435263
-0.063  -0.450713
-0.062  -0.466163
-0.061  -0.481593
-0.06  -0.496953
-0.059  -0.512089
-0.058  -0.527134
-0.057  -0.541968
-0.056  -0.556637
-0.055  -0.571146
-0.054  -0.585545
-0.053  -0.599628
-0.052  -0.613488
-0.051  -0.627245
-0.05  -0.640696
-0.049  -0.65404
-0.048  -0.667143
-0.047  -0.680001
-0.046  -0.692543
-0.045  -0.704942
-0.044  -0.717129
-0.043  -0.729084
-0.042  -0.74076
-0.041  -0.752195
-0.04  -0.76337
-0.039  -0.774333
-0.038  -0.785029
-0.037  -0.795465
-0.036  -0.805653
-0.035  -0.815523
-0.034  -0.825167
-0.033  -0.834551
-0.032  -0.843654
-0.031  -0.852503
-0.03  -0.861091
-0.029  -0.869354
-0.028  -0.877451
-0.027  -0.885194
-0.026  -0.892635
-0.025  -0.899873
-0.024  -0.906763
-0.023  -0.913397
-0.022  -0.91973
-0.021  -0.925847
-0.02  -0.931651
-0.019  -0.937236
-0.018  -0.942539
-0.017  -0.947567
-0.016  -0.952348
-0.015  -0.956832
-0.014  -0.96101
-0.013  -0.964982
-0.012  -0.968646
-0.011  -0.97205
-0.01  -0.975168
-0.009  -0.978059
-0.008  -0.980744
-0.007  -0.983203
-0.006  -0.985304
-0.005  -0.98717
-0.004  -0.98877
-0.003  -0.990225
-0.002  -0.991358
-0.001  -0.992229
0  -0.992835
0.001  -0.993271
0.002  -0.993471
0.003  -0.993403
0.004  -0.993144
0.005  -0.992728
0.006  -0.992018
0.007  -0.99116
0.008  -0.990052
0.009  -0.988826
0.01  -0.987347
0.011  -0.985651
0.012  -0.983751
0.013  -0.981823
0.014  -0.979693
0.015  -0.977353
0.016  -0.974838
0.017  -0.972282
0.018  -0.969497
0.019  -0.966649
0.02  -0.963616
0.021  -0.960536
0.022  -0.95735
0.023  -0.954105
0.024  -0.950637
0.025  -0.947123
0.026  -0.943512
0.027  -0.939832
0.028  -0.935993
0.029  -0.932156
0.03  -0.928197
0.031  -0.924253
0.032  -0.920145
0.033  -0.916028
0.034  -0.91191
0.035  -0.907667
0.036  -0.903327
0.037  -0.899003
0.038  -0.894596
0.039  -0.890095
0.04  -0.885583
0.041  -0.880961
0.042  -0.876307
0.043  -0.871751
0.044  -0.867116
0.045  -0.862422
0.046  -0.857734
0.047  -0.853035
0.048  -0.848265
0.049  -0.843521
0.05  -0.838717
0.051  -0.833893
0.052  -0.829006
0.053  -0.824146
0.054  -0.819199
0.055  -0.814342
0.056  -0.809487
0.057  -0.804585
0.058  -0.799642
0.059  -0.79474
0.06  -0.789915
0.061  -0.785053
0.062  -0.780113
0.063  -0.775179
0.064  -0.770313
0.065  -0.76534
0.066  -0.760458
0.067  -0.755533
0.068  -0.750634
0.069  -0.745693
0.07  -0.740806
0.071  -0.735881
0.072  -0.73108
0.073  -0.726326
0.074  -0.721479
0.075  -0.716727
0.076  -0.711996
0.077  -0.70732
0.078  -0.702583
0.079  -0.69786
0.08  -0.693184
0.081  -0.688512
0.082  -0.683869
0.083  -0.679275
0.084  -0.674718
0.085  -0.670225
0.086  -0.665773
0.087  -0.661313
0.088  -0.656905
0.089  -0.652549
0.09  -0.648362
0.091  -0.644004
0.092  -0.639813
0.093  -0.63562
0.094  -0.631449
0.095  -0.627238
0.096  -0.623158
0.097  -0.619069
0.098  -0.615085
0.099  -0.611085
0.1  -0.607141
0.101  -0.603266
0.102  -0.599456
0.103  -0.595603
0.104  -0.591754
0.105  -0.587988
0.106  -0.584332
0.107  -0.580618
0.108  -0.576965
0.109  -0.573298
0.11  -0.569741
0.111  -0.566109
0.112  -0.562536
0.113  -0.558991
0.114  -0.555533
0.115  -0.552118
0.116  -0.54878
0.117  -0.545367
0.118  -0.542043
0.119  -0.538757
0.12  -0.535505
0.121  -0.532179
0.122  -0.529078
0.123  -0.526002
0.124  -0.522846
0.125  -0.519646
0.126  -0.516597
0.127  -0.513529
0.128  -0.510529
0.129  -0.507507
0.13  -0.504559
0.131  -0.501685
0.132  -0.49881
0.133  -0.495857
0.134  -0.492939
0.135  -0.490047
0.136  -0.487219
0.137  -0.484336
0.138  -0.481498
0.139  -0.478678
0.14  -0.475971
0.141  -0.473162
0.142  -0.470297
0.143  -0.467518
0.144  -0.464783
0.145  -0.462072
0.146  -0.459401
0.147  -0.456667
0.148  -0.453973
0.149  -0.451294
0.15  -0.448586
0.151  -0.445839
0.152  -0.443291
0.153  -0.440698
0.154  -0.438063
0.155  -0.435423
0.156  -0.432804
0.157  -0.430193
0.158  -0.427654
0.159  -0.425014
0.16  -0.422414
0.161  -0.419876
0.162  -0.417327
0.163  -0.414822
0.164  -0.412213
0.165  -0.40959
0.166  -0.406986
0.167  -0.404335
0.168  -0.40175
0.169  -0.399169
0.17  -0.396651
0.171  -0.39406
0.172  -0.391436
0.173  -0.388847
0.174  -0.386317
0.175  -0.383805
0.176  -0.381219
0.177  -0.378538
0.178  -0.375912
0.179  -0.373379
0.18  -0.370789
0.181  -0.368133
0.182  -0.365481
0.183  -0.362901
0.184  -0.36031
0.185  -0.357804
0.186  -0.355268
0.187  -0.352635
0.188  -0.350089
0.189  -0.347502
0.19  -0.344985
0.191  -0.342446
0.192  -0.339977
0.193  -0.337461
0.194  -0.334986
0.195  -0.332518
0.196  -0.330003
0.197  -0.327509
0.198  -0.325044
0.199  -0.322593
0.2  -0.32024
0.201  -0.317874
0.202  -0.315497
0.203  -0.313125
0.204  -0.310733
0.205  -0.308415
0.206  -0.306118
0.207  -0.303692
0.208  -0.301328
0.209  -0.299053
0.21  -0.296745
0.211  -0.294366
0.212  -0.292022
0.213  -0.289627
0.214  -0.287411
0.215  -0.285255
0.216  -0.283077
0.217  -0.280851
0.218  -0.278711
0.219  -0.276557
0.22  -0.274465
0.221  -0.272355
0.222  -0.270302
0.223  -0.268271
0.224  -0.266316
0.225  -0.264315
0.226  -0.262328
0.227  -0.260379
0.228  -0.258405
0.229  -0.256575
0.23  -0.254752
0.231  -0.253044
0.232  -0.25131
0.233  -0.249493
0.234  -0.247703
0.235  -0.246018
0.236  -0.244275
0.237  -0.24253
0.238  -0.240849
0.239  -0.239252
0.24  -0.237713
0.241  -0.236083
0.242  -0.234438
0.243  -0.232747
0.244  -0.231309
0.245  -0.229838
0.246  -0.228406
0.247  -0.22687
0.248  -0.225435
0.249  -0.223988
0.25  -0.222578
0.251  -0.221189
0.252  -0.219852
0.253  -0.218528
0.254  -0.217248
0.255  -0.215987
0.256  -0.214665
0.257  -0.213362
0.258  -0.212067
0.259  -0.210856
0.26  -0.20963
0.261  -0.20856
0.262  -0.207424
0.263  -0.206159
0.264  -0.204982
0.265  -0.203862
0.266  -0.202769
0.267  -0.201593
0.268  -0.200517
0.269  -0.199398
0.27  -0.198339
0.271  -0.197195
0.272  -0.196129
0.273  -0.194959
0.274  -0.194045
0.275  -0.193071
0.276  -0.192096
0.277  -0.191002
0.278  -0.189934
0.279  -0.188859
0.28  -0.187806
0.281  -0.186768
0.282  -0.185791
0.283  -0.184877
0.284  -0.183862
0.285  -0.182894
0.286  -0.181944
0.287  -0.180907
0.288  -0.179868
0.289  -0.178883
0.29  -0.177931
0.291  -0.17697
0.292  -0.175954
0.293  -0.174731
0.294  -0.173626
0.295  -0.172622
0.296  -0.171631
0.297  -0.170618
0.298  -0.169678
0.299  -0.168604
0.3  -0.167639
0.301  -0.166538
0.302  -0.165524
0.303  -0.164468
0.304  -0.16344
0.305  -0.162383
0.306  -0.161345
0.307  -0.160283
0.308  -0.159201
0.309  -0.158112
0.31  -0.157061
0.311  -0.156033
0.312  -0.155054
0.313  -0.154076
0.314  -0.152988
0.315  -0.151989
0.316  -0.150947
0.317  -0.149872
0.318  -0.148786
0.319  -0.147731
0.32  -0.14672
0.321  -0.145639
0.322  -0.144562
0.323  -0.143504
0.324  -0.14238
0.325  -0.141365
0.326  -0.140366
0.327  -0.139285
0.328  -0.138321
0.329  -0.137279
0.33  -0.136299
0.331  -0.135251
0.332  -0.13421
0.333  -0.133113
0.334  -0.132106
0.335  -0.131054
0.336  -0.130066
0.337  -0.129101
0.338  -0.128085
0.339  -0.127068
0.34  -0.126106
0.341  -0.125097
0.342  -0.124104
0.343  -0.123248
0.344  -0.122304
0.345  -0.1214
0.346  -0.120544
0.347  -0.119577
0.348  -0.118656
0.349  -0.117774
0.35  -0.116898
0.351  -0.116107
0.352  -0.115254
0.353  -0.114334
0.354  -0.113445
0.355  -0.11263
0.356  -0.111852
0.357  -0.110981
0.358  -0.110231
0.359  -0.109394
0.36  -0.108705
0.361  -0.107949
0.362  -0.107173
0.363  -0.106341
0.364  -0.10561
0.365  -0.104863
0.366  -0.104171
0.367  -0.103406
0.368  -0.102672
0.369  -0.101957
0.37  -0.101265
0.371  -0.100558
0.372  -0.0999639
0.373  -0.0994281
0.374  -0.0987447
0.375  -0.0982115
0.376  -0.0976936
0.377  -0.0971229
0.378  -0.0965728
0.379  -0.0959916
0.38  -0.0954412
0.381  -0.0949537
0.382  -0.0944017
0.383  -0.0938352
0.384  -0.0932638
0.385  -0.0927673
0.386  -0.0923325
0.387  -0.0918162
0.388  -0.0913292
0.389  -0.0908069
0.39  -0.0904475
0.391  -0.0899068
0.392  -0.0893958
0.393  -0.0889721
0.394  -0.0884136
0.395  -0.0879267
0.396  -0.0874598
0.397  -0.0869476
0.398  -0.0864691
0.399  -0.0859884
0.4  -0.0855161
0.401  -0.0851141
0.402  -0.0846855
0.403  -0.0842802
0.404  -0.0837651
0.405  -0.0833721
0.406  -0.0829037
0.407  -0.0824912
0.408  -0.0820262
0.409  -0.0815591
0.41  -0.0811205
0.411  -0.0807114
0.412  -0.0802345
0.413  -0.0797478
0.414  -0.0792716
0.415  -0.078802
0.416  -0.0784051
0.417  -0.0779318
0.418  -0.0774288
0.419  -0.0769501
0.42  -0.0764968
0.421  -0.0759588
0.422  -0.075491
0.423  -0.0750405
0.424  -0.0745197
0.425  -0.0740729
0.426  -0.0735527
0.427  -0.0730571
0.428  -0.0725497
0.429  -0.0720091
0.43  -0.0714013
0.431  -0.0708761
0.432  -0.0704075
0.433  -0.069902
0.434  -0.0693345
0.435  -0.0687918
0.436  -0.0682387
0.437  -0.0677465
0.438  -0.0671289
0.439  -0.0665796
0.44  -0.0660143
0.441  -0.0654185
0.442  -0.0648607
0.443  -0.0642385
0.444  -0.0636304
0.445  -0.0631024
0.446  -0.0625412
0.447  -0.0619312
0.448  -0.0613634
0.449  -0.0608399
0.45  -0.060262
0.451  -0.0596263
0.452  -0.0590518
0.453  -0.0584703
0.454  -0.0579444
0.455  -0.0574
0.456  -0.0567788
0.457  -0.0562551
0.458  -0.0556945
0.459  -0.05515
0.46  -0.054581
0.461  -0.0539594
0.462  -0.0534575
0.463  -0.0529715
0.464  -0.0523912
0.465  -0.0518439
0.466  -0.0513277
0.467  -0.0508359
0.468  -0.0502559
0.469  -0.0497722
0.47  -0.0492494
0.471  -0.0487444
0.472  -0.0482347
0.473  -0.0476767
0.474  -0.0471555
0.475  -0.0467408
0.476  -0.04626
0.477  -0.0457558
0.478  -0.045302
0.479  -0.0449139
0.48  -0.0444929
0.481  -0.0439914
0.482  -0.0434839
0.483  -0.0430352
0.484  -0.0426457
0.485  -0.0422243
0.486  -0.0417829
0.487  -0.0414
0.488  -0.0409847
0.489  -0.0406102
0.49  -0.0401892
0.491  -0.0398055
0.492  -0.0394439
0.493  -0.0391104
0.494  -0.0387387
0.495  -0.0383652
0.496  -0.0380433
0.497  -0.0376969
0.498  -0.0372979
0.499  -0.037039
0.5  -0.0367426
0.501  -0.0364711
0.502  -0.0361529
0.503  -0.0358432
0.504  -0.0355562
0.505  -0.0353033
0.506  -0.0350161
0.507  -0.0347226
0.508  -0.0344177
0.509  -0.0342005
0.51  -0.0339761
0.511  -0.0336979
0.512  -0.0334099
0.513  -0.0331159
0.514  -0.0328911
0.515  -0.032644
0.516  -0.0324158
0.517  -0.0321827
0.518  -0.0319199
0.519  -0.0317084
0.52  -0.0314577
0.521  -0.0312478
0.522  -0.0310072
0.523  -0.0308272
0.524  -0.0305747
0.525  -0.0303731
0.526  -0.0301989
0.527  -0.030026
0.528  -0.029785
0.529  -0.0296268
0.53  -0.0294322
0.531  -0.0292843
0.532  -0.0291094
0.533  -0.0288718
0.534  -0.0286592
0.535  -0.0284665
0.536  -0.0282718
0.537  -0.0280468
0.538  -0.0277588
0.539  -0.0275689
0.54  -0.0273751
0.541  -0.027157
0.542  -0.0268945
0.543  -0.0266314
0.544  -0.0264022
0.545  -0.0261172
0.546  -0.0259023
0.547  -0.0256628
0.548  -0.0253482
0.549  -0.0251432
0.55  -0.0248892
0.551  -0.0246212
0.552  -0.0243885
0.553  -0.0241743
0.554  -0.023884
0.555  -0.0236345
0.556  -0.023392
0.557  -0.0231741
0.558  -0.0229065
0.559  -0.022693
0.56  -0.0224175
0.561  -0.0221963
0.562  -0.0220002
0.563  -0.0217232
0.564  -0.0214892
0.565  -0.0211921
0.566  -0.0209148
0.567  -0.020626
0.568  -0.0202426
0.569  -0.0199459
0.57  -0.0196754
0.571  -0.0193969
0.572  -0.0190808
0.573  -0.0187701
0.574  -0.0184731
0.575  -0.018158
0.576  -0.0178875
0.577  -0.0175859
0.578  -0.0172661
0.579  -0.0169852
0.58  -0.0166701
0.581  -0.0163592
0.582  -0.016028
0.583  -0.015743
0.584  -0.0154261
0.585  -0.0151598
0.586  -0.01491
0.587  -0.0146683
0.588  -0.0143558
0.589  -0.0140908
0.59  -0.0137449
0.591  -0.0134934
0.592  -0.0132496
0.593  -0.0129937
0.594  -0.0127121
0.595  -0.0124524
0.596  -0.0122031
0.597  -0.0119122
0.598  -0.0116459
0.599  -0.0114158
0.6  -0.0111744
0.601  -0.0109811
0.602  -0.0107174
0.603  -0.0104838
0.604  -0.0102284
0.605  -0.00998718
0.606  -0.00977862
0.607  -0.00958425
0.608  -0.00937103
0.609  -0.00919528
0.61  -0.00895427
0.611  -0.00875762
0.612  -0.00852118
0.613  -0.00837381
0.614  -0.00815443
0.615  -0.00798409
0.616  -0.00782895
0.617  -0.0076896
0.618  -0.00747621
0.619  -0.00731787
0.62  -0.00712616
0.621  -0.00700799
0.622  -0.00687569
0.623  -0.00677745
0.624  -0.00662551
0.625  -0.0064902
0.626  -0.00637643
0.627  -0.00624849
0.628  -0.00615867
0.629  -0.0060986
0.63  -0.00601374
0.631  -0.00594957
0.632  -0.0058366
0.633  -0.00573625
0.634  -0.00563558
0.635  -0.00554242
0.636  -0.00540562
0.637  -0.00535002
0.638  -0.00528475
0.639  -0.00522347
0.64  -0.00510882
0.641  -0.00509174
0.642  -0.00501348
0.643  -0.00498736
0.644  -0.00494393
0.645  -0.00488807
0.646  -0.00484104
0.647  -0.00479259
0.648  -0.00471118
0.649  -0.004656
0.65  -0.00458672
0.651  -0.00456887
0.652  -0.00454382
0.653  -0.00449893
0.654  -0.0044784
0.655  -0.00448984
0.656  -0.00446332
0.657  -0.0044134
0.658  -0.00441152
0.659  -0.00444016
0.66  -0.00435474
0.661  -0.00428869
0.662  -0.00425419
0.663  -0.00419559
0.664  -0.00418936
0.665  -0.00414131
0.666  -0.00409789
0.667  -0.00405837
0.668  -0.00403334
0.669  -0.00404897
0.67  -0.00400612
0.671  -0.00401001
0.672  -0.00401096
0.673  -0.00396919
0.674  -0.00392844
0.675  -0.00388573
0.676  -0.0038489
0.677  -0.00377886
0.678  -0.00370749
0.679  -0.00367848
0.68  -0.00366037
0.681  -0.00364154
0.682  -0.0035984
0.683  -0.00352153
0.684  -0.00347855
0.685  -0.00342371
0.686  -0.00336999
0.687  -0.00329198
0.688  -0.00322317
0.689  -0.00317078
0.69  -0.0030648
0.691  -0.00293564
0.692  -0.00287566
0.693  -0.0027689
0.694  -0.00269577
0.695  -0.00261069
0.696  -0.0025292
0.697  -0.00244803
0.698  -0.0023838
0.699  -0.00233026
0.7  -0.00225006
0.701  -0.00220486
0.702  -0.00215518
0.703  -0.00206253
0.704  -0.00201364
0.705  -0.00193614
0.706  -0.00186117
0.707  -0.00176762
0.708  -0.00170348
0.709  -0.00163903
0.71  -0.00160824
0.711  -0.00155112
0.712  -0.00151181
0.713  -0.00143086
0.714  -0.00137529
0.715  -0.00133453
0.716  -0.00126342
0.717  -0.00118637
0.718  -0.00108818
0.719  -0.00101085
0.72  -0.000889707
0.721  -0.000775245
0.722  -0.000739681
0.723  -0.000632331
0.724  -0.000588294
0.725  -0.00050542
0.726  -0.000465033
0.727  -0.000399137
0.728  -0.000365648
0.729  -0.000312832
0.73  -0.000264356
0.731  -0.000228946
0.732  -0.000220748
0.733  -0.000205907
0.734  -0.000175415
0.735  -0.000160796
0.736  -0.000138447
0.737  -0.000151907
0.738  -0.00013083
0.739  -0.000162505
0.74  -0.000216647
0.741  -0.000236718
0.742  -0.00028642
0.743  -0.000290781
0.744  -0.000330774
0.745  -0.000350038
0.746  -0.000345325
0.747  -0.000349287
0.748  -0.000379329
0.749  -0.000407887
0.75  -0.000389663
0.751  -0.000407616
0.752  -0.000438856
0.753  -0.000445788
0.754  -0.00046091
0.755  -0.00047689
0.756  -0.000519886
0.757  -0.000574403
0.758  -0.000642306
0.759  -0.00066017
0.76  -0.000725351
0.761  -0.000757645
0.762  -0.000822105
0.763  -0.000905393
0.764  -0.000945825
0.765  -0.00102802
0.766  -0.00111743
0.767  -0.00119282
0.768  -0.00126165
0.769  -0.00136659
0.77  -0.00147449
0.771  -0.00156692
0.772  -0.00168664
0.773  -0.00178446
0.774  -0.0018807
0.775  -0.00195128
0.776  -0.00201433
0.777  -0.00208593
0.778  -0.00217823
0.779  -0.00223827
0.78  -0.00229338
0.781  -0.00237591
0.782  -0.00244845
0.783  -0.00250168
0.784  -0.00257878
0.785  -0.00265655
0.786  -0.00273623
0.787  -0.00279622
0.788  -0.0028995
0.789  -0.00292643
0.79  -0.00302225
0.791  -0.00304786
0.792  -0.00313618
0.793  -0.00322136
0.794  -0.00329191
0.795  -0.00340296
0.796  -0.00349908
0.797  -0.00359788
0.798  -0.00365592
0.799  -0.00377054
0.8  -0.00385387
0.801  -0.00393278
0.802  -0.00404837
0.803  -0.00413819
0.804  -0.00418956
0.805  -0.00423535
0.806  -0.00429329
0.807  -0.00433221
0.808  -0.004425
0.809  -0.00443704
0.81  -0.0045132
0.811  -0.00455317
0.812  -0.00463754
0.813  -0.00465202
0.814  -0.00470772
0.815  -0.00471879
0.816  -0.00471462
0.817  -0.00473787
0.818  -0.00476619
0.819  -0.00477343
0.82  -0.00481125
0.821  -0.0048106
0.822  -0.00483485
0.823  -0.00484129
0.824  -0.00485911
0.825  -0.00490781
0.826  -0.00495984
0.827  -0.00498406
0.828  -0.00499801
0.829  -0.00504949
0.83  -0.00509748
0.831  -0.00511569
0.832  -0.00516423
0.833  -0.00515624
0.834  -0.00517378
0.835  -0.0052191
0.836  -0.00523546
0.837  -0.00521573
0.838  -0.00524916
0.839  -0.00524971
0.84  -0.0052836
0.841  -0.00529887
0.842  -0.00537264
0.843  -0.00539288
0.844  -0.00540462
0.845  -0.00539017
0.846  -0.00538427
0.847  -0.00541502
0.848  -0.00541346
0.849  -0.00537908
0.85  -0.00536887
0.851  -0.00538992
0.852  -0.00541103
0.853  -0.00543912
0.854  -0.00542376
0.855  -0.00547932
0.856  -0.00555647
0.857  -0.00556458
0.858  -0.00557443
0.859  -0.00563408
0.86  -0.00564611
0.861  -0.00566932
0.862  -0.0057067
0.863  -0.00575116
0.864  -0.00576373
0.865  -0.00579251
0.866  -0.00582118
0.867  -0.00581861
0.868  -0.00586497
0.869  -0.00590985
0.87  -0.0059239
0.871  -0.00596815
0.872  -0.00604138
0.873  -0.00609594
0.874  -0.00614327
0.875  -0.00618397
0.876  -0.00620163
0.877  -0.0062407
0.878  -0.00624674
0.879  -0.00623688
0.88  -0.00626804
0.881  -0.00631221
0.882  -0.00635618
0.883  -0.00644448
0.884  -0.00650988
0.885  -0.00656278
0.886  -0.00665447
0.887  -0.00669543
0.888  -0.00673462
0.889  -0.00684642
0.89  -0.00685338
0.891  -0.00689176
0.892  -0.00697074
0.893  -0.00702958
0.894  -0.00704596
0.895  -0.00714962
0.896  -0.00720296
0.897  -0.00722557
0.898  -0.00730953
0.899  -0.00735898
0.9  -0.00738294
0.901  -0.00742586
0.902  -0.00750755
0.903  -0.00753507
0.904  -0.00760797
0.905  -0.0076695
0.906  -0.00769107
0.907  -0.00775728
0.908  -0.00779697
0.909  -0.007881
0.91  -0.00793903
0.911  -0.00798355
0.912  -0.00802542
0.913  -0.00814592
0.914  -0.00822495
0.915  -0.00830817
0.916  -0.00840376
0.917  -0.00846706
0.918  -0.00850104
0.919  -0.00864916
0.92  -0.00869103
0.921  -0.00872985
0.922  -0.00881212
0.923  -0.00886564
0.924  -0.00889069
0.925  -0.00902447
0.926  -0.00905908
0.927  -0.00904484
0.928  -0.00906997
0.929  -0.00909106
0.93  -0.00905841
0.931  -0.00907695
0.932  -0.00908691
0.933  -0.00906778
0.934  -0.00908773
0.935  -0.00911311
0.936  -0.00907046
0.937  -0.00909978
0.938  -0.00905446
0.939  -0.0090367
0.94  -0.00903433
0.941  -0.00900568
0.942  -0.0089862
0.943  -0.00904539
0.944  -0.00902851
0.945  -0.00905435
0.946  -0.0090946
0.947  -0.00909835
0.948  -0.00908413
0.949  -0.00920042
0.95  -0.00921669
0.951  -0.00921098
0.952  -0.00922419
0.953  -0.00923631
0.954  -0.00918519
0.955  -0.00929786
0.956  -0.00928677
0.957  -0.00922522
0.958  -0.00921059
0.959  -0.00917273
0.96  -0.00911743
0.961  -0.00906801
0.962  -0.00900812
0.963  -0.00897213
0.964  -0.00890944
0.965  -0.0088822
0.966  -0.00886419
0.967  -0.00879909
0.968  -0.00872487
0.969  -0.00865593
0.97  -0.00858453
0.971  -0.00849492
0.972  -0.00843976
0.973  -0.00847518
0.974  -0.00839979
0.975  -0.00838181
0.976  -0.00841812
0.977  -0.00840214
0.978  -0.00838399
0.979  -0.00843454
0.98  -0.00846471
0.981  -0.00845933
0.982  -0.00843346
0.983  -0.00843544
0.984  -0.00835351
0.985  -0.00837009
0.986  -0.00837595
0.987  -0.00826764
0.988  -0.00821222
0.989  -0.00818426
0.99  -0.00815904
0.991  -0.00812151
0.992  -0.0080649
0.993  -0.00801526
0.994  -0.00794205
0.995  -0.00789346
0.996  -0.00784727
0.997  -0.00776644
0.998  -0.00772638
0.999  -0.00763758
1  -0.00754444
1.001  -0.00747138
1.002  -0.00742537
1.003  -0.00745684
1.004  -0.00735388
1.005  -0.00736677
1.006  -0.0074102
1.007  -0.00745924
1.008  -0.00746217
1.009  -0.0074975
1.01  -0.00746604
1.011  -0.00748661
1.012  -0.0074649
1.013  -0.00747963
1.014  -0.00742138
1.015  -0.00745455
1.016  -0.00747717
1.017  -0.00740789
1.018  -0.0073938
1.019  -0.00739034
1.02  -0.0074005
1.021  -0.00736806
1.022  -0.00737178
1.023  -0.00736975
1.024  -0.00732631
1.025  -0.00729695
1.026  -0.0072239
1.027  -0.00712553
1.028  -0.00709896
1.029  -0.00707961
1.03  -0.00699399
1.031  -0.00698024
1.032  -0.00694998
1.033  -0.00698893
1.034  -0.00691963
1.035  -0.006936
1.036  -0.00698392
1.037  -0.00701738
1.038  -0.00703685
1.039  -0.00705351
1.04  -0.00704873
1.041  -0.00702425
1.042  -0.0069876
1.043  -0.0069687
1.044  -0.00690949
1.045  -0.00691185
1.046  -0.00694182
1.047  -0.00686218
1.048  -0.00681111
1.049  -0.00677993
1.05  -0.00673525
1.051  -0.0066778
1.052  -0.00665655
1.053  -0.00666168
1.054  -0.00662251
1.055  -0.00656869
1.056  -0.0064937
1.057  -0.006389
1.058  -0.00634969
1.059  -0.00630253
1.06  -0.00622972
1.061  -0.00621357
1.062  -0.00614881
1.063  -0.00614655
1.064  -0.00609623
1.065  -0.00608897
1.066  -0.0061038
1.067  -0.00610075
1.068  -0.00606808
1.069  -0.00607204
1.07  -0.00606131
1.071  -0.00599709
1.072  -0.00590797
1.073  -0.0058369
1.074  -0.00572542
1.075  -0.00568471
1.076  -0.00565007
1.077  -0.00552968
1.078  -0.00545666
1.079  -0.00540702
1.08  -0.00534314
1.081  -0.00526312
1.082  -0.00520857
1.083  -0.00513692
1.084  -0.00505965
1.085  -0.00498169
1.086  -0.0048814
1.087  -0.00479005
1.088  -0.00469011
1.089  -0.00462452
1.09  -0.00453813
1.091  -0.00448824
1.092  -0.00439448
1.093  -0.00439223
1.094  -0.00431085
1.095  -0.00426686
1.096  -0.00428003
1.097  -0.0042419
1.098  -0.00414774
1.099  -0.00410943
1.1  -0.00406537
1.101  -0.00400523
1.102  -0.00390803
1.103  -0.00384157
1.104  -0.00372055
1.105  -0.00368554
1.106  -0.00362599
1.107  -0.00353615
1.108  -0.00344195
1.109  -0.00339458
1.11  -0.00332465
1.111  -0.00325771
1.112  -0.00317982
1.113  -0.00311286
1.114  -0.00305437
1.115  -0.0029472
1.116  -0.00283638
1.117  -0.00279537
1.118  -0.00269345
1.119  -0.00261646
1.12  -0.00257016
1.121  -0.00254363
1.122  -0.0024701
1.123  -0.00246786
1.124  -0.00239807
1.125  -0.00236355
1.126  -0.00234134
1.127  -0.00230127
1.128  -0.00221771
1.129  -0.00217884
1.13  -0.00212127
1.131  -0.00206175
1.132  -0.00197706
1.133  -0.00192239
1.134  -0.00184048
1.135  -0.0018479
1.136  -0.00178129
1.137  -0.00173383
1.138  -0.00167448
1.139  -0.0016306
1.14  -0.00156338
1.141  -0.0014838
1.142  -0.0014153
1.143  -0.00135865
1.144  -0.00130228
1.145  -0.00123494
1.146  -0.00115346
1.147  -0.00108888
1.148  -0.00101615
1.149  -0.000969837
1.15  -0.000942343
1.151  -0.000921159
1.152  -0.000851269
1.153  -0.000838817
1.154  -0.000747039
1.155  -0.000692884
1.156  -0.000666612
1.157  -0.000648154
1.158  -0.000566204
1.159  -0.000549838
1.16  -0.000539561
1.161  -0.000491542
1.162  -0.000450118
1.163  -0.000410548
1.164  -0.000357118
1.165  -0.000337408
1.166  -0.000311568
1.167  -0.000281751
1.168  -0.000242685
1.169  -0.000207771
1.17  -0.000163624
1.171  -0.000100037
1.172  -4.80064e-05
1.173  -5.04703e-06
1.174  1.4202e-05
1.175  5.44472e-05
1.176  0.000105035
1.177  0.000153149
1.178  0.000188499
1.179  0.000251079
1.18  0.000258997
1.181  0.000279425
1.182  0.000320222
1.183  0.000327494
1.184  0.000357494
1.185  0.0004052
1.186  0.000422484
1.187  0.000462917
1.188  0.000527996
1.189  0.000556285
1.19  0.000558786
1.191  0.000612364
1.192  0.000659821
1.193  0.000722821
1.194  0.000783916
1.195  0.000821601
1.196  0.000849732
1.197  0.000906632
1.198  0.000956706
1.199  0.00101565
1.2  0.00109718
1.201  0.0011701
1.202  0.00125223
1.203  0.00133211
1.204  0.00138648
1.205  0.00145466
1.206  0.00153394
1.207  0.00159651
1.208  0.00166913
1.209  0.00174595
1.21  0.00179734
1.211  0.0018284
1.212  0.00188136
1.213  0.00192848
1.214  0.00199909
1.215  0.00207819
1.216  0.00214486
1.217  0.00220154
1.218  0.00227923
1.219  0.00233878
1.22  0.00240018
1.221  0.00244824
1.222  0.00250132
1.223  0.0025566
1.224  0.00263467
1.225  0.00265086
1.226  0.00271352
1.227  0.0027675
1.228  0.00283032
1.229  0.00288932
1.23  0.00297926
1.231  0.00305355
1.232  0.00312522
1.233  0.00320641
1.234  0.00327966
1.235  0.00333041
1.236  0.00340162
1.237  0.00347805
1.238  0.00354304
1.239  0.00359414
1.24  0.00366562
1.241  0.00372465
1.242  0.00380343
1.243  0.00384254
1.244  0.0039348
1.245  0.00399929
1.246  0.00404872
1.247  0.00412858
1.248  0.00418474
1.249  0.00424815
1.25  0.00430615
1.251  0.00436638
1.252  0.00441472
1.253  0.00445983
1.254  0.00454247
1.255  0.00459001
1.256  0.00461836
1.257  0.00465827
1.258  0.00471771
1.259  0.00475768
1.26  0.00480712
1.261  0.00486777
1.262  0.00494561
1.263  0.00501027
1.264  0.00508628
1.265  0.00513831
1.266  0.00516892
1.267  0.00522543
1.268  0.0052514
1.269  0.00528281
1.27  0.00533734
1.271  0.00538072
1.272  0.00543069
1.273  0.00544107
1.274  0.00547673
1.275  0.00553653
1.276  0.00555924
1.277  0.00559279
1.278  0.00562716
1.279  0.00568344
1.28  0.00570125
1.281  0.00572916
1.282  0.00572669
1.283  0.00575423
1.284  0.00579845
1.285  0.005818
1.286  0.00583518
1.287  0.0058638
1.288  0.00589957
1.289  0.00592147
1.29  0.00595463
1.291  0.00600221
1.292  0.00605078
1.293  0.00610175
1.294  0.00614498
1.295  0.00618326
1.296  0.0062035
1.297  0.00624797
1.298  0.00624804
1.299  0.00626247
1.3  0.00629648
1.301  0.00636817
1.302  0.00637952
1.303  0.00639066
1.304  0.00641292
1.305  0.00646641
1.306  0.00649114
1.307  0.00652989
1.308  0.00655438
1.309  0.00659123
1.31  0.00660047
1.311  0.00662299
1.312  0.00662696
1.313  0.00663634
1.314  0.00667429
1.315  0.00670455
1.316  0.00672686
1.317  0.00676046
1.318  0.00681207
1.319  0.00682523
1.32  0.00682168
1.321  0.00686225
1.322  0.00690929
1.323  0.00695323
1.324  0.00696214
1.325  0.00699654
1.326  0.0070115
1.327  0.0070669
1.328  0.00707345
1.329  0.00709794
1.33  0.00712236
1.331  0.00719404
1.332  0.00722684
1.333  0.00725772
1.334  0.00729138
1.335  0.00732993
1.336  0.00734968
1.337  0.00736049
1.338  0.00739229
1.339  0.00742781
1.34  0.00744781
1.341  0.00745481
1.342  0.00747618
1.343  0.00750418
1.344  0.00753784
1.345  0.00756791
1.346  0.0075504
1.347  0.00757382
1.348  0.00762041
1.349  0.00763667
1.35  0.007628
1.351  0.00765181
1.352  0.00767473
1.353  0.00770282
1.354  0.00770696
1.355  0.00773365
1.356  0.00775499
1.357  0.00780062
1.358  0.00781898
1.359  0.00782554
1.36  0.0078606
1.361  0.00792935
1.362  0.0079577
1.363  0.00796938
1.364  0.0079785
1.365  0.00802129
1.366  0.00804285
1.367  0.00804234
1.368  0.00807534
1.369  0.008085
1.37  0.0080955
1.371  0.00809717
1.372  0.00809201
1.373  0.00810113
1.374  0.00811686
1.375  0.00813236
1.376  0.00811226
1.377  0.00811497
1.378  0.00815654
1.379  0.00814035
1.38  0.00810187
1.381  0.00810045
1.382  0.00810995
1.383  0.00812398
1.384  0.00811396
1.385  0.00808989
1.386  0.00808637
1.387  0.00810577
1.388  0.00810863
1.389  0.00809961
1.39  0.00809894
1.391  0.00813358
1.392  0.00812493
1.393  0.0081249
1.394  0.00811454
1.395  0.0081192
1.396  0.00811639
1.397  0.0080757
1.398  0.00808119
1.399  0.0080558
1.4  0.00804619
1.401  0.00803101
1.402  0.00800111
1.403  0.00799511
1.404  0.00799379
1.405  0.00794426
1.406  0.0078985
1.407  0.00787424
1.408  0.00787592
1.409  0.00784266
1.41  0.0077804
1.411  0.00777739
1.412  0.00773864
1.413  0.00771525
1.414  0.00768111
1.415  0.00764349
1.416  0.00762912
1.417  0.00762845
1.418  0.00760951
1.419  0.00756162
1.42  0.00753502
1.421  0.00752906
1.422  0.00746992
1.423  0.00744461
1.424  0.0074499
1.425  0.00742105
1.426  0.007395
1.427  0.0073396
1.428  0.0073201
1.429  0.00729494
1.43  0.00726947
1.431  0.00724271
1.432  0.00719252
1.433  0.00715501
1.434  0.00712481
1.435  0.00705756
1.436  0.00698941
1.437  0.0069467
1.438  0.006928
1.439  0.00687917
1.44  0.0068312
1.441  0.00681576
1.442  0.00677518
1.443  0.00672758
1.444  0.00668912
1.445  0.00665063
1.446  0.00663119
1.447  0.00662124
1.448  0.00658623
1.449  0.00652997
1.45  0.00650458
1.451  0.0065013
1.452  0.00644792
1.453  0.00640702
1.454  0.00640318
1.455  0.00637378
1.456  0.00634117
1.457  0.00629127
1.458  0.00625488
1.459  0.00619432
1.46  0.0061724
1.461  0.00613273
1.462  0.00609061
1.463  0.00605645
1.464  0.00601147
1.465  0.00593968
1.466  0.00587364
1.467  0.00584039
1.468  0.00579144
1.469  0.00573982
1.47  0.00568395
1.471  0.0056727
1.472  0.00565031
1.473  0.00560038
1.474  0.00555378
1.475  0.00552189
1.476  0.00551035
1.477  0.00549894
1.478  0.00546436
1.479  0.00539433
1.48  0.00537696
1.481  0.00534456
1.482  0.00527696
1.483  0.00522845
1.484  0.00521126
1.485  0.0051713
1.486  0.00513231
1.487  0.00510791
1.488  0.00507333
1.489  0.00502578
1.49  0.00497763
1.491  0.00490103
1.492  0.0048495
1.493  0.00481475
1.494  0.0047673
1.495  0.00469065
1.496  0.00461162
1.497  0.00457652
1.498  0.00454255
1.499  0.00447701
1.5  0.00443444
1.501  0.00440223
1.502  0.00437892
1.503  0.0043247
1.504  0.00427649
1.505  0.0042224
1.506  0.00416552
1.507  0.00412827
1.508  0.00408295
1.509  0.00402182
1.51  0.00399563
1.511  0.00395828
1.512  0.00388537
1.513  0.00381266
1.514  0.00376768
1.515  0.00373385
1.516  0.00369831
1.517  0.0036498
1.518  0.00358828
1.519  0.00352669
1.52  0.00347029
1.521  0.00339644
1.522  0.00334193
1.523  0.00327704
1.524  0.00320865
1.525  0.003155
1.526  0.00306429
1.527  0.0030028
1.528  0.00294797
1.529  0.00289188
1.53  0.00284247
1.531  0.00279827
1.532  0.00275172
1.533  0.00269733
1.534  0.00264399
1.535  0.00257018
1.536  0.00251382
1.537  0.00247828
1.538  0.00241756
1.539  0.00235048
1.54  0.00230624
1.541  0.00225114
1.542  0.00218739
1.543  0.0021253
1.544  0.00205625
1.545  0.0020243
1.546  0.00197198
1.547  0.00191798
1.548  0.00185172
1.549  0.00177174
1.55  0.00170773
1.551  0.00164725
1.552  0.00157578
1.553  0.00149078
1.554  0.00142486
1.555  0.00135586
1.556  0.00127661
1.557  0.00120965
1.558  0.00116919
1.559  0.00109236
1.56  0.00102439
1.561  0.000954272
1.562  0.000899628
1.563  0.000841615
1.564  0.00077499
1.565  0.000702441
1.566  0.000622942
1.567  0.000567247
1.568  0.000512467
1.569  0.000449967
1.57  0.00039868
1.571  0.000336132
1.572  0.000279554
1.573  0.000194234
1.574  0.00014641
1.575  9.83876e-05
1.576  6.18023e-05
1.577  1.0426e-05
1.578  -5.54723e-05
1.579  -0.000108829
1.58  -0.000151534
1.581  -0.000194937
1.582  -0.0002518
1.583  -0.000320332
1.584  -0.000369204
1.585  -0.000410728
1.586  -0.000484168
1.587  -0.000540672
1.588  -0.000581201
1.589  -0.000654802
1.59  -0.000703653
1.591  -0.000740571
1.592  -0.000769041
1.593  -0.000816325
1.594  -0.000882964
1.595  -0.000937835
1.596  -0.00100629
1.597  -0.0010428
1.598  -0.00107952
1.599  -0.00112932
1.6  -0.0011699
1.601  -0.0012159
1.602  -0.00123873
1.603  -0.00128482
1.604  -0.00132733
1.605  -0.00134372
1.606  -0.00134863
1.607  -0.00137291
1.608  -0.00141451
1.609  -0.0014423
1.61  -0.00149932
1.611  -0.001527
1.612  -0.00158382
1.613  -0.00161638
1.614  -0.00165039
1.615  -0.00168488
1.616  -0.0017404
1.617  -0.00179783
1.618  -0.00182386
1.619  -0.00188012
1.62  -0.00191711
1.621  -0.00195649
1.622  -0.0020021
1.623  -0.00203539
1.624  -0.00209144
1.625  -0.00214671
1.626  -0.00220689
1.627  -0.00223493
1.628  -0.00225218
1.629  -0.00230248
1.63  -0.00234219
1.631  -0.00239229
1.632  -0.00242293
1.633  -0.00246153
1.634  -0.00249043
1.635  -0.00250336
1.636  -0.00251269
1.637  -0.00253384
1.638  -0.00257618
1.639  -0.00260253
1.64  -0.00265813
1.641  -0.00267408
1.642  -0.00271836
1.643  -0.00276038
1.644  -0.0028043
1.645  -0.00283787
1.646  -0.0028823
1.647  -0.00294889
1.648  -0.00295795
1.649  -0.00299238
1.65  -0.00301783
1.651  -0.00305278
1.652  -0.0030903
1.653  -0.00311026
1.654  -0.00314032
1.655  -0.00316891
1.656  -0.00321806
1.657  -0.00324218
1.658  -0.00322912
1.659  -0.00323814
1.66  -0.00326977
1.661  -0.00327854
1.662  -0.00328063
1.663  -0.00330067
1.664  -0.00330908
1.665  -0.00331146
1.666  -0.00329893
1.667  -0.0033088
1.668  -0.00332989
1.669  -0.00332339
1.67  -0.00332762
1.671  -0.00333923
1.672  -0.00335583
1.673  -0.00336465
1.674  -0.00338664
1.675  -0.00338086
1.676  -0.00337508
1.677  -0.00341807
1.678  -0.00342292
1.679  -0.00342777
1.68  -0.00343261
1.681  -0.00343925
1.682  -0.00344589
1.683  -0.00344897
1.684  -0.00344627
1.685  -0.00346483
1.686  -0.00346765
1.687  -0.00345907
1.688  -0.00346216
1.689  -0.00346525
1.69  -0.00346525
1.691  -0.00346525
1.692  -0.00346525
1.693  -0.00346525
1.694  -0.00346525
1.695  -0.00346525
1.696  -0.00346525
1.697  -0.00346525
1.698  -0.00346525
1.699  -0.00346525
1.7  -0.00346525
1.701  -0.00346525
1.702  -0.00346525
1.703  -0.00346525
1.704  -0.00346525
1.705  -0.00346525
1.706  -0.00346525
1.707  -0.00346525
1.708  -0.00346525
1.709  -0.00346525
1.71  -0.00346525
1.711  -0.00346525
1.712  -0.00346525
1.713  -0.00346525
1.714  -0.00346525
1.715  -0.00346525
1.716  -0.00346525
1.717  -0.00346525
1.718  -0.00346525
1.719  -0.00346525
1.72  -0.00346525
1.721  -0.00346525
1.722  -0.00346525
1.723  -0.00346525
1.724  -0.00346525
1.725  -0.00346525
1.726  -0.00346525
1.727  -0.00346525
1.728  -0.00346525
1.729  -0.00346525
1.73  -0.00346525
1.731  -0.00346525
1.732  -0.00346525
1.733  -0.00346525
1.734  -0.00346525
1.735  -0.00346525
1.736  -0.00346525
1.737  -0.00346525
1.738  -0.00346525
1.739  -0.00346525
1.74  -0.00346525
1.741  -0.00346525
1.742  -0.00346525
1.743  -0.00346525
1.744  -0.00346525
1.745  -0.00346525
1.746  -0.00346525
1.747  -0.00346525
1.748  -0.00346525
1.749  -0.00346525
1.75  -0.00346525
1.751  -0.00346525
1.752  -0.00346525
1.753  -0.00346525
1.754  -0.00346525
1.755  -0.00346525
1.756  -0.00346525
1.757  -0.00346525
1.758  -0.00346525
1.759  -0.00346525
1.76  -0.00346525
1.761  -0.00346525
1.762  -0.00346525
1.763  -0.00346525
1.764  -0.00346525
1.765  -0.00346525
1.766  -0.00346525
1.767  -0.00346525
1.768  -0.00346525
1.769  -0.00346525
1.77  -0.00346525
1.771  -0.00346525
1.772  -0.00346525
1.773  -0.00346525
1.774  -0.00346525
1.775  -0.00346525
1.776  -0.00346525
1.777  -0.00346525
1.778  -0.00346525
1.779  -0.00346525
1.78  -0.00346525
1.781  -0.00346525
1.782  -0.00346525
1.783  -0.00346525
1.784  -0.00346525
1.785  -0.00346525
1.786  -0.00346525
1.787  -0.00346525
1.788  -0.00346525
1.789  -0.00346525
1.79  -0.00346525
1.791  -0.00346525
1.792  -0.00346525
1.793  -0.00346525
1.794  -0.00346525
1.795  -0.00346525
1.796  -0.00346525
1.797  -0.00346525
1.798  -0.00346525
1.799  -0.00346525
1.8  -0.00346525
1.801  -0.00346525
1.802  -0.00346525
1.803  -0.00346525
1.804  -0.00346525
1.805  -0.00346525
1.806  -0.00346525
1.807  -0.00346525
1.808  -0.00346525
1.809  -0.00346525
1.81  -0.00346525
1.811  -0.00346525
1.812  -0.00346525
1.813  -0.00346525
1.814  -0.00346525
1.815  -0.00346525
1.816  -0.00346525
1.817  -0.00346525
1.818  -0.00346525
1.819  -0.00346525
1.82  -0.00346525
1.821  -0.00346525
1.822  -0.00346525
1.823  -0.00346525
1.824  -0.00346525
1.825  -0.00346525
1.826  -0.00346525
1.827  -0.00346525
1.828  -0.00346525
1.829  -0.00346525
1.83  -0.00346525
1.831  -0.00346525
1.832  -0.00346525
1.833  -0.00346525
1.834  -0.00346525
1.835  -0.00346525
1.836  -0.00346525
1.837  -0.00346525
1.838  -0.00346525
1.839  -0.00346525
1.84  -0.00346525
1.841  -0.00346525
1.842  -0.00346525
1.843  -0.00346525
1.844  -0.00346525
1.845  -0.00346525
1.846  -0.00346525
1.847  -0.00346525
1.848  -0.00346525
1.849  -0.00346525
1.85  -0.00346525
1.851  -0.00346525
1.852  -0.00346525
1.853  -0.00346525
1.854  -0.00346525
1.855  -0.00346525
1.856  -0.00346525
1.857  -0.00346525
1.858  -0.00346525
1.859  -0.00346525
1.86  -0.00346525
1.861  -0.00346525
1.862  -0.00346525
1.863  -0.00346525
1.864  -0.00346525
1.865  -0.00346525
1.866  -0.00346525
1.867  -0.00346525
1.868  -0.00346525
1.869  -0.00346525
1.87  -0.00346525
1.871  -0.00346525
1.872  -0.00346525
1.873  -0.00346525
1.874  -0.00346525
1.875  -0.00346525
1.876  -0.00346525
1.877  -0.00346525
1.878  -0.00346525
1.879  -0.00346525
1.88  -0.00346525
1.881  -0.00346525
1.882  -0.00346525
1.883  -0.00346525
1.884  -0.00346525
1.885  -0.00346525
1.886  -0.00346525
1.887  -0.00346525
1.888  -0.00346525
1.889  -0.00346525
1.89  -0.00346525
1.891  -0.00346525
1.892  -0.00346525
1.893  -0.00346525
1.894  -0.00346525
1.895  -0.00346525
1.896  -0.00346525
1.897  -0.00346525
1.898  -0.00346525
1.899  -0.00346525
1.9  -0.00346525
1.901  -0.00346525
1.902  -0.00346525
1.903  -0.00346525
1.904  -0.00346525
1.905  -0.00346525
1.906  -0.00346525
1.907  -0.00346525
1.908  -0.00346525
1.909  -0.00346525
1.91  -0.00346525
1.911  -0.00346525
1.912  -0.00346525
1.913  -0.00346525
1.914  -0.00346525
1.915  -0.00346525
1.916  -0.00346525
1.917  -0.00346525
1.918  -0.00346525
1.919  -0.00346525
1.92  -0.00346525
1.921  -0.00346525
1.922  -0.00346525
1.923  -0.00346525
1.924  -0.00346525
1.925  -0.00346525
1.926  -0.00346525
1.927  -0.00346525
1.928  -0.00346525
1.929  -0.00346525
1.93  -0.00346525
1.931  -0.00346525
1.932  -0.00346525
1.933  -0.00346525
1.934  -0.00346525
1.935  -0.00346525
1.936  -0.00346525
1.937  -0.00346525
1.938  -0.00346525
1.939  -0.00346525
1.94  -0.00346525
1.941  -0.00346525
1.942  -0.00346525
1.943  -0.00346525
1.944  -0.00346525
1.945  -0.00346525
1.946  -0.00346525
1.947  -0.00346525
1.948  -0.00346525
1.949  -0.00346525
1.95  -0.00346525
1.951  -0.00346525
1.952  -0.00346525
1.953  -0.00346525
1.954  -0.00346525
1.955  -0.00346525
1.956  -0.00346525
1.957  -0.00346525
1.958  -0.00346525
1.959  -0.00346525
1.96  -0.00346525
1.961  -0.00346525
1.962  -0.00346525
1.963  -0.00346525
1.964  -0.00346525
1.965  -0.00346525
1.966  -0.00346525
1.967  -0.00346525
1.968  -0.00346525
1.969  -0.00346525
1.97  -0.00346525
1.971  -0.00346525
1.972  -0.00346525
1.973  -0.00346525
1.974  -0.00346525
1.975  -0.00346525
1.976  -0.00346525
1.977  -0.00346525
1.978  -0.00346525
1.979  -0.00346525
1.98  -0.00346525
1.981  -0.00346525
1.982  -0.00346525
1.983  -0.00346525
1.984  -0.00346525
1.985  -0.00346525
1.986  -0.00346525
1.987  -0.00346525
1.988  -0.00346525
1.989  -0.00346525
1.99  -0.00346525
1.991  -0.00346525
1.992  -0.00346525
1.993  -0.00346525
1.994  -0.00346525
1.995  -0.00346525
1.996  -0.00346525
1.997  -0.00346525
1.998  -0.00346525
1.999  -0.00346525
2  -0.00346525
2.001  -0.00346525
2.002  -0.00346525
2.003  -0.00346525
2.004  -0.00346525
2.005  -0.00346525
2.006  -0.00346525
2.007  -0.00346525
2.008  -0.00346525
2.009  -0.00346525
2.01  -0.00346525
2.011  -0.00346525
2.012  -0.00346525
2.013  -0.00346525
2.014  -0.00346525
2.015  -0.00346525
2.016  -0.00346525
2.017  -0.00346525
2.018  -0.00346525
2.019  -0.00346525
2.02  -0.00346525
2.021  -0.00346525
2.022  -0.00346525
2.023  -0.00346525
2.024  -0.00346525
2.025  -0.00346525
2.026  -0.00346525
2.027  -0.00346525
2.028  -0.00346525
2.029  -0.00346525
2.03  -0.00346525
2.031  -0.00346525
2.032  -0.00346525
2.033  -0.00346525
2.034  -0.00346525
2.035  -0.00346525
2.036  -0.00346525
2.037  -0.00346525
2.038  -0.00346525
2.039  -0.00346525
2.04  -0.00346525
2.041  -0.00346525
2.042  -0.00346525
2.043  -0.00346525
2.044  -0.00346525
2.045  -0.00346525
2.046  -0.00346525
2.047  -0.00346525
2.048  -0.00346525
2.049  -0.00346525
2.05  -0.00346525
2.051  -0.00346525
2.052  -0.00346525
2.053  -0.00346525
2.054  -0.00346525
2.055  -0.00346525
2.056  -0.00346525
2.057  -0.00346525
2.058  -0.00346525
2.059  -0.00346525
2.06  -0.00346525
2.061  -0.00346525
2.062  -0.00346525
2.063  -0.00346525
2.064  -0.00346525
2.065  -0.00346525
2.066  -0.00346525
2.067  -0.00346525
2.068  -0.00346525
2.069  -0.00346525
2.07  -0.00346525
2.071  -0.00346525
2.072  -0.00346525
2.073  -0.00346525
2.074  -0.00346525
2.075  -0.00346525
2.076  -0.00346525
2.077  -0.00346525
2.078  -0.00346525
2.079  -0.00346525
2.08  -0.00346525
2.081  -0.00346525
2.082  -0.00346525
2.083  -0.00346525
2.084  -0.00346525
2.085  -0.00346525
2.086  -0.00346525
2.087  -0.00346525
2.088  -0.00346525
2.089  -0.00346525
2.09  -0.00346525
2.091  -0.00346525
2.092  -0.00346525
2.093  -0.00346525
2.094  -0.00346525
2.095  -0.00346525
2.096  -0.00346525
2.097  -0.00346525
2.098  -0.00346525
2.099  -0.00346525
2.1  -0.00346525
2.101  -0.00346525
2.102  -0.00346525
2.103  -0.00346525
2.104  -0.00346525
2.105  -0.00346525
2.106  -0.00346525
2.107  -0.00346525
2.108  -0.00346525
2.109  -0.00346525
2.11  -0.00346525
2.111  -0.00346525
2.112  -0.00346525
2.113  -0.00346525
2.114  -0.00346525
2.115  -0.00346525
2.116  -0.00346525
2.117  -0.00346525
2.118  -0.00346525
2.119  -0.00346525
2.12  -0.00346525
2.121  -0.00346525
2.122  -0.00346525
2.123  -0.00346525
2.124  -0.00346525
2.125  -0.00346525
2.126  -0.00346525
2.127  -0.00346525
2.128  -0.00346525
2.129  -0.00346525
2.13  -0.00346525
2.131  -0.00346525
2.132  -0.00346525
2.133  -0.00346525
2.134  -0.00346525
2.135  -0.00346525
2.136  -0.00346525
2.137  -0.00346525
2.138  -0.00346525
2.139  -0.00346525
2.14  -0.00346525
2.141  -0.00346525
2.142  -0.00346525
2.143  -0.00346525
2.144  -0.00346525
2.145  -0.00346525
2.146  -0.00346525
2.147  -0.00346525
2.148  -0.00346525
2.149  -0.00346525
2.15  -0.00346525
2.151  -0.00346525
2.152  -0.00346525
2.153  -0.00346525
2.154  -0.00346525
2.155  -0.00346525
2.156  -0.00346525
2.157  -0.00346525
2.158  -0.00346525
2.159  -0.00346525
2.16  -0.00346525
2.161  -0.00346525
2.162  -0.00346525
2.163  -0.00346525
2.164  -0.00346525
2.165  -0.00346525
2.166  -0.00346525
2.167  -0.00346525
2.168  -0.00346525
2.169  -0.00346525
2.17  -0.00346525
2.171  -0.00346525
2.172  -0.00346525
2.173  -0.00346525
2.174  -0.00346525
2.175  -0.00346525
2.176  -0.00346525
2.177  -0.00346525
2.178  -0.00346525
2.179  -0.00346525
2.18  -0.00346525
2.181  -0.00346525
2.182  -0.00346525
2.183  -0.00346525
2.184  -0.00346525
2.185  -0.00346525
2.186  -0.00346525
2.187  -0.00346525
2.188  -0.00346525
2.189  -0.00346525
2.19  -0.00346525
2.191  -0.00346525
2.192  -0.00346525
2.193  -0.00346525
2.194  -0.00346525
2.195  -0.00346525
2.196  -0.00346525
2.197  -0.00346525
2.198  -0.00346525
2.199  -0.00346525
2.2  -0.00346525
2.201  -0.00346525
2.202  -0.00346525
2.203  -0.00346525
2.204  -0.00346525
2.205  -0.00346525
2.206  -0.00346525
2.207  -0.00346525
2.208  -0.00346525
2.209  -0.00346525
2.21  -0.00346525
2.211  -0.00346525
2.212  -0.00346525
2.213  -0.00346525
2.214  -0.00346525
2.215  -0.00346525
2.216  -0.00346525
2.217  -0.00346525
2.218  -0.00346525
2.219  -0.00346525
2.22  -0.00346525
2.221  -0.00346525
2.222  -0.00346525
2.223  -0.00346525
2.224  -0.00346525
2.225  -0.00346525
2.226  -0.00346525
2.227  -0.00346525
2.228  -0.00346525
2.229  -0.00346525
2.23  -0.00346525
2.231  -0.00346525
2.232  -0.00346525
2.233  -0.00346525
2.234  -0.00346525
2.235  -0.00346525
2.236  -0.00346525
2.237  -0.00346525
2.238  -0.00346525
2.239  -0.00346525
2.24  -0.00346525
2.241  -0.00346525
2.242  -0.00346525
2.243  -0.00346525
2.244  -0.00346525
2.245  -0.00346525
2.246  -0.00346525
2.247  -0.00346525
2.248  -0.00346525
2.249  -0.00346525
2.25  -0.00346525
2.251  -0.00346525
2.252  -0.00346525
2.253  -0.00346525
2.254  -0.00346525
2.255  -0.00346525
2.256  -0.00346525
2.257  -0.00346525
2.258  -0.00346525
2.259  -0.00346525
2.26  -0.00346525
2.261  -0.00346525
2.262  -0.00346525
2.263  -0.00346525
2.264  -0.00346525
2.265  -0.00346525
2.266  -0.00346525
2.267  -0.00346525
2.268  -0.00346525
2.269  -0.00346525
2.27  -0.00346525
2.271  -0.00346525
2.272  -0.00346525
2.273  -0.00346525
2.274  -0.00346525
2.275  -0.00346525
2.276  -0.00346525
2.277  -0.00346525
2.278  -0.00346525
2.279  -0.00346525
2.28  -0.00346525
2.281  -0.00346525
2.282  -0.00346525
2.283  -0.00346525
2.284  -0.00346525
2.285  -0.00346525
2.286  -0.00346525
2.287  -0.00346525
2.288  -0.00346525
2.289  -0.00346525
2.29  -0.00346525
2.291  -0.00346525
2.292  -0.00346525
2.293  -0.00346525
2.294  -0.00346525
2.295  -0.00346525
2.296  -0.00346525
2.297  -0.00346525
2.298  -0.00346525
2.299  -0.00346525
2.3  -0.00346525
2.301  -0.00346525
2.302  -0.00346525
2.303  -0.00346525
2.304  -0.00346525
2.305  -0.00346525
2.306  -0.00346525
2.307  -0.00346525
2.308  -0.00346525
2.309  -0.00346525
2.31  -0.00346525
2.311  -0.00346525
2.312  -0.00346525
2.313  -0.00346525
2.314  -0.00346525
2.315  -0.00346525
2.316  -0.00346525
2.317  -0.00346525
2.318  -0.00346525
2.319  -0.00346525
2.32  -0.00346525
2.321  -0.00346525
2.322  -0.00346525
2.323  -0.00346525
2.324  -0.00346525
2.325  -0.00346525
2.326  -0.00346525
2.327  -0.00346525
2.328  -0.00346525
2.329  -0.00346525
2.33  -0.00346525
2.331  -0.00346525
2.332  -0.00346525
2.333  -0.00346525
2.334  -0.00346525
2.335  -0.00346525
2.336  -0.00346525
2.337  -0.00346525
2.338  -0.00346525
2.339  -0.00346525
2.34  -0.00346525
2.341  -0.00346525
2.342  -0.00346525
2.343  -0.00346525
2.344  -0.00346525
2.345  -0.00346525
2.346  -0.00346525
2.347  -0.00346525
2.348  -0.00346525
2.349  -0.00346525
2.35  -0.00346525
2.351  -0.00346525
2.352  -0.00346525
2.353  -0.00346525
2.354  -0.00346525
2.355  -0.00346525
2.356  -0.00346525
2.357  -0.00346525
2.358  -0.00346525
2.359  -0.00346525
2.36  -0.00346525
2.361  -0.00346525
2.362  -0.00346525
2.363  -0.00346525
2.364  -0.00346525
2.365  -0.00346525
2.366  -0.00346525
2.367  -0.00346525
2.368  -0.00346525
2.369  -0.00346525
2.37  -0.00346525
2.371  -0.00346525
2.372  -0.00346525
2.373  -0.00346525
2.374  -0.00346525
2.375  -0.00346525
2.376  -0.00346525
2.377  -0.00346525
2.378  -0.00346525
2.379  -0.00346525
2.38  -0.00346525
2.381  -0.00346525
2.382  -0.00346525
2.383  -0.00346525
2.384  -0.00346525
2.385  -0.00346525
2.386  -0.00346525
2.387  -0.00346525
2.388  -0.00346525
2.389  -0.00346525
2.39  -0.00346525
2.391  -0.00346525
2.392  -0.00346525
2.393  -0.00346525
2.394  -0.00346525
2.395  -0.00346525
2.396  -0.00346525
2.397  -0.00346525
2.398  -0.00346525
2.399  -0.00346525
2.4  -0.00346525
2.401  -0.00346525
2.402  -0.00346525
2.403  -0.00346525
2.404  -0.00346525
2.405  -0.00346525
2.406  -0.00346525
2.407  -0.00346525
2.408  -0.00346525
2.409  -0.00346525
2.41  -0.00346525
2.411  -0.00346525
2.412  -0.00346525
2.413  -0.00346525
2.414  -0.00346525
2.415  -0.00346525
2.416  -0.00346525
2.417  -0.00346525
2.418  -0.00346525
2.419  -0.00346525
2.42  -0.00346525
2.421  -0.00346525
2.422  -0.00346525
2.423  -0.00346525
2.424  -0.00346525
2.425  -0.00346525
2.426  -0.00346525
2.427  -0.00346525
2.428  -0.00346525
2.429  -0.00346525
2.43  -0.00346525
2.431  -0.00346525
2.432  -0.00346525
2.433  -0.00346525
2.434  -0.00346525
2.435  -0.00346525
2.436  -0.00346525
2.437  -0.00346525
2.438  -0.00346525
2.439  -0.00346525
2.44  -0.00346525
2.441  -0.00346525
2.442  -0.00346525
2.443  -0.00346525
2.444  -0.00346525
2.445  -0.00346525
2.446  -0.00346525
2.447  -0.00346525
2.448  -0.00346525
2.449  -0.00346525
2.45  -0.00346525
2.451  -0.00346525
2.452  -0.00346525
2.453  -0.00346525
2.454  -0.00346525
2.455  -0.00346525
2.456  -0.00346525
2.457  -0.00346525
2.458  -0.00346525
2.459  -0.00346525
2.46  -0.00346525
2.461  -0.00346525
2.462  -0.00346525
2.463  -0.00346525
2.464  -0.00346525
2.465  -0.00346525
2.466  -0.00346525
2.467  -0.00346525
2.468  -0.00346525
2.469  -0.00346525
2.47  -0.00346525
2.471  -0.00346525
2.472  -0.00346525
2.473  -0.00346525
2.474  -0.00346525
2.475  -0.00346525
2.476  -0.00346525
2.477  -0.00346525
2.478  -0.00346525
2.479  -0.00346525
2.48  -0.00346525
2.481  -0.00346525
2.482  -0.00346525
2.483  -0.00346525
2.484  -0.00346525
2.485  -0.00346525
2.486  -0.00346525
2.487  -0.00346525
2.488  -0.00346525
2.489  -0.00346525
2.49  -0.00346525
2.491  -0.00346525
2.492  -0.00346525
2.493  -0.00346525
2.494  -0.00346525
2.495  -0.00346525
2.496  -0.00346525
2.497  -0.00346525
2.498  -0.00346525
2.499  -0.00346525
