-1.5  0
-1.499  0
-1.498  0
-1.497  0
-1.496  0
-1.495  0
-1.494  0
-1.493  0
-1.492  0
-1.491  0
-1.49  0
-1.489  0
-1.488  0
-1.487  0
-1.486  0
-1.485  0
-1.484  0
-1.483  0
-1.482  0
-1.481  0
-1.48  0
-1.479  0
-1.478  0
-1.477  0
-1.476  0
-1.475  0
-1.474  0
-1.473  0
-1.472  0
-1.471  0
-1.47  0
-1.469  0
-1.468  0
-1.467  0
-1.466  0
-1.465  0
-1.464  0
-1.463  0
-1.462  0
-1.461  0
-1.46  0
-1.459  0
-1.458  0
-1.457  0
-1.456  0
-1.455  0
-1.454  0
-1.453  0
-1.452  0
-1.451  0
-1.45  0
-1.449  0
-1.448  0
-1.447  0
-1.446  0
-1.445  0
-1.444  0
-1.443  0
-1.442  0
-1.441  0
-1.44  0
-1.439  0
-1.438  0
-1.437  0
-1.436  0
-1.435  0
-1.434  0
-1.433  0
-1.432  0
-1.431  0
-1.43  0
-1.429  0
-1.428  0
-1.427  0
-1.426  0
-1.425  0
-1.424  0
-1.423  0
-1.422  0
-1.421  0
-1.42  0
-1.419  0
-1.418  0
-1.417  0
-1.416  0
-1.415  0
-1.414  0
-1.413  0
-1.412  0
-1.411  0
-1.41  0
-1.409  0
-1.408  0
-1.407  0
-1.406  0
-1.405  0
-1.404  0
-1.403  0
-1.402  0
-1.401  0
-1.4  0
-1.399  0
-1.398  0
-1.397  0
-1.396  0
-1.395  0
-1.394  0
-1.393  0
-1.392  0
-1.391  0
-1.39  0
-1.389  0
-1.388  0
-1.387  0
-1.386  0
-1.385  0
-1.384  0
-1.383  0
-1.382  0
-1.381  0
-1.38  0
-1.379  0
-1.378  0
-1.377  0
-1.376  0
-1.375  0
-1.374  0
-1.373  0
-1.372  0
-1.371  0
-1.37  0
-1.369  0
-1.368  0
-1.367  0
-1.366  0
-1.365  0
-1.364  0
-1.363  0
-1.362  0
-1.361  0
-1.36  0
-1.359  0
-1.358  0
-1.357  0
-1.356  0
-1.355  0
-1.354  0
-1.353  0
-1.352  0
-1.351  0
-1.35  0
-1.349  0
-1.348  0
-1.347  0
-1.346  0
-1.345  0
-1.344  0
-1.343  0
-1.342  0
-1.341  0
-1.34  0
-1.339  0
-1.338  0
-1.337  0
-1.336  -2.87434e-05
-1.335  -3.34306e-05
-1.334  -3.40914e-05
-1.333  -3.7538e-05
-1.332  -4.01427e-05
-1.331  -4.22816e-05
-1.33  -4.6283e-05
-1.329  -4.21093e-05
-1.328  -4.59912e-05
-1.327  -4.98708e-05
-1.326  -5.82917e-05
-1.325  -5.70241e-05
-1.324  -6.7642e-05
-1.323  -6.95738e-05
-1.322  -8.01334e-05
-1.321  -8.07453e-05
-1.32  -8.73144e-05
-1.319  -8.91255e-05
-1.318  -8.8926e-05
-1.317  -5.72443e-05
-1.316  -5.49154e-05
-1.315  -5.74119e-05
-1.314  -5.83963e-05
-1.313  -5.53842e-05
-1.312  -4.92294e-05
-1.311  -4.92011e-05
-1.31  -5.89229e-05
-1.309  -5.74297e-05
-1.308  -6.03801e-05
-1.307  -6.3792e-05
-1.306  -7.32006e-05
-1.305  -6.45695e-05
-1.304  -6.72339e-05
-1.303  -6.06609e-05
-1.302  -6.38152e-05
-1.301  -6.01191e-05
-1.3  -6.40755e-05
-1.299  -6.74838e-05
-1.298  -7.4787e-05
-1.297  -7.14863e-05
-1.296  -7.11429e-05
-1.295  -6.57208e-05
-1.294  -7.3924e-05
-1.293  -8.20753e-05
-1.292  -8.35324e-05
-1.291  -8.19553e-05
-1.29  -8.93304e-05
-1.289  -8.68516e-05
-1.288  -7.45633e-05
-1.287  -6.98964e-05
-1.286  -7.53296e-05
-1.285  -7.62992e-05
-1.284  -7.27811e-05
-1.283  -7.04415e-05
-1.282  -6.74276e-05
-1.281  -6.77134e-05
-1.28  -7.00387e-05
-1.279  -7.20128e-05
-1.278  -7.56063e-05
-1.277  -7.93378e-05
-1.276  -8.45307e-05
-1.275  -8.15141e-05
-1.274  -8.12512e-05
-1.273  -7.94069e-05
-1.272  -7.44866e-05
-1.271  -6.5136e-05
-1.27  -6.69418e-05
-1.269  -7.03312e-05
-1.268  -7.41548e-05
-1.267  -6.77579e-05
-1.266  -6.06749e-05
-1.265  -5.87361e-05
-1.264  -6.41333e-05
-1.263  -7.04916e-05
-1.262  -6.72642e-05
-1.261  -6.80637e-05
-1.26  -6.82032e-05
-1.259  -6.95677e-05
-1.258  -6.6435e-05
-1.257  -6.63863e-05
-1.256  -6.66308e-05
-1.255  -6.73874e-05
-1.254  -6.53043e-05
-1.253  -7.01972e-05
-1.252  -6.87366e-05
-1.251  -6.63696e-05
-1.25  -7.05801e-05
-1.249  -6.77979e-05
-1.248  -7.13114e-05
-1.247  -7.57896e-05
-1.246  -7.96681e-05
-1.245  -7.71681e-05
-1.244  -7.48905e-05
-1.243  -7.47283e-05
-1.242  -6.80605e-05
-1.241  -5.95533e-05
-1.24  -6.02119e-05
-1.239  -5.70347e-05
-1.238  -5.8605e-05
-1.237  -5.29288e-05
-1.236  -4.41656e-05
-1.235  -4.13093e-05
-1.234  -4.56522e-05
-1.233  -5.55278e-05
-1.232  -5.42731e-05
-1.231  -5.13757e-05
-1.23  -5.00708e-05
-1.229  -4.85587e-05
-1.228  -5.10187e-05
-1.227  -5.14566e-05
-1.226  -5.23896e-05
-1.225  -5.33552e-05
-1.224  -5.37499e-05
-1.223  -5.61229e-05
-1.222  -5.83551e-05
-1.221  -5.85715e-05
-1.22  -6.24238e-05
-1.219  -6.34652e-05
-1.218  -6.76336e-05
-1.217  -7.41089e-05
-1.216  -7.47118e-05
-1.215  -7.25801e-05
-1.214  -6.9832e-05
-1.213  -6.92638e-05
-1.212  -6.68248e-05
-1.211  -6.15264e-05
-1.21  -6.04161e-05
-1.209  -5.55344e-05
-1.208  -5.86235e-05
-1.207  -5.66255e-05
-1.206  -5.05426e-05
-1.205  -4.85509e-05
-1.204  -5.14717e-05
-1.203  -5.95772e-05
-1.202  -5.7946e-05
-1.201  -5.70101e-05
-1.2  -5.20648e-05
-1.199  -5.22754e-05
-1.198  -5.53297e-05
-1.197  -6.04719e-05
-1.196  -5.61772e-05
-1.195  -5.37463e-05
-1.194  -5.45447e-05
-1.193  -5.15777e-05
-1.192  -5.74239e-05
-1.191  -6.09007e-05
-1.19  -6.52587e-05
-1.189  -6.7644e-05
-1.188  -6.9896e-05
-1.187  -7.26587e-05
-1.186  -7.2916e-05
-1.185  -7.81535e-05
-1.184  -7.51823e-05
-1.183  -7.49863e-05
-1.182  -6.96437e-05
-1.181  -6.92947e-05
-1.18  -6.71795e-05
-1.179  -6.53132e-05
-1.178  -6.41063e-05
-1.177  -6.66235e-05
-1.176  -6.28596e-05
-1.175  -6.56408e-05
-1.174  -7.18668e-05
-1.173  -7.35981e-05
-1.172  -7.25667e-05
-1.171  -6.92436e-05
-1.17  -6.17242e-05
-1.169  -5.98439e-05
-1.168  -6.30733e-05
-1.167  -6.64068e-05
-1.166  -5.97871e-05
-1.165  -5.57785e-05
-1.164  -5.76336e-05
-1.163  -6.18922e-05
-1.162  -6.69485e-05
-1.161  -6.83396e-05
-1.16  -6.94907e-05
-1.159  -7.28287e-05
-1.158  -7.33095e-05
-1.157  -7.56545e-05
-1.156  -7.14039e-05
-1.155  -7.24113e-05
-1.154  -7.15606e-05
-1.153  -6.80169e-05
-1.152  -6.78619e-05
-1.151  -6.79463e-05
-1.15  -6.76856e-05
-1.149  -6.38328e-05
-1.148  -6.43177e-05
-1.147  -6.59115e-05
-1.146  -6.63114e-05
-1.145  -6.64485e-05
-1.144  -6.79628e-05
-1.143  -7.02698e-05
-1.142  -7.16936e-05
-1.141  -7.32416e-05
-1.14  -6.8789e-05
-1.139  -6.9013e-05
-1.138  -7.11297e-05
-1.137  -7.49387e-05
-1.136  -7.11093e-05
-1.135  -6.86575e-05
-1.134  -7.42564e-05
-1.133  -7.91547e-05
-1.132  -8.59012e-05
-1.131  -8.62412e-05
-1.13  -8.85419e-05
-1.129  -8.72774e-05
-1.128  -8.39967e-05
-1.127  -8.5664e-05
-1.126  -8.41128e-05
-1.125  -8.86566e-05
-1.124  -8.46201e-05
-1.123  -8.22393e-05
-1.122  -7.6179e-05
-1.121  -7.71752e-05
-1.12  -7.51961e-05
-1.119  -7.35336e-05
-1.118  -7.23945e-05
-1.117  -7.49742e-05
-1.116  -7.25882e-05
-1.115  -7.08724e-05
-1.114  -6.67654e-05
-1.113  -6.4666e-05
-1.112  -6.50995e-05
-1.111  -6.94333e-05
-1.11  -6.79501e-05
-1.109  -6.48628e-05
-1.108  -6.69486e-05
-1.107  -7.01786e-05
-1.106  -6.30881e-05
-1.105  -6.04396e-05
-1.104  -6.38475e-05
-1.103  -7.07181e-05
-1.102  -7.23535e-05
-1.101  -7.39736e-05
-1.1  -7.22819e-05
-1.099  -7.4031e-05
-1.098  -7.41768e-05
-1.097  -8.0837e-05
-1.096  -8.00945e-05
-1.095  -8.46404e-05
-1.094  -8.17933e-05
-1.093  -8.02799e-05
-1.092  -6.96379e-05
-1.091  -6.91131e-05
-1.09  -7.38284e-05
-1.089  -7.42849e-05
-1.088  -7.23594e-05
-1.087  -7.6094e-05
-1.086  -7.35514e-05
-1.085  -7.3403e-05
-1.084  -6.7982e-05
-1.083  -6.98199e-05
-1.082  -6.63659e-05
-1.081  -7.33429e-05
-1.08  -7.20539e-05
-1.079  -6.72298e-05
-1.078  -6.74619e-05
-1.077  -6.5998e-05
-1.076  -6.32957e-05
-1.075  -6.12316e-05
-1.074  -6.39232e-05
-1.073  -7.47083e-05
-1.072  -7.58525e-05
-1.071  -7.64202e-05
-1.07  -7.29806e-05
-1.069  -7.18302e-05
-1.068  -7.15164e-05
-1.067  -7.57092e-05
-1.066  -7.21341e-05
-1.065  -7.40066e-05
-1.064  -7.25741e-05
-1.063  -7.46551e-05
-1.062  -6.36362e-05
-1.061  -6.49057e-05
-1.06  -7.06046e-05
-1.059  -7.5719e-05
-1.058  -7.68824e-05
-1.057  -7.60688e-05
-1.056  -7.73034e-05
-1.055  -7.69232e-05
-1.054  -7.03502e-05
-1.053  -7.20879e-05
-1.052  -7.02018e-05
-1.051  -7.38163e-05
-1.05  -7.2937e-05
-1.049  -6.86306e-05
-1.048  -6.75589e-05
-1.047  -6.47777e-05
-1.046  -6.51003e-05
-1.045  -6.2527e-05
-1.044  -6.29042e-05
-1.043  -7.46395e-05
-1.042  -7.19887e-05
-1.041  -6.84259e-05
-1.04  -6.09e-05
-1.039  -5.93128e-05
-1.038  -5.85408e-05
-1.037  -6.00648e-05
-1.036  -5.94701e-05
-1.035  -6.23901e-05
-1.034  -5.85455e-05
-1.033  -6.01621e-05
-1.032  -5.39792e-05
-1.031  -5.39666e-05
-1.03  -5.63256e-05
-1.029  -5.97335e-05
-1.028  -6.42685e-05
-1.027  -6.42312e-05
-1.026  -6.38756e-05
-1.025  -6.5917e-05
-1.024  -5.88039e-05
-1.023  -6.00776e-05
-1.022  -5.92767e-05
-1.021  -6.18999e-05
-1.02  -6.25932e-05
-1.019  -6.37191e-05
-1.018  -6.6216e-05
-1.017  -6.32884e-05
-1.016  -6.54724e-05
-1.015  -6.77442e-05
-1.014  -6.99591e-05
-1.013  -7.55434e-05
-1.012  -7.46511e-05
-1.011  -7.79106e-05
-1.01  -7.33089e-05
-1.009  -7.50625e-05
-1.008  -7.49733e-05
-1.007  -7.62417e-05
-1.006  -7.43606e-05
-1.005  -7.55087e-05
-1.004  -7.81965e-05
-1.003  -7.7043e-05
-1.002  -6.98724e-05
-1.001  -6.77334e-05
-1  -6.66434e-05
-0.999  -6.48389e-05
-0.998  -6.57088e-05
-0.997  -6.17587e-05
-0.996  -6.16104e-05
-0.995  -6.09345e-05
-0.994  -5.90077e-05
-0.993  -5.93152e-05
-0.992  -5.83848e-05
-0.991  -6.42998e-05
-0.99  -6.16699e-05
-0.989  -5.82797e-05
-0.988  -6.10427e-05
-0.987  -6.02634e-05
-0.986  -6.09403e-05
-0.985  -5.74473e-05
-0.984  -6.43811e-05
-0.983  -6.86618e-05
-0.982  -6.9626e-05
-0.981  -7.27848e-05
-0.98  -7.2701e-05
-0.979  -8.21006e-05
-0.978  -8.18901e-05
-0.977  -8.51428e-05
-0.976  -8.07043e-05
-0.975  -7.9421e-05
-0.974  -8.57951e-05
-0.973  -8.12065e-05
-0.972  -7.83848e-05
-0.971  -7.67732e-05
-0.97  -8.02822e-05
-0.969  -7.85822e-05
-0.968  -7.81247e-05
-0.967  -7.71638e-05
-0.966  -7.94134e-05
-0.965  -7.30327e-05
-0.964  -7.10512e-05
-0.963  -7.52542e-05
-0.962  -7.16101e-05
-0.961  -7.42089e-05
-0.96  -5.88487e-05
-0.959  -5.73761e-05
-0.958  -5.64165e-05
-0.957  -5.57322e-05
-0.956  -5.87827e-05
-0.955  -5.23236e-05
-0.954  -5.88311e-05
-0.953  -6.04471e-05
-0.952  -5.84058e-05
-0.951  -6.08913e-05
-0.95  -6.19255e-05
-0.949  -6.39721e-05
-0.948  -6.52974e-05
-0.947  -6.45513e-05
-0.946  -6.41898e-05
-0.945  -6.58997e-05
-0.944  -6.92936e-05
-0.943  -6.75083e-05
-0.942  -6.35312e-05
-0.941  -6.98882e-05
-0.94  -7.42587e-05
-0.939  -7.30459e-05
-0.938  -7.18146e-05
-0.937  -7.22474e-05
-0.936  -8.00137e-05
-0.935  -7.68751e-05
-0.934  -7.71124e-05
-0.933  -8.2221e-05
-0.932  -7.78383e-05
-0.931  -7.88643e-05
-0.93  -7.36764e-05
-0.929  -6.9161e-05
-0.928  -6.82913e-05
-0.927  -6.64486e-05
-0.926  -6.93265e-05
-0.925  -6.07935e-05
-0.924  -6.75329e-05
-0.923  -7.03241e-05
-0.922  -6.71268e-05
-0.921  -6.64253e-05
-0.92  -6.73665e-05
-0.919  -7.28286e-05
-0.918  -6.84544e-05
-0.917  -6.34753e-05
-0.916  -6.15911e-05
-0.915  -5.85907e-05
-0.914  -6.1311e-05
-0.913  -6.01169e-05
-0.912  -5.75771e-05
-0.911  -6.14105e-05
-0.91  -6.65677e-05
-0.909  -6.46819e-05
-0.908  -6.278e-05
-0.907  -5.92455e-05
-0.906  -6.41834e-05
-0.905  -5.82238e-05
-0.904  -5.88715e-05
-0.903  -6.30692e-05
-0.902  -6.15779e-05
-0.901  -6.39365e-05
-0.9  -6.06607e-05
-0.899  -5.88838e-05
-0.898  -5.64955e-05
-0.897  -5.06645e-05
-0.896  -5.33995e-05
-0.895  -4.22203e-05
-0.894  -4.83228e-05
-0.893  -4.72869e-05
-0.892  -4.61911e-05
-0.891  -4.53604e-05
-0.89  -4.84787e-05
-0.889  -5.5435e-05
-0.888  -5.23734e-05
-0.887  -4.96297e-05
-0.886  -4.9237e-05
-0.885  -4.53386e-05
-0.884  -4.68986e-05
-0.883  -4.65642e-05
-0.882  -4.15742e-05
-0.881  -4.41711e-05
-0.88  -4.84058e-05
-0.879  -4.89773e-05
-0.878  -5.63723e-05
-0.877  -5.08349e-05
-0.876  -5.82943e-05
-0.875  -5.19834e-05
-0.874  -5.2241e-05
-0.873  -5.31156e-05
-0.872  -5.66531e-05
-0.871  -5.84112e-05
-0.87  -5.82607e-05
-0.869  -6.16347e-05
-0.868  -6.11246e-05
-0.867  -5.7478e-05
-0.866  -6.41992e-05
-0.865  -5.65912e-05
-0.864  -5.98365e-05
-0.863  -6.25644e-05
-0.862  -6.60935e-05
-0.861  -6.32692e-05
-0.86  -6.46132e-05
-0.859  -6.69848e-05
-0.858  -6.6794e-05
-0.857  -6.72645e-05
-0.856  -6.90934e-05
-0.855  -7.01228e-05
-0.854  -7.12032e-05
-0.853  -6.64337e-05
-0.852  -6.36993e-05
-0.851  -6.33052e-05
-0.85  -6.16675e-05
-0.849  -6.38818e-05
-0.848  -7.00188e-05
-0.847  -6.05075e-05
-0.846  -6.54521e-05
-0.845  -5.81707e-05
-0.844  -5.62099e-05
-0.843  -5.27109e-05
-0.842  -5.87424e-05
-0.841  -6.24711e-05
-0.84  -5.79487e-05
-0.839  -6.09247e-05
-0.838  -5.61469e-05
-0.837  -5.18879e-05
-0.836  -5.41106e-05
-0.835  -5.06825e-05
-0.834  -5.36583e-05
-0.833  -5.32675e-05
-0.832  -5.74327e-05
-0.831  -5.69016e-05
-0.83  -5.64988e-05
-0.829  -6.26415e-05
-0.828  -6.65284e-05
-0.827  -6.73361e-05
-0.826  -7.22789e-05
-0.825  -7.38662e-05
-0.824  -7.49671e-05
-0.823  -7.07895e-05
-0.822  -6.90203e-05
-0.821  -7.31845e-05
-0.82  -7.15737e-05
-0.819  -7.93141e-05
-0.818  -8.53255e-05
-0.817  -7.73612e-05
-0.816  -7.89716e-05
-0.815  -7.40031e-05
-0.814  -7.3291e-05
-0.813  -6.95248e-05
-0.812  -7.65684e-05
-0.811  -8.16815e-05
-0.81  -7.41427e-05
-0.809  -7.55689e-05
-0.808  -7.05968e-05
-0.807  -6.73391e-05
-0.806  -7.1321e-05
-0.805  -6.84044e-05
-0.804  -7.18212e-05
-0.803  -7.00326e-05
-0.802  -6.98655e-05
-0.801  -6.92247e-05
-0.8  -6.39348e-05
-0.799  -6.70984e-05
-0.798  -6.72217e-05
-0.797  -6.4744e-05
-0.796  -6.92858e-05
-0.795  -6.92887e-05
-0.794  -7.03312e-05
-0.793  -6.26822e-05
-0.792  -5.93517e-05
-0.791  -6.43849e-05
-0.79  -5.92991e-05
-0.789  -6.69794e-05
-0.788  -6.75142e-05
-0.787  -5.86137e-05
-0.786  -6.33464e-05
-0.785  -5.82463e-05
-0.784  -5.66478e-05
-0.783  -5.39605e-05
-0.782  -6.03132e-05
-0.781  -6.34634e-05
-0.78  -5.56045e-05
-0.779  -5.72033e-05
-0.778  -5.4552e-05
-0.777  -5.16731e-05
-0.776  -5.28409e-05
-0.775  -5.2309e-05
-0.774  -5.35445e-05
-0.773  -4.9725e-05
-0.772  -4.65429e-05
-0.771  -4.96779e-05
-0.77  -4.7309e-05
-0.769  -5.3158e-05
-0.768  -5.00346e-05
-0.767  -4.28598e-05
-0.766  -4.58538e-05
-0.765  -4.59726e-05
-0.764  -4.47455e-05
-0.763  -4.09471e-05
-0.762  -4.45552e-05
-0.761  -5.29669e-05
-0.76  -5.35804e-05
-0.759  -6.13316e-05
-0.758  -5.95509e-05
-0.757  -5.65563e-05
-0.756  -5.53022e-05
-0.755  -5.53165e-05
-0.754  -5.36677e-05
-0.753  -5.36367e-05
-0.752  -5.66719e-05
-0.751  -5.64117e-05
-0.75  -5.07749e-05
-0.749  -5.40807e-05
-0.748  -5.34525e-05
-0.747  -5.05218e-05
-0.746  -4.576e-05
-0.745  -5.20172e-05
-0.744  -5.07637e-05
-0.743  -4.31e-05
-0.742  -3.74314e-05
-0.741  -3.67845e-05
-0.74  -3.85877e-05
-0.739  -4.64979e-05
-0.738  -4.58471e-05
-0.737  -4.47734e-05
-0.736  -4.67536e-05
-0.735  -4.93121e-05
-0.734  -4.62525e-05
-0.733  -4.0191e-05
-0.732  -4.11574e-05
-0.731  -4.56875e-05
-0.73  -4.93542e-05
-0.729  -5.29138e-05
-0.728  -5.44862e-05
-0.727  -5.98799e-05
-0.726  -5.51057e-05
-0.725  -5.4862e-05
-0.724  -6.05815e-05
-0.723  -6.2938e-05
-0.722  -7.07157e-05
-0.721  -6.54353e-05
-0.72  -5.52983e-05
-0.719  -5.3491e-05
-0.718  -4.88395e-05
-0.717  -4.83319e-05
-0.716  -4.55124e-05
-0.715  -5.04335e-05
-0.714  -5.31035e-05
-0.713  -4.89025e-05
-0.712  -4.31304e-05
-0.711  -3.47505e-05
-0.71  -3.6697e-05
-0.709  -4.03239e-05
-0.708  -3.69034e-05
-0.707  -3.90134e-05
-0.706  -4.34077e-05
-0.705  -4.2108e-05
-0.704  -3.86545e-05
-0.703  -2.95672e-05
-0.702  -3.27092e-05
-0.701  -3.90147e-05
-0.7  -4.70649e-05
-0.699  -5.00916e-05
-0.698  -5.15765e-05
-0.697  -5.4115e-05
-0.696  -4.97528e-05
-0.695  -4.72084e-05
-0.694  -5.21016e-05
-0.693  -5.94986e-05
-0.692  -7.19908e-05
-0.691  -6.66173e-05
-0.69  -6.11483e-05
-0.689  -6.10792e-05
-0.688  -5.13942e-05
-0.687  -5.06949e-05
-0.686  -4.64031e-05
-0.685  -5.08423e-05
-0.684  -5.39955e-05
-0.683  -4.95322e-05
-0.682  -4.66344e-05
-0.681  -3.76216e-05
-0.68  -4.22665e-05
-0.679  -4.49867e-05
-0.678  -4.27612e-05
-0.677  -4.57178e-05
-0.676  -5.21648e-05
-0.675  -5.09969e-05
-0.674  -4.75457e-05
-0.673  -3.80686e-05
-0.672  -3.69943e-05
-0.671  -3.81589e-05
-0.67  -4.40349e-05
-0.669  -4.95301e-05
-0.668  -4.77857e-05
-0.667  -4.94544e-05
-0.666  -4.51479e-05
-0.665  -4.51356e-05
-0.664  -5.09708e-05
-0.663  -5.20941e-05
-0.662  -6.20739e-05
-0.661  -5.57184e-05
-0.66  -4.69652e-05
-0.659  -4.41579e-05
-0.658  -3.88752e-05
-0.657  -4.22529e-05
-0.656  -3.8311e-05
-0.655  -3.68057e-05
-0.654  -4.04231e-05
-0.653  -4.71253e-05
-0.652  -4.71741e-05
-0.651  -4.36683e-05
-0.65  -4.77111e-05
-0.649  -5.10273e-05
-0.648  -4.90296e-05
-0.647  -5.33714e-05
-0.646  -5.67117e-05
-0.645  -5.61907e-05
-0.644  -6.15102e-05
-0.643  -5.36403e-05
-0.642  -5.71209e-05
-0.641  -6.41356e-05
-0.64  -7.09071e-05
-0.639  -7.26309e-05
-0.638  -7.1022e-05
-0.637  -7.03174e-05
-0.636  -7.04561e-05
-0.635  -6.87385e-05
-0.634  -6.87643e-05
-0.633  -6.84246e-05
-0.632  -7.47851e-05
-0.631  -7.14382e-05
-0.63  -6.48274e-05
-0.629  -6.5226e-05
-0.628  -6.13937e-05
-0.627  -6.68237e-05
-0.626  -6.19814e-05
-0.625  -5.47104e-05
-0.624  -6.08763e-05
-0.623  -6.27405e-05
-0.622  -5.73683e-05
-0.621  -5.51915e-05
-0.62  -6.08752e-05
-0.619  -6.23479e-05
-0.618  -6.30198e-05
-0.617  -6.53335e-05
-0.616  -7.03586e-05
-0.615  -6.79933e-05
-0.614  -7.59997e-05
-0.613  -6.76816e-05
-0.612  -6.78206e-05
-0.611  -7.09319e-05
-0.61  -7.42893e-05
-0.609  -7.12629e-05
-0.608  -6.82568e-05
-0.607  -6.82909e-05
-0.606  -7.10267e-05
-0.605  -6.66198e-05
-0.604  -6.55389e-05
-0.603  -6.77332e-05
-0.602  -7.54002e-05
-0.601  -7.26459e-05
-0.6  -6.55842e-05
-0.599  -6.51754e-05
-0.598  -6.16864e-05
-0.597  -6.36288e-05
-0.596  -6.43607e-05
-0.595  -5.50297e-05
-0.594  -6.12852e-05
-0.593  -6.39019e-05
-0.592  -6.46159e-05
-0.591  -6.30799e-05
-0.59  -6.8304e-05
-0.589  -7.03495e-05
-0.588  -6.70756e-05
-0.587  -7.33152e-05
-0.586  -7.59817e-05
-0.585  -7.74233e-05
-0.584  -8.43645e-05
-0.583  -7.83616e-05
-0.582  -8.10355e-05
-0.581  -8.12546e-05
-0.58  -8.63095e-05
-0.579  -8.55081e-05
-0.578  -8.38951e-05
-0.577  -8.45658e-05
-0.576  -8.31939e-05
-0.575  -7.51516e-05
-0.574  -7.39125e-05
-0.573  -6.88017e-05
-0.572  -7.36943e-05
-0.571  -7.21033e-05
-0.57  -6.40652e-05
-0.569  -6.6691e-05
-0.568  -5.7015e-05
-0.567  -5.8293e-05
-0.566  -5.56751e-05
-0.565  -4.62576e-05
-0.564  -4.61297e-05
-0.563  -4.3517e-05
-0.562  -4.46655e-05
-0.561  -4.11957e-05
-0.56  -4.26079e-05
-0.559  -4.53225e-05
-0.558  -3.86093e-05
-0.557  -4.5833e-05
-0.556  -5.11972e-05
-0.555  -4.98108e-05
-0.554  -5.9811e-05
-0.553  -5.68349e-05
-0.552  -5.63445e-05
-0.551  -5.75482e-05
-0.55  -6.16567e-05
-0.549  -6.41751e-05
-0.548  -6.24012e-05
-0.547  -6.47646e-05
-0.546  -6.65537e-05
-0.545  -6.21469e-05
-0.544  -6.41346e-05
-0.543  -5.89033e-05
-0.542  -6.07731e-05
-0.541  -6.12717e-05
-0.54  -5.68986e-05
-0.539  -6.20423e-05
-0.538  -5.74961e-05
-0.537  -5.93951e-05
-0.536  -5.86111e-05
-0.535  -5.07423e-05
-0.534  -5.00133e-05
-0.533  -5.52745e-05
-0.532  -5.79009e-05
-0.531  -5.57307e-05
-0.53  -5.27779e-05
-0.529  -5.3202e-05
-0.528  -4.69688e-05
-0.527  -5.23112e-05
-0.526  -5.77032e-05
-0.525  -5.39043e-05
-0.524  -6.32944e-05
-0.523  -6.35792e-05
-0.522  -6.53719e-05
-0.521  -6.52549e-05
-0.52  -6.7716e-05
-0.519  -6.72229e-05
-0.518  -6.70172e-05
-0.517  -6.76242e-05
-0.516  -6.77086e-05
-0.515  -6.49637e-05
-0.514  -6.68144e-05
-0.513  -5.88e-05
-0.512  -6.08253e-05
-0.511  -6.33236e-05
-0.51  -5.79583e-05
-0.509  -6.27023e-05
-0.508  -5.43847e-05
-0.507  -5.60356e-05
-0.506  -5.94272e-05
-0.505  -5.04081e-05
-0.504  -5.19709e-05
-0.503  -5.37964e-05
-0.502  -5.42018e-05
-0.501  -4.92198e-05
-0.5  -5.08645e-05
-0.499  -4.68962e-05
-0.498  -4.55266e-05
-0.497  -5.10141e-05
-0.496  -5.11871e-05
-0.495  -4.34512e-05
-0.494  -5.46673e-05
-0.493  -5.63524e-05
-0.492  -5.49374e-05
-0.491  -6.28885e-05
-0.49  -6.41605e-05
-0.489  -6.78481e-05
-0.488  -6.84267e-05
-0.487  -6.66843e-05
-0.486  -6.84781e-05
-0.485  -6.67121e-05
-0.484  -6.72323e-05
-0.483  -6.3207e-05
-0.482  -6.83515e-05
-0.481  -6.45343e-05
-0.48  -6.48292e-05
-0.479  -7.11811e-05
-0.478  -6.35388e-05
-0.477  -7.0336e-05
-0.476  -7.28028e-05
-0.475  -6.64526e-05
-0.474  -6.84302e-05
-0.473  -6.9974e-05
-0.472  -6.77553e-05
-0.471  -6.44442e-05
-0.47  -6.52982e-05
-0.469  -6.35059e-05
-0.468  -6.17258e-05
-0.467  -6.95901e-05
-0.466  -6.76182e-05
-0.465  -6.19064e-05
-0.464  -6.90909e-05
-0.463  -7.02087e-05
-0.462  -7.02655e-05
-0.461  -7.05068e-05
-0.46  -7.02546e-05
-0.459  -7.42816e-05
-0.458  -7.48744e-05
-0.457  -7.48751e-05
-0.456  -7.40845e-05
-0.455  -6.91335e-05
-0.454  -7.26589e-05
-0.453  -6.67509e-05
-0.452  -7.16405e-05
-0.451  -6.72092e-05
-0.45  -6.83401e-05
-0.449  -6.78385e-05
-0.448  -5.95774e-05
-0.447  -6.58752e-05
-0.446  -7.21246e-05
-0.445  -6.57719e-05
-0.444  -6.7342e-05
-0.443  -7.16146e-05
-0.442  -7.44453e-05
-0.441  -6.99565e-05
-0.44  -7.33532e-05
-0.439  -6.79709e-05
-0.438  -6.46272e-05
-0.437  -6.54741e-05
-0.436  -6.42097e-05
-0.435  -6.26494e-05
-0.434  -7.07357e-05
-0.433  -7.16194e-05
-0.432  -7.5425e-05
-0.431  -6.71946e-05
-0.43  -7.45371e-05
-0.429  -7.89681e-05
-0.428  -8.27063e-05
-0.427  -8.0341e-05
-0.426  -7.95696e-05
-0.425  -7.69222e-05
-0.424  -8.16813e-05
-0.423  -7.57412e-05
-0.422  -7.93639e-05
-0.421  -7.34248e-05
-0.42  -7.54113e-05
-0.419  -7.78771e-05
-0.418  -7.73284e-05
-0.417  -8.13854e-05
-0.416  -8.55366e-05
-0.415  -8.15957e-05
-0.414  -8.27875e-05
-0.413  -8.19893e-05
-0.412  -9.00563e-05
-0.411  -8.49128e-05
-0.41  -8.76733e-05
-0.409  -8.18409e-05
-0.408  -8.13708e-05
-0.407  -8.2815e-05
-0.406  -7.97044e-05
-0.405  -7.83208e-05
-0.404  -8.70553e-05
-0.403  -8.46655e-05
-0.402  -8.68271e-05
-0.401  -8.32703e-05
-0.4  -8.73078e-05
-0.399  -8.88586e-05
-0.398  -9.24085e-05
-0.397  -8.65217e-05
-0.396  -8.50773e-05
-0.395  -8.12086e-05
-0.394  -8.28112e-05
-0.393  -7.403e-05
-0.392  -7.51826e-05
-0.391  -6.64006e-05
-0.39  -6.69707e-05
-0.389  -7.02585e-05
-0.388  -7.03775e-05
-0.387  -7.66656e-05
-0.386  -7.4943e-05
-0.385  -7.00005e-05
-0.384  -7.4178e-05
-0.383  -7.5596e-05
-0.382  -7.93425e-05
-0.381  -7.48132e-05
-0.38  -7.60835e-05
-0.379  -7.09187e-05
-0.378  -7.45954e-05
-0.377  -7.81035e-05
-0.376  -7.92276e-05
-0.375  -8.15714e-05
-0.374  -8.51545e-05
-0.373  -8.35563e-05
-0.372  -8.79979e-05
-0.371  -8.54795e-05
-0.37  -8.65052e-05
-0.369  -8.97218e-05
-0.368  -9.02598e-05
-0.367  -8.51732e-05
-0.366  -8.89794e-05
-0.365  -8.38085e-05
-0.364  -8.25479e-05
-0.363  -7.6438e-05
-0.362  -7.92175e-05
-0.361  -7.4923e-05
-0.36  -7.6493e-05
-0.359  -7.90649e-05
-0.358  -7.36532e-05
-0.357  -7.47773e-05
-0.356  -7.00652e-05
-0.355  -7.57944e-05
-0.354  -7.85465e-05
-0.353  -8.29344e-05
-0.352  -8.46014e-05
-0.351  -7.88434e-05
-0.35  -7.77726e-05
-0.349  -7.16644e-05
-0.348  -7.44649e-05
-0.347  -6.99897e-05
-0.346  -7.37385e-05
-0.345  -7.47398e-05
-0.344  -7.70107e-05
-0.343  -7.3368e-05
-0.342  -7.11575e-05
-0.341  -6.91746e-05
-0.34  -6.66864e-05
-0.339  -7.12094e-05
-0.338  -7.23803e-05
-0.337  -7.3324e-05
-0.336  -7.15033e-05
-0.335  -6.92921e-05
-0.334  -6.24209e-05
-0.333  -5.45275e-05
-0.332  -5.83605e-05
-0.331  -5.44566e-05
-0.33  -5.70834e-05
-0.329  -6.05717e-05
-0.328  -5.91933e-05
-0.327  -6.05098e-05
-0.326  -6.06651e-05
-0.325  -6.45148e-05
-0.324  -6.7896e-05
-0.323  -7.25655e-05
-0.322  -7.47237e-05
-0.321  -6.99278e-05
-0.32  -7.03196e-05
-0.319  -6.81923e-05
-0.318  -7.14601e-05
-0.317  -6.73676e-05
-0.316  -6.84935e-05
-0.315  -6.92902e-05
-0.314  -6.99795e-05
-0.313  -6.83503e-05
-0.312  -6.60283e-05
-0.311  -6.36839e-05
-0.31  -6.4479e-05
-0.309  -6.4603e-05
-0.308  -6.38722e-05
-0.307  -6.15919e-05
-0.306  -5.96255e-05
-0.305  -5.67304e-05
-0.304  -5.62658e-05
-0.303  -4.84483e-05
-0.302  -5.3909e-05
-0.301  -4.85165e-05
-0.3  -4.30945e-05
-0.299  -4.44402e-05
-0.298  -4.7952e-05
-0.297  -4.75033e-05
-0.296  -4.95511e-05
-0.295  -5.79361e-05
-0.294  -5.74453e-05
-0.293  -6.41086e-05
-0.292  -6.72464e-05
-0.291  -6.26895e-05
-0.29  -6.91801e-05
-0.289  -6.66859e-05
-0.288  -6.581e-05
-0.287  -6.39745e-05
-0.286  -6.5003e-05
-0.285  -6.38583e-05
-0.284  -6.67246e-05
-0.283  -6.62062e-05
-0.282  -6.57131e-05
-0.281  -6.97857e-05
-0.28  -6.68012e-05
-0.279  -6.50446e-05
-0.278  -6.41897e-05
-0.277  -6.43285e-05
-0.276  -6.28452e-05
-0.275  -6.50347e-05
-0.274  -6.39597e-05
-0.273  -5.80785e-05
-0.272  -6.16825e-05
-0.271  -5.64756e-05
-0.27  -5.57636e-05
-0.269  -5.68438e-05
-0.268  -6.05539e-05
-0.267  -6.01286e-05
-0.266  -6.1696e-05
-0.265  -6.58934e-05
-0.264  -6.6196e-05
-0.263  -7.06917e-05
-0.262  -7.38516e-05
-0.261  -7.32105e-05
-0.26  -7.74201e-05
-0.259  -8.0748e-05
-0.258  -7.92471e-05
-0.257  -7.81645e-05
-0.256  -7.58292e-05
-0.255  -7.60755e-05
-0.254  -7.70051e-05
-0.253  -7.54533e-05
-0.252  -7.01111e-05
-0.251  -7.04536e-05
-0.25  -7.25319e-05
-0.249  -6.69192e-05
-0.248  -6.79269e-05
-0.247  -6.94228e-05
-0.246  -6.62223e-05
-0.245  -6.65739e-05
-0.244  -6.96984e-05
-0.243  -6.57265e-05
-0.242  -6.41862e-05
-0.241  -5.77319e-05
-0.24  -5.19559e-05
-0.239  -5.45429e-05
-0.238  -5.08817e-05
-0.237  -5.23819e-05
-0.236  -5.3555e-05
-0.235  -5.56596e-05
-0.234  -5.68211e-05
-0.233  -5.99747e-05
-0.232  -5.99213e-05
-0.231  -5.70265e-05
-0.23  -6.30221e-05
-0.229  -6.33192e-05
-0.228  -6.20711e-05
-0.227  -6.3972e-05
-0.226  -6.23698e-05
-0.225  -5.68714e-05
-0.224  -5.51822e-05
-0.223  -5.81239e-05
-0.222  -5.38416e-05
-0.221  -5.67645e-05
-0.22  -5.84778e-05
-0.219  -5.76921e-05
-0.218  -5.82621e-05
-0.217  -5.95559e-05
-0.216  -5.64188e-05
-0.215  -5.96702e-05
-0.214  -6.40919e-05
-0.213  -6.26462e-05
-0.212  -6.36221e-05
-0.211  -6.09636e-05
-0.21  -6.20721e-05
-0.209  -6.25188e-05
-0.208  -6.20321e-05
-0.207  -6.00244e-05
-0.206  -6.54936e-05
-0.205  -6.94484e-05
-0.204  -6.99259e-05
-0.203  -7.55061e-05
-0.202  -7.49286e-05
-0.201  -7.12078e-05
-0.2  -7.89232e-05
-0.199  -7.38351e-05
-0.198  -7.27676e-05
-0.197  -7.98276e-05
-0.196  -7.54955e-05
-0.195  -7.35073e-05
-0.194  -7.23454e-05
-0.193  -7.44685e-05
-0.192  -7.16411e-05
-0.191  -6.92407e-05
-0.19  -6.96089e-05
-0.189  -6.72292e-05
-0.188  -7.38336e-05
-0.187  -7.23089e-05
-0.186  -7.14368e-05
-0.185  -7.37463e-05
-0.184  -7.85231e-05
-0.183  -7.67746e-05
-0.182  -7.97622e-05
-0.181  -7.83552e-05
-0.18  -7.95319e-05
-0.179  -7.54153e-05
-0.178  -6.89849e-05
-0.177  -6.94075e-05
-0.176  -6.9492e-05
-0.175  -7.12009e-05
-0.174  -6.92343e-05
-0.173  -7.03486e-05
-0.172  -7.36852e-05
-0.171  -7.48555e-05
-0.17  -7.80173e-05
-0.169  -6.81981e-05
-0.168  -6.80814e-05
-0.167  -6.98148e-05
-0.166  -6.2777e-05
-0.165  -5.86665e-05
-0.164  -5.99799e-05
-0.163  -5.94801e-05
-0.162  -5.5206e-05
-0.161  -5.81442e-05
-0.16  -5.74022e-05
-0.159  -5.75476e-05
-0.158  -6.04381e-05
-0.157  -6.43145e-05
-0.156  -6.36523e-05
-0.155  -6.55325e-05
-0.154  -6.95778e-05
-0.153  -6.59173e-05
-0.152  -6.81571e-05
-0.151  -6.91709e-05
-0.15  -7.41509e-05
-0.149  -7.0845e-05
-0.148  -6.41112e-05
-0.147  -6.68532e-05
-0.146  -6.57926e-05
-0.145  -6.63843e-05
-0.144  -6.35854e-05
-0.143  -6.34329e-05
-0.142  -6.26328e-05
-0.141  -6.57301e-05
-0.14  -6.96551e-05
-0.139  -5.95566e-05
-0.138  -5.64882e-05
-0.137  -5.66807e-05
-0.136  -5.30472e-05
-0.135  -4.79002e-05
-0.134  -4.7375e-05
-0.133  -4.36834e-05
-0.132  -4.31636e-05
-0.131  -4.26188e-05
-0.13  -4.0802e-05
-0.129  -4.21844e-05
-0.128  -4.74026e-05
-0.127  -5.06838e-05
-0.126  -4.74151e-05
-0.125  -4.67879e-05
-0.124  -4.64667e-05
-0.123  -4.01198e-05
-0.122  -4.47726e-05
-0.121  -4.38352e-05
-0.12  -4.43808e-05
-0.119  -3.72935e-05
-0.118  -2.8867e-05
-0.117  -3.17575e-05
-0.116  -3.6252e-05
-0.115  -4.91381e-05
-0.114  -7.72997e-05
-0.113  -0.000130781
-0.112  -0.000217756
-0.111  -0.000355518
-0.11  -0.000554839
-0.109  -0.000825588
-0.108  -0.0012106
-0.107  -0.00172687
-0.106  -0.0023954
-0.105  -0.00326193
-0.104  -0.00436298
-0.103  -0.00571571
-0.102  -0.00738937
-0.101  -0.00940859
-0.1  -0.0117941
-0.099  -0.0146049
-0.098  -0.0178688
-0.097  -0.0216238
-0.096  -0.0258946
-0.095  -0.0307266
-0.094  -0.036114
-0.093  -0.0421379
-0.092  -0.0487721
-0.091  -0.0560276
-0.09  -0.0639235
-0.089  -0.072452
-0.088  -0.0815812
-0.087  -0.0913613
-0.086  -0.101745
-0.085  -0.112707
-0.084  -0.124241
-0.083  -0.136328
-0.082  -0.148899
-0.081  -0.161984
-0.08  -0.175537
-0.079  -0.189508
-0.078  -0.203857
-0.077  -0.218605
-0.076  -0.233654
-0.075  -0.249036
-0.074  -0.26468
-0.073  -0.280561
-0.072  -0.2967
-0.071  -0.313027
-0.07  -0.329496
-0.069  -0.346133
-0.068  -0.362866
-0.067  -0.379662
-0.066  -0.396512
-0.065  -0.413392
-0.064  -0.430236
-0.063  -0.447085
-0.062  -0.463861
-0.061  -0.48056
-0.06  -0.497161
-0.059  -0.513661
-0.058  -0.529979
-0.057  -0.546152
-0.056  -0.562126
-0.055  -0.577871
-0.054  -0.593405
-0.053  -0.608685
-0.052  -0.623711
-0.051  -0.638487
-0.05  -0.65299
-0.049  -0.667211
-0.048  -0.681159
-0.047  -0.694832
-0.046  -0.708227
-0.045  -0.721341
-0.044  -0.734157
-0.043  -0.746679
-0.042  -0.758908
-0.041  -0.770846
-0.04  -0.782501
-0.039  -0.793879
-0.038  -0.804977
-0.037  -0.815796
-0.036  -0.826318
-0.035  -0.836556
-0.034  -0.846498
-0.033  -0.856134
-0.032  -0.865489
-0.031  -0.874542
-0.03  -0.883301
-0.029  -0.891748
-0.028  -0.899916
-0.027  -0.907768
-0.026  -0.915302
-0.025  -0.922542
-0.024  -0.929496
-0.023  -0.936123
-0.022  -0.942455
-0.021  -0.948492
-0.02  -0.954197
-0.019  -0.959619
-0.018  -0.964728
-0.017  -0.96955
-0.016  -0.974104
-0.015  -0.978341
-0.014  -0.982297
-0.013  -0.985985
-0.012  -0.989376
-0.011  -0.992481
-0.01  -0.995335
-0.009  -0.997882
-0.008  -1.00014
-0.007  -1.00215
-0.006  -1.0039
-0.005  -1.00537
-0.004  -1.00659
-0.003  -1.00753
-0.002  -1.0082
-0.001  -1.00865
0  -1.0088
0.001  -1.00871
0.002  -1.00841
0.003  -1.00783
0.004  -1.00705
0.005  -1.00603
0.006  -1.00478
0.007  -1.00329
0.008  -1.00161
0.009  -0.999711
0.01  -0.997601
0.011  -0.995334
0.012  -0.992882
0.013  -0.990235
0.014  -0.987402
0.015  -0.984426
0.016  -0.981309
0.017  -0.978038
0.018  -0.974624
0.019  -0.971093
0.02  -0.967448
0.021  -0.963648
0.022  -0.959732
0.023  -0.955716
0.024  -0.951606
0.025  -0.947406
0.026  -0.943167
0.027  -0.938821
0.028  -0.934442
0.029  -0.930021
0.03  -0.925501
0.031  -0.920943
0.032  -0.916339
0.033  -0.911714
0.034  -0.907046
0.035  -0.902364
0.036  -0.897645
0.037  -0.892882
0.038  -0.888115
0.039  -0.883315
0.04  -0.878502
0.041  -0.873689
0.042  -0.868854
0.043  -0.864012
0.044  -0.859134
0.045  -0.854249
0.046  -0.849375
0.047  -0.844451
0.048  -0.839528
0.049  -0.834628
0.05  -0.829693
0.051  -0.824745
0.052  -0.819791
0.053  -0.814845
0.054  -0.809855
0.055  -0.804891
0.056  -0.799962
0.057  -0.795035
0.058  -0.790119
0.059  -0.78522
0.06  -0.780326
0.061  -0.775473
0.062  -0.770611
0.063  -0.765796
0.064  -0.760969
0.065  -0.756172
0.066  -0.751407
0.067  -0.746658
0.068  -0.741931
0.069  -0.737227
0.07  -0.732583
0.071  -0.727928
0.072  -0.723304
0.073  -0.718724
0.074  -0.714164
0.075  -0.709599
0.076  -0.705049
0.077  -0.700522
0.078  -0.696014
0.079  -0.691538
0.08  -0.687047
0.081  -0.682598
0.082  -0.678161
0.083  -0.673793
0.084  -0.669411
0.085  -0.665062
0.086  -0.660734
0.087  -0.656437
0.088  -0.652185
0.089  -0.647939
0.09  -0.64379
0.091  -0.639654
0.092  -0.63552
0.093  -0.631433
0.094  -0.627375
0.095  -0.623343
0.096  -0.61936
0.097  -0.615431
0.098  -0.611521
0.099  -0.607656
0.1  -0.603843
0.101  -0.600034
0.102  -0.596234
0.103  -0.592467
0.104  -0.588741
0.105  -0.585037
0.106  -0.581338
0.107  -0.577671
0.108  -0.574007
0.109  -0.570331
0.11  -0.566666
0.111  -0.563061
0.112  -0.559472
0.113  -0.555882
0.114  -0.552352
0.115  -0.548827
0.116  -0.545296
0.117  -0.541813
0.118  -0.538339
0.119  -0.534882
0.12  -0.531481
0.121  -0.528102
0.122  -0.524745
0.123  -0.52138
0.124  -0.518033
0.125  -0.51473
0.126  -0.511403
0.127  -0.50818
0.128  -0.504951
0.129  -0.501746
0.13  -0.498559
0.131  -0.495366
0.132  -0.49223
0.133  -0.489073
0.134  -0.485922
0.135  -0.482805
0.136  -0.479686
0.137  -0.476573
0.138  -0.473457
0.139  -0.470353
0.14  -0.46726
0.141  -0.464197
0.142  -0.461202
0.143  -0.458157
0.144  -0.455154
0.145  -0.45218
0.146  -0.449157
0.147  -0.446179
0.148  -0.443243
0.149  -0.440309
0.15  -0.437428
0.151  -0.434513
0.152  -0.431659
0.153  -0.428834
0.154  -0.426024
0.155  -0.423185
0.156  -0.42039
0.157  -0.417641
0.158  -0.414881
0.159  -0.412127
0.16  -0.409389
0.161  -0.406622
0.162  -0.403931
0.163  -0.40123
0.164  -0.398509
0.165  -0.395837
0.166  -0.393196
0.167  -0.390521
0.168  -0.38785
0.169  -0.385156
0.17  -0.382522
0.171  -0.379869
0.172  -0.377241
0.173  -0.374579
0.174  -0.371989
0.175  -0.369367
0.176  -0.366743
0.177  -0.364155
0.178  -0.361614
0.179  -0.359053
0.18  -0.356521
0.181  -0.354
0.182  -0.351479
0.183  -0.349015
0.184  -0.346574
0.185  -0.344074
0.186  -0.341616
0.187  -0.339185
0.188  -0.33676
0.189  -0.334325
0.19  -0.331936
0.191  -0.329521
0.192  -0.327124
0.193  -0.324732
0.194  -0.322364
0.195  -0.320024
0.196  -0.317695
0.197  -0.315352
0.198  -0.313017
0.199  -0.310695
0.2  -0.308396
0.201  -0.306103
0.202  -0.303814
0.203  -0.301502
0.204  -0.29925
0.205  -0.296991
0.206  -0.294739
0.207  -0.292525
0.208  -0.290334
0.209  -0.288121
0.21  -0.28594
0.211  -0.283803
0.212  -0.281641
0.213  -0.279523
0.214  -0.277425
0.215  -0.275321
0.216  -0.273245
0.217  -0.271209
0.218  -0.269151
0.219  -0.267101
0.22  -0.265087
0.221  -0.263093
0.222  -0.261067
0.223  -0.259095
0.224  -0.257119
0.225  -0.255175
0.226  -0.25322
0.227  -0.251315
0.228  -0.249387
0.229  -0.24751
0.23  -0.245644
0.231  -0.243823
0.232  -0.241989
0.233  -0.240151
0.234  -0.238327
0.235  -0.236512
0.236  -0.234707
0.237  -0.232961
0.238  -0.231211
0.239  -0.229444
0.24  -0.227719
0.241  -0.226051
0.242  -0.22434
0.243  -0.222695
0.244  -0.221065
0.245  -0.219441
0.246  -0.217827
0.247  -0.216262
0.248  -0.214671
0.249  -0.213095
0.25  -0.211539
0.251  -0.210028
0.252  -0.208502
0.253  -0.207023
0.254  -0.205538
0.255  -0.204067
0.256  -0.202586
0.257  -0.201172
0.258  -0.19976
0.259  -0.198341
0.26  -0.196961
0.261  -0.19562
0.262  -0.194248
0.263  -0.192893
0.264  -0.19156
0.265  -0.190239
0.266  -0.188911
0.267  -0.187625
0.268  -0.186331
0.269  -0.185051
0.27  -0.18379
0.271  -0.182547
0.272  -0.181316
0.273  -0.180091
0.274  -0.178897
0.275  -0.177709
0.276  -0.176505
0.277  -0.175344
0.278  -0.174192
0.279  -0.173033
0.28  -0.171888
0.281  -0.170776
0.282  -0.169664
0.283  -0.168586
0.284  -0.167499
0.285  -0.166406
0.286  -0.165319
0.287  -0.164278
0.288  -0.163247
0.289  -0.162184
0.29  -0.161152
0.291  -0.160133
0.292  -0.159122
0.293  -0.158107
0.294  -0.157129
0.295  -0.156144
0.296  -0.155178
0.297  -0.154211
0.298  -0.153217
0.299  -0.152224
0.3  -0.15128
0.301  -0.150299
0.302  -0.14934
0.303  -0.148377
0.304  -0.147464
0.305  -0.146534
0.306  -0.145585
0.307  -0.144637
0.308  -0.143727
0.309  -0.142836
0.31  -0.141909
0.311  -0.141015
0.312  -0.14012
0.313  -0.139214
0.314  -0.138324
0.315  -0.137413
0.316  -0.136525
0.317  -0.135652
0.318  -0.134805
0.319  -0.133921
0.32  -0.13307
0.321  -0.132206
0.322  -0.13135
0.323  -0.130488
0.324  -0.129646
0.325  -0.128825
0.326  -0.128021
0.327  -0.12718
0.328  -0.126296
0.329  -0.12545
0.33  -0.124629
0.331  -0.123765
0.332  -0.122937
0.333  -0.122116
0.334  -0.121321
0.335  -0.120496
0.336  -0.119699
0.337  -0.118868
0.338  -0.118059
0.339  -0.117284
0.34  -0.11649
0.341  -0.115724
0.342  -0.114936
0.343  -0.114141
0.344  -0.113354
0.345  -0.112572
0.346  -0.111816
0.347  -0.111065
0.348  -0.110344
0.349  -0.109577
0.35  -0.108862
0.351  -0.108119
0.352  -0.107368
0.353  -0.106612
0.354  -0.105887
0.355  -0.105159
0.356  -0.104475
0.357  -0.103769
0.358  -0.103023
0.359  -0.102307
0.36  -0.101593
0.361  -0.100883
0.362  -0.100207
0.363  -0.0995298
0.364  -0.0988435
0.365  -0.0981705
0.366  -0.0975196
0.367  -0.0968162
0.368  -0.096178
0.369  -0.0955504
0.37  -0.0949251
0.371  -0.0943429
0.372  -0.0937161
0.373  -0.0930932
0.374  -0.0924981
0.375  -0.0919008
0.376  -0.0913136
0.377  -0.0907404
0.378  -0.0901974
0.379  -0.0896356
0.38  -0.0890971
0.381  -0.0885359
0.382  -0.0879627
0.383  -0.0874126
0.384  -0.0868511
0.385  -0.0863056
0.386  -0.0858084
0.387  -0.0852872
0.388  -0.0847415
0.389  -0.0842286
0.39  -0.0836931
0.391  -0.0832037
0.392  -0.0827277
0.393  -0.0822423
0.394  -0.0817371
0.395  -0.0812651
0.396  -0.0808023
0.397  -0.0802905
0.398  -0.0798303
0.399  -0.0793864
0.4  -0.0789473
0.401  -0.078535
0.402  -0.0780953
0.403  -0.0776786
0.404  -0.0772758
0.405  -0.0768635
0.406  -0.0764418
0.407  -0.0760434
0.408  -0.0756468
0.409  -0.0752491
0.41  -0.0748513
0.411  -0.0744533
0.412  -0.0740424
0.413  -0.0736709
0.414  -0.0732719
0.415  -0.0728861
0.416  -0.0725347
0.417  -0.0721649
0.418  -0.0717757
0.419  -0.0714256
0.42  -0.0710562
0.421  -0.0707107
0.422  -0.0703558
0.423  -0.0700133
0.424  -0.0696475
0.425  -0.0693009
0.426  -0.0689598
0.427  -0.0685923
0.428  -0.0682663
0.429  -0.0679427
0.43  -0.0676096
0.431  -0.0673009
0.432  -0.0669661
0.433  -0.0666417
0.434  -0.0663341
0.435  -0.0660084
0.436  -0.0656815
0.437  -0.0653719
0.438  -0.0650358
0.439  -0.0647166
0.44  -0.0643929
0.441  -0.0640679
0.442  -0.0637171
0.443  -0.063403
0.444  -0.0630785
0.445  -0.0627725
0.446  -0.0624718
0.447  -0.0621608
0.448  -0.0618426
0.449  -0.0615582
0.45  -0.0612417
0.451  -0.0609488
0.452  -0.0606455
0.453  -0.0603513
0.454  -0.0600492
0.455  -0.0597368
0.456  -0.0594379
0.457  -0.0591352
0.458  -0.0588499
0.459  -0.058568
0.46  -0.0582772
0.461  -0.0580019
0.462  -0.0577066
0.463  -0.0574159
0.464  -0.0571097
0.465  -0.0568034
0.466  -0.0564849
0.467  -0.0561909
0.468  -0.0558801
0.469  -0.0555896
0.47  -0.0552786
0.471  -0.0549816
0.472  -0.0546627
0.473  -0.0543606
0.474  -0.0540856
0.475  -0.0537952
0.476  -0.0535059
0.477  -0.0532091
0.478  -0.0529121
0.479  -0.0526425
0.48  -0.0523427
0.481  -0.0520704
0.482  -0.051787
0.483  -0.0515308
0.484  -0.0512676
0.485  -0.0509973
0.486  -0.0507285
0.487  -0.0504645
0.488  -0.0502116
0.489  -0.0499527
0.49  -0.0496959
0.491  -0.0494451
0.492  -0.0491847
0.493  -0.0489143
0.494  -0.0486462
0.495  -0.048382
0.496  -0.0481162
0.497  -0.04787
0.498  -0.0476148
0.499  -0.0473777
0.5  -0.0471172
0.501  -0.0468738
0.502  -0.0466207
0.503  -0.0463664
0.504  -0.0461516
0.505  -0.0459105
0.506  -0.0456798
0.507  -0.0454387
0.508  -0.0452159
0.509  -0.045012
0.51  -0.0447768
0.511  -0.0445627
0.512  -0.0443377
0.513  -0.0441415
0.514  -0.0439499
0.515  -0.0437632
0.516  -0.0435481
0.517  -0.043349
0.518  -0.0431672
0.519  -0.0429784
0.52  -0.0427952
0.521  -0.0426048
0.522  -0.0424384
0.523  -0.0422346
0.524  -0.0420492
0.525  -0.0418483
0.526  -0.0416764
0.527  -0.0415108
0.528  -0.0413321
0.529  -0.0411699
0.53  -0.0410118
0.531  -0.0408538
0.532  -0.0406909
0.533  -0.0405189
0.534  -0.0403548
0.535  -0.0401949
0.536  -0.040047
0.537  -0.0398906
0.538  -0.0397488
0.539  -0.0396226
0.54  -0.0394626
0.541  -0.0393165
0.542  -0.0391734
0.543  -0.0390377
0.544  -0.0389062
0.545  -0.0387782
0.546  -0.0386284
0.547  -0.0384976
0.548  -0.0383883
0.549  -0.038261
0.55  -0.038147
0.551  -0.038029
0.552  -0.0379192
0.553  -0.0377969
0.554  -0.0376782
0.555  -0.0375372
0.556  -0.037424
0.557  -0.0373082
0.558  -0.0371799
0.559  -0.0370723
0.56  -0.0369781
0.561  -0.0368672
0.562  -0.0367659
0.563  -0.0366587
0.564  -0.0365371
0.565  -0.0364267
0.566  -0.0363092
0.567  -0.0361894
0.568  -0.036086
0.569  -0.0359917
0.57  -0.0358619
0.571  -0.0357497
0.572  -0.0356358
0.573  -0.0355295
0.574  -0.0354193
0.575  -0.0353023
0.576  -0.0351869
0.577  -0.0350814
0.578  -0.0349941
0.579  -0.0348738
0.58  -0.0347688
0.581  -0.0346613
0.582  -0.0345575
0.583  -0.0344563
0.584  -0.0343489
0.585  -0.0342227
0.586  -0.0341226
0.587  -0.0340038
0.588  -0.0338766
0.589  -0.0337722
0.59  -0.0336807
0.591  -0.0335589
0.592  -0.0334468
0.593  -0.033346
0.594  -0.033231
0.595  -0.0331045
0.596  -0.0329762
0.597  -0.0328459
0.598  -0.0327328
0.599  -0.032626
0.6  -0.0324954
0.601  -0.0323722
0.602  -0.0322555
0.603  -0.0321379
0.604  -0.0320287
0.605  -0.0318968
0.606  -0.0317859
0.607  -0.0316763
0.608  -0.0315775
0.609  -0.0314497
0.61  -0.0313406
0.611  -0.0312288
0.612  -0.0311206
0.613  -0.0310128
0.614  -0.0309069
0.615  -0.0307818
0.616  -0.0306698
0.617  -0.0305505
0.618  -0.0304254
0.619  -0.0303126
0.62  -0.0302222
0.621  -0.0300904
0.622  -0.0299658
0.623  -0.0298583
0.624  -0.0297445
0.625  -0.0296112
0.626  -0.0294913
0.627  -0.0293584
0.628  -0.0292448
0.629  -0.0291376
0.63  -0.0290323
0.631  -0.0289109
0.632  -0.0287968
0.633  -0.0286912
0.634  -0.0285941
0.635  -0.028489
0.636  -0.0283858
0.637  -0.0283034
0.638  -0.0282264
0.639  -0.028111
0.64  -0.028021
0.641  -0.0279364
0.642  -0.0278458
0.643  -0.0277652
0.644  -0.0276835
0.645  -0.0275926
0.646  -0.0275052
0.647  -0.0274168
0.648  -0.0273183
0.649  -0.0272271
0.65  -0.0271648
0.651  -0.0270801
0.652  -0.0269828
0.653  -0.026902
0.654  -0.0268178
0.655  -0.0267224
0.656  -0.0266372
0.657  -0.0265362
0.658  -0.0264695
0.659  -0.0263969
0.66  -0.0263288
0.661  -0.0262534
0.662  -0.0261736
0.663  -0.0261161
0.664  -0.0260436
0.665  -0.0259831
0.666  -0.0259113
0.667  -0.0258681
0.668  -0.0258147
0.669  -0.0257442
0.67  -0.0256769
0.671  -0.0256405
0.672  -0.0255855
0.673  -0.0255343
0.674  -0.0254956
0.675  -0.0254355
0.676  -0.0253804
0.677  -0.0253227
0.678  -0.0252617
0.679  -0.0252055
0.68  -0.0251507
0.681  -0.0251076
0.682  -0.025042
0.683  -0.024987
0.684  -0.0249295
0.685  -0.0248714
0.686  -0.0248146
0.687  -0.0247496
0.688  -0.0246906
0.689  -0.0246419
0.69  -0.0245765
0.691  -0.024522
0.692  -0.0244574
0.693  -0.0244084
0.694  -0.0243442
0.695  -0.0242978
0.696  -0.0242357
0.697  -0.0241832
0.698  -0.0241363
0.699  -0.0240813
0.7  -0.0240076
0.701  -0.0239614
0.702  -0.0239097
0.703  -0.0238507
0.704  -0.0238096
0.705  -0.0237579
0.706  -0.023702
0.707  -0.0236562
0.708  -0.0235937
0.709  -0.0235498
0.71  -0.0234917
0.711  -0.0234493
0.712  -0.0233857
0.713  -0.0233313
0.714  -0.023273
0.715  -0.0232139
0.716  -0.0231668
0.717  -0.0230946
0.718  -0.0230321
0.719  -0.0229775
0.72  -0.0229153
0.721  -0.0228601
0.722  -0.0228012
0.723  -0.0227448
0.724  -0.0226701
0.725  -0.0226112
0.726  -0.022537
0.727  -0.0224808
0.728  -0.022416
0.729  -0.0223524
0.73  -0.0222702
0.731  -0.0222053
0.732  -0.0221421
0.733  -0.0220725
0.734  -0.0220087
0.735  -0.0219441
0.736  -0.0218875
0.737  -0.0218234
0.738  -0.0217515
0.739  -0.0216904
0.74  -0.0216094
0.741  -0.0215435
0.742  -0.0214682
0.743  -0.0214064
0.744  -0.0213315
0.745  -0.0212609
0.746  -0.0211913
0.747  -0.0211125
0.748  -0.0210438
0.749  -0.0209799
0.75  -0.0209121
0.751  -0.0208399
0.752  -0.0207701
0.753  -0.0206997
0.754  -0.0206193
0.755  -0.0205326
0.756  -0.0204632
0.757  -0.0203963
0.758  -0.0203176
0.759  -0.0202586
0.76  -0.0201865
0.761  -0.0201104
0.762  -0.0200386
0.763  -0.0199722
0.764  -0.0199045
0.765  -0.0198475
0.766  -0.0197845
0.767  -0.0197141
0.768  -0.019644
0.769  -0.0195844
0.77  -0.0195138
0.771  -0.0194501
0.772  -0.0193893
0.773  -0.0193254
0.774  -0.0192719
0.775  -0.0192097
0.776  -0.0191543
0.777  -0.0190871
0.778  -0.0190225
0.779  -0.0189566
0.78  -0.0189075
0.781  -0.0188448
0.782  -0.0187729
0.783  -0.0187099
0.784  -0.0186404
0.785  -0.0185741
0.786  -0.0185209
0.787  -0.0184672
0.788  -0.0183887
0.789  -0.0183367
0.79  -0.0182819
0.791  -0.0182152
0.792  -0.0181669
0.793  -0.0181084
0.794  -0.0180513
0.795  -0.0180047
0.796  -0.0179544
0.797  -0.0179023
0.798  -0.0178557
0.799  -0.0178112
0.8  -0.0177539
0.801  -0.0177208
0.802  -0.0176772
0.803  -0.0176342
0.804  -0.017597
0.805  -0.0175483
0.806  -0.0175091
0.807  -0.0174766
0.808  -0.0174314
0.809  -0.0173693
0.81  -0.0173372
0.811  -0.0172859
0.812  -0.0172329
0.813  -0.017182
0.814  -0.0171249
0.815  -0.0170824
0.816  -0.0170363
0.817  -0.0169891
0.818  -0.0169247
0.819  -0.0168881
0.82  -0.0168418
0.821  -0.0167823
0.822  -0.0167332
0.823  -0.0166778
0.824  -0.0166319
0.825  -0.0165893
0.826  -0.016538
0.827  -0.0164956
0.828  -0.0164668
0.829  -0.016432
0.83  -0.0163812
0.831  -0.0163408
0.832  -0.0163034
0.833  -0.0162777
0.834  -0.0162471
0.835  -0.0162073
0.836  -0.0161691
0.837  -0.016127
0.838  -0.0160744
0.839  -0.0160119
0.84  -0.015979
0.841  -0.015925
0.842  -0.0158713
0.843  -0.0158183
0.844  -0.0157562
0.845  -0.0157244
0.846  -0.0156645
0.847  -0.0156033
0.848  -0.0155242
0.849  -0.0154747
0.85  -0.0154286
0.851  -0.0153635
0.852  -0.0152916
0.853  -0.0152154
0.854  -0.0151515
0.855  -0.0150887
0.856  -0.0150278
0.857  -0.0149725
0.858  -0.0149189
0.859  -0.014864
0.86  -0.0148082
0.861  -0.014747
0.862  -0.014689
0.863  -0.0146478
0.864  -0.014576
0.865  -0.0145175
0.866  -0.0144569
0.867  -0.0144044
0.868  -0.0143389
0.869  -0.0142641
0.87  -0.0142121
0.871  -0.0141418
0.872  -0.0140726
0.873  -0.0140052
0.874  -0.0139421
0.875  -0.0138917
0.876  -0.013814
0.877  -0.0137428
0.878  -0.0136611
0.879  -0.0135868
0.88  -0.0135234
0.881  -0.013453
0.882  -0.0133706
0.883  -0.0132962
0.884  -0.0132313
0.885  -0.0131651
0.886  -0.013096
0.887  -0.0130324
0.888  -0.0129638
0.889  -0.0128948
0.89  -0.0128375
0.891  -0.0127723
0.892  -0.0127125
0.893  -0.0126503
0.894  -0.0125731
0.895  -0.0125185
0.896  -0.0124629
0.897  -0.0124049
0.898  -0.0123471
0.899  -0.0122849
0.9  -0.012222
0.901  -0.012154
0.902  -0.0120807
0.903  -0.0120161
0.904  -0.0119606
0.905  -0.0119081
0.906  -0.0118341
0.907  -0.0117772
0.908  -0.0117092
0.909  -0.0116335
0.91  -0.011574
0.911  -0.0115151
0.912  -0.0114467
0.913  -0.011395
0.914  -0.0113413
0.915  -0.0112778
0.916  -0.0112206
0.917  -0.0111685
0.918  -0.0111045
0.919  -0.0110502
0.92  -0.0110049
0.921  -0.0109535
0.922  -0.0109038
0.923  -0.0108453
0.924  -0.0107768
0.925  -0.0107352
0.926  -0.0106885
0.927  -0.0106419
0.928  -0.0106019
0.929  -0.0105499
0.93  -0.0104976
0.931  -0.0104524
0.932  -0.0103855
0.933  -0.0103316
0.934  -0.0102884
0.935  -0.0102475
0.936  -0.0101866
0.937  -0.0101433
0.938  -0.0100953
0.939  -0.0100349
0.94  -0.00998493
0.941  -0.00993541
0.942  -0.00988894
0.943  -0.00985148
0.944  -0.00980827
0.945  -0.00976073
0.946  -0.00971355
0.947  -0.00966655
0.948  -0.0096151
0.949  -0.00956478
0.95  -0.00952185
0.951  -0.00947136
0.952  -0.00942757
0.953  -0.00937757
0.954  -0.00931801
0.955  -0.00927324
0.956  -0.00923402
0.957  -0.00919351
0.958  -0.00914987
0.959  -0.00910733
0.96  -0.00906629
0.961  -0.00902236
0.962  -0.00896933
0.963  -0.00891957
0.964  -0.00887627
0.965  -0.00883465
0.966  -0.00878381
0.967  -0.00874824
0.968  -0.00870184
0.969  -0.00864494
0.97  -0.00860184
0.971  -0.008556
0.972  -0.00850573
0.973  -0.00846422
0.974  -0.0084249
0.975  -0.00838783
0.976  -0.00833521
0.977  -0.00829156
0.978  -0.0082427
0.979  -0.00818972
0.98  -0.00814329
0.981  -0.00810064
0.982  -0.00805901
0.983  -0.00800405
0.984  -0.00794557
0.985  -0.00789497
0.986  -0.00784623
0.987  -0.00780457
0.988  -0.00775741
0.989  -0.00771679
0.99  -0.00767531
0.991  -0.00763339
0.992  -0.00758664
0.993  -0.00753608
0.994  -0.00748146
0.995  -0.00743266
0.996  -0.0073841
0.997  -0.0073415
0.998  -0.00728918
0.999  -0.00722801
1  -0.00716977
1.001  -0.00711773
1.002  -0.00706304
1.003  -0.00701421
1.004  -0.00697532
1.005  -0.00692964
1.006  -0.00687793
1.007  -0.0068288
1.008  -0.00677835
1.009  -0.00672121
1.01  -0.00667207
1.011  -0.00663076
1.012  -0.00658259
1.013  -0.00653231
1.014  -0.00647612
1.015  -0.00642199
1.016  -0.00636992
1.017  -0.00632331
1.018  -0.00627675
1.019  -0.0062349
1.02  -0.00618746
1.021  -0.00613874
1.022  -0.00609951
1.023  -0.00604353
1.024  -0.00599139
1.025  -0.00594112
1.026  -0.00589385
1.027  -0.00584424
1.028  -0.00579178
1.029  -0.00573356
1.03  -0.00567244
1.031  -0.005621
1.032  -0.0055651
1.033  -0.00552065
1.034  -0.00549098
1.035  -0.00544247
1.036  -0.00540115
1.037  -0.00535797
1.038  -0.00531471
1.039  -0.00527137
1.04  -0.0052367
1.041  -0.00519526
1.042  -0.00515977
1.043  -0.0051169
1.044  -0.00507004
1.045  -0.00502823
1.046  -0.00499362
1.047  -0.00495772
1.048  -0.00492808
1.049  -0.00489358
1.05  -0.0048641
1.051  -0.00483576
1.052  -0.00480535
1.053  -0.00475538
1.054  -0.00472521
1.055  -0.00469032
1.056  -0.00465807
1.057  -0.0046196
1.058  -0.00457846
1.059  -0.00453725
1.06  -0.00450396
1.061  -0.00447044
1.062  -0.00444306
1.063  -0.00441745
1.064  -0.0044058
1.065  -0.00437039
1.066  -0.00434504
1.067  -0.00432371
1.068  -0.00429814
1.069  -0.00426964
1.07  -0.004241
1.071  -0.00421614
1.072  -0.00419689
1.073  -0.00417007
1.074  -0.00413435
1.075  -0.00410371
1.076  -0.00408366
1.077  -0.00406503
1.078  -0.00405075
1.079  -0.00402066
1.08  -0.00400383
1.081  -0.00398051
1.082  -0.00395904
1.083  -0.00391984
1.084  -0.00390194
1.085  -0.00387908
1.086  -0.00385409
1.087  -0.00382569
1.088  -0.00380219
1.089  -0.00377533
1.09  -0.0037564
1.091  -0.00372831
1.092  -0.00370635
1.093  -0.00369111
1.094  -0.00368593
1.095  -0.00366198
1.096  -0.00364031
1.097  -0.00361427
1.098  -0.00359229
1.099  -0.00355941
1.1  -0.00353653
1.101  -0.00351536
1.102  -0.00350117
1.103  -0.00347615
1.104  -0.00344406
1.105  -0.0034125
1.106  -0.00339892
1.107  -0.003378
1.108  -0.00336407
1.109  -0.00333364
1.11  -0.00332044
1.111  -0.00330417
1.112  -0.00328048
1.113  -0.00324675
1.114  -0.00322269
1.115  -0.00319508
1.116  -0.00317145
1.117  -0.00315041
1.118  -0.00313254
1.119  -0.00310621
1.12  -0.00308398
1.121  -0.00305263
1.122  -0.00302879
1.123  -0.00301282
1.124  -0.00300331
1.125  -0.00297195
1.126  -0.00294645
1.127  -0.00292201
1.128  -0.00289995
1.129  -0.00286617
1.13  -0.00283673
1.131  -0.00281454
1.132  -0.00279459
1.133  -0.00276885
1.134  -0.00274052
1.135  -0.00271687
1.136  -0.00269782
1.137  -0.00267882
1.138  -0.00266269
1.139  -0.00264077
1.14  -0.00262385
1.141  -0.00261194
1.142  -0.00259042
1.143  -0.00255665
1.144  -0.00253842
1.145  -0.00251263
1.146  -0.00248842
1.147  -0.00246794
1.148  -0.00245758
1.149  -0.00243213
1.15  -0.0024157
1.151  -0.00239644
1.152  -0.0023786
1.153  -0.00236367
1.154  -0.00235431
1.155  -0.00233102
1.156  -0.00230174
1.157  -0.00227892
1.158  -0.00225833
1.159  -0.00223415
1.16  -0.00220834
1.161  -0.00219407
1.162  -0.00218567
1.163  -0.0021659
1.164  -0.00214227
1.165  -0.00212548
1.166  -0.00211311
1.167  -0.0020897
1.168  -0.00208132
1.169  -0.00206438
1.17  -0.00204507
1.171  -0.00204312
1.172  -0.0020354
1.173  -0.0020151
1.174  -0.00199838
1.175  -0.00198287
1.176  -0.0019742
1.177  -0.00196383
1.178  -0.00195596
1.179  -0.0019423
1.18  -0.00193033
1.181  -0.00191457
1.182  -0.00191089
1.183  -0.00190597
1.184  -0.00190515
1.185  -0.00189108
1.186  -0.00187601
1.187  -0.00186946
1.188  -0.00185756
1.189  -0.00184604
1.19  -0.00183527
1.191  -0.00182771
1.192  -0.00182664
1.193  -0.00182196
1.194  -0.00180964
1.195  -0.00180126
1.196  -0.00179714
1.197  -0.00178938
1.198  -0.00178194
1.199  -0.00177619
1.2  -0.00176939
1.201  -0.00177273
1.202  -0.00178173
1.203  -0.00176859
1.204  -0.00176169
1.205  -0.0017623
1.206  -0.00176062
1.207  -0.00176437
1.208  -0.00176885
1.209  -0.00175561
1.21  -0.0017453
1.211  -0.00173234
1.212  -0.00174176
1.213  -0.00175379
1.214  -0.0017611
1.215  -0.00175913
1.216  -0.00175471
1.217  -0.00175896
1.218  -0.00175778
1.219  -0.00175807
1.22  -0.00174946
1.221  -0.00174744
1.222  -0.00174948
1.223  -0.00175436
1.224  -0.00175431
1.225  -0.00174804
1.226  -0.00174666
1.227  -0.00174526
1.228  -0.0017397
1.229  -0.00174009
1.23  -0.00174222
1.231  -0.00173379
1.232  -0.00173319
1.233  -0.00172261
1.234  -0.00171276
1.235  -0.00171792
1.236  -0.00171772
1.237  -0.00171817
1.238  -0.00172146
1.239  -0.00171079
1.24  -0.00169209
1.241  -0.00168515
1.242  -0.00169025
1.243  -0.00169304
1.244  -0.00169381
1.245  -0.00169366
1.246  -0.00168663
1.247  -0.00169111
1.248  -0.00168761
1.249  -0.00169096
1.25  -0.00168899
1.251  -0.00169309
1.252  -0.00169146
1.253  -0.0016956
1.254  -0.00169448
1.255  -0.00168989
1.256  -0.00168271
1.257  -0.00167616
1.258  -0.00167708
1.259  -0.0016782
1.26  -0.00167305
1.261  -0.00165801
1.262  -0.00164894
1.263  -0.00164399
1.264  -0.00163554
1.265  -0.00163595
1.266  -0.00163762
1.267  -0.00163733
1.268  -0.00163572
1.269  -0.00162643
1.27  -0.00160865
1.271  -0.00160651
1.272  -0.00160133
1.273  -0.00159642
1.274  -0.00159008
1.275  -0.00159016
1.276  -0.00158909
1.277  -0.00158176
1.278  -0.0015782
1.279  -0.00158927
1.28  -0.00159016
1.281  -0.00159192
1.282  -0.00158897
1.283  -0.00159012
1.284  -0.00159242
1.285  -0.00158589
1.286  -0.00157953
1.287  -0.00157289
1.288  -0.00157277
1.289  -0.00157145
1.29  -0.00156437
1.291  -0.00156003
1.292  -0.0015474
1.293  -0.00154908
1.294  -0.00154067
1.295  -0.00153919
1.296  -0.0015426
1.297  -0.00155075
1.298  -0.00154454
1.299  -0.00154808
1.3  -0.00153482
1.301  -0.00153408
1.302  -0.00152253
1.303  -0.00151922
1.304  -0.00151673
1.305  -0.00152058
1.306  -0.00151618
1.307  -0.00150928
1.308  -0.00150524
1.309  -0.00150941
1.31  -0.0015073
1.311  -0.00151598
1.312  -0.00151635
1.313  -0.00152384
1.314  -0.00152496
1.315  -0.00152801
1.316  -0.0015233
1.317  -0.00151293
1.318  -0.00151403
1.319  -0.00151826
1.32  -0.00151466
1.321  -0.00151756
1.322  -0.00151426
1.323  -0.00152151
1.324  -0.00152427
1.325  -0.00153019
1.326  -0.00154164
1.327  -0.00155802
1.328  -0.0015608
1.329  -0.00157336
1.33  -0.00157717
1.331  -0.0015828
1.332  -0.00158075
1.333  -0.00158864
1.334  -0.00159098
1.335  -0.00159797
1.336  -0.00161297
1.337  -0.00161682
1.338  -0.00162925
1.339  -0.0016403
1.34  -0.00164854
1.341  -0.00166215
1.342  -0.00166631
1.343  -0.00167469
1.344  -0.00168554
1.345  -0.00169301
1.346  -0.0016922
1.347  -0.00168644
1.348  -0.00168952
1.349  -0.00169354
1.35  -0.00168732
1.351  -0.00169296
1.352  -0.00168687
1.353  -0.00169466
1.354  -0.00170399
1.355  -0.00170685
1.356  -0.00170581
1.357  -0.00171619
1.358  -0.00172275
1.359  -0.00173323
1.36  -0.00173641
1.361  -0.0017517
1.362  -0.00175913
1.363  -0.00176197
1.364  -0.00176119
1.365  -0.00176548
1.366  -0.00178259
1.367  -0.00178716
1.368  -0.00179275
1.369  -0.00180276
1.37  -0.00180369
1.371  -0.00181854
1.372  -0.00183249
1.373  -0.00183579
1.374  -0.00184622
1.375  -0.00185949
1.376  -0.00185757
1.377  -0.00184827
1.378  -0.00185376
1.379  -0.00185553
1.38  -0.00184021
1.381  -0.00183782
1.382  -0.00184142
1.383  -0.00184248
1.384  -0.00185627
1.385  -0.00186229
1.386  -0.00186062
1.387  -0.00186863
1.388  -0.0018807
1.389  -0.00189435
1.39  -0.00190017
1.391  -0.00189744
1.392  -0.00189829
1.393  -0.00189779
1.394  -0.00189011
1.395  -0.00189517
1.396  -0.00190871
1.397  -0.00191331
1.398  -0.00190664
1.399  -0.00191555
1.4  -0.0019121
1.401  -0.00191424
1.402  -0.0019243
1.403  -0.00192363
1.404  -0.0019243
1.405  -0.00193708
1.406  -0.00193412
1.407  -0.00192216
1.408  -0.00192312
1.409  -0.00191735
1.41  -0.00191297
1.411  -0.00191129
1.412  -0.00192137
1.413  -0.00192557
1.414  -0.00193477
1.415  -0.00194508
1.416  -0.00193395
1.417  -0.00194193
1.418  -0.00195383
1.419  -0.00195995
1.42  -0.00196216
1.421  -0.00196661
1.422  -0.00197274
1.423  -0.00198061
1.424  -0.00197941
1.425  -0.00198504
1.426  -0.00200068
1.427  -0.00200401
1.428  -0.00200116
1.429  -0.00201298
1.43  -0.00201824
1.431  -0.00201231
1.432  -0.00201903
1.433  -0.00201566
1.434  -0.00201377
1.435  -0.00203747
1.436  -0.00204088
1.437  -0.00203303
1.438  -0.0020415
1.439  -0.00205132
1.44  -0.00204857
1.441  -0.00205066
1.442  -0.00205524
1.443  -0.00204995
1.444  -0.00205831
1.445  -0.00207406
1.446  -0.00207639
1.447  -0.00209811
1.448  -0.00210504
1.449  -0.00210278
1.45  -0.00211652
1.451  -0.00212295
1.452  -0.00213338
1.453  -0.00214221
1.454  -0.00213607
1.455  -0.00214082
1.456  -0.00214969
1.457  -0.00215501
1.458  -0.00214291
1.459  -0.00215966
1.46  -0.00216342
1.461  -0.00216573
1.462  -0.00218908
1.463  -0.00219629
1.464  -0.00218671
1.465  -0.00219684
1.466  -0.00219674
1.467  -0.00219172
1.468  -0.0022024
1.469  -0.00220596
1.47  -0.00222726
1.471  -0.0022316
1.472  -0.00224442
1.473  -0.00224756
1.474  -0.00225048
1.475  -0.00227234
1.476  -0.00228401
1.477  -0.00231365
1.478  -0.00231713
1.479  -0.00231316
1.48  -0.00233448
1.481  -0.00233546
1.482  -0.00235058
1.483  -0.00236683
1.484  -0.00237641
1.485  -0.00237937
1.486  -0.00238103
1.487  -0.0023852
1.488  -0.002392
1.489  -0.00239788
1.49  -0.00240851
1.491  -0.00241842
1.492  -0.00242998
1.493  -0.00244738
1.494  -0.00244782
1.495  -0.00246564
1.496  -0.00247111
1.497  -0.00247925
1.498  -0.00248408
1.499  -0.00247363
1.5  -0.00247711
1.501  -0.00247096
1.502  -0.00247462
1.503  -0.00246302
1.504  -0.00247634
1.505  -0.00249278
1.506  -0.00250364
1.507  -0.00250147
1.508  -0.00249115
1.509  -0.00247403
1.51  -0.002466
1.511  -0.00246583
1.512  -0.00248028
1.513  -0.00248024
1.514  -0.00248045
1.515  -0.00247014
1.516  -0.00248285
1.517  -0.00248437
1.518  -0.00249874
1.519  -0.00251624
1.52  -0.00252775
1.521  -0.00253017
1.522  -0.00254712
1.523  -0.00253
1.524  -0.00254755
1.525  -0.00256574
1.526  -0.00257495
1.527  -0.00258567
1.528  -0.00259753
1.529  -0.00256964
1.53  -0.00257297
1.531  -0.00256441
1.532  -0.00256256
1.533  -0.00253929
1.534  -0.00255409
1.535  -0.00254997
1.536  -0.00255595
1.537  -0.0025572
1.538  -0.00253469
1.539  -0.00251937
1.54  -0.00250457
1.541  -0.00251536
1.542  -0.0025582
1.543  -0.00254574
1.544  -0.0025584
1.545  -0.00252828
1.546  -0.0025296
1.547  -0.00253396
1.548  -0.00254787
1.549  -0.00253422
1.55  -0.0025177
1.551  -0.00254231
1.552  -0.00255196
1.553  -0.00253826
1.554  -0.00252753
1.555  -0.00253225
1.556  -0.00251834
1.557  -0.00252481
1.558  -0.00252948
1.559  -0.00249958
1.56  -0.00244623
1.561  -0.00237678
1.562  -0.00233199
1.563  -0.00226687
1.564  -0.00225211
1.565  -0.00220364
1.566  -0.00216486
1.567  -0.00213989
1.568  -0.00211492
1.569  -0.00208995
1.57  -0.00202583
1.571  -0.00198913
1.572  -0.00195244
1.573  -0.00191445
1.574  -0.00187646
1.575  -0.00183847
1.576  -0.00180048
1.577  -0.00176249
1.578  -0.00176249
1.579  -0.00176249
1.58  -0.00176249
1.581  -0.00176249
1.582  -0.00176249
1.583  -0.00176249
1.584  -0.00176249
1.585  -0.00176249
1.586  -0.00176249
1.587  -0.00176249
1.588  -0.00176249
1.589  -0.00176249
1.59  -0.00176249
1.591  -0.00176249
1.592  -0.00176249
1.593  -0.00176249
1.594  -0.00176249
1.595  -0.00176249
1.596  -0.00176249
1.597  -0.00176249
1.598  -0.00176249
1.599  -0.00176249
1.6  -0.00176249
1.601  -0.00176249
1.602  -0.00176249
1.603  -0.00176249
1.604  -0.00176249
1.605  -0.00176249
1.606  -0.00176249
1.607  -0.00176249
1.608  -0.00176249
1.609  -0.00176249
1.61  -0.00176249
1.611  -0.00176249
1.612  -0.00176249
1.613  -0.00176249
1.614  -0.00176249
1.615  -0.00176249
1.616  -0.00176249
1.617  -0.00176249
1.618  -0.00176249
1.619  -0.00176249
1.62  -0.00176249
1.621  -0.00176249
1.622  -0.00176249
1.623  -0.00176249
1.624  -0.00176249
1.625  -0.00176249
1.626  -0.00176249
1.627  -0.00176249
1.628  -0.00176249
1.629  -0.00176249
1.63  -0.00176249
1.631  -0.00176249
1.632  -0.00176249
1.633  -0.00176249
1.634  -0.00176249
1.635  -0.00176249
1.636  -0.00176249
1.637  -0.00176249
1.638  -0.00176249
1.639  -0.00176249
1.64  -0.00176249
1.641  -0.00176249
1.642  -0.00176249
1.643  -0.00176249
1.644  -0.00176249
1.645  -0.00176249
1.646  -0.00176249
1.647  -0.00176249
1.648  -0.00176249
1.649  -0.00176249
1.65  -0.00176249
1.651  -0.00176249
1.652  -0.00176249
1.653  -0.00176249
1.654  -0.00176249
1.655  -0.00176249
1.656  -0.00176249
1.657  -0.00176249
1.658  -0.00176249
1.659  -0.00176249
1.66  -0.00176249
1.661  -0.00176249
1.662  -0.00176249
1.663  -0.00176249
1.664  -0.00176249
1.665  -0.00176249
1.666  -0.00176249
1.667  -0.00176249
1.668  -0.00176249
1.669  -0.00176249
1.67  -0.00176249
1.671  -0.00176249
1.672  -0.00176249
1.673  -0.00176249
1.674  -0.00176249
1.675  -0.00176249
1.676  -0.00176249
1.677  -0.00176249
1.678  -0.00176249
1.679  -0.00176249
1.68  -0.00176249
1.681  -0.00176249
1.682  -0.00176249
1.683  -0.00176249
1.684  -0.00176249
1.685  -0.00176249
1.686  -0.00176249
1.687  -0.00176249
1.688  -0.00176249
1.689  -0.00176249
1.69  -0.00176249
1.691  -0.00176249
1.692  -0.00176249
1.693  -0.00176249
1.694  -0.00176249
1.695  -0.00176249
1.696  -0.00176249
1.697  -0.00176249
1.698  -0.00176249
1.699  -0.00176249
1.7  -0.00176249
1.701  -0.00176249
1.702  -0.00176249
1.703  -0.00176249
1.704  -0.00176249
1.705  -0.00176249
1.706  -0.00176249
1.707  -0.00176249
1.708  -0.00176249
1.709  -0.00176249
1.71  -0.00176249
1.711  -0.00176249
1.712  -0.00176249
1.713  -0.00176249
1.714  -0.00176249
1.715  -0.00176249
1.716  -0.00176249
1.717  -0.00176249
1.718  -0.00176249
1.719  -0.00176249
1.72  -0.00176249
1.721  -0.00176249
1.722  -0.00176249
1.723  -0.00176249
1.724  -0.00176249
1.725  -0.00176249
1.726  -0.00176249
1.727  -0.00176249
1.728  -0.00176249
1.729  -0.00176249
1.73  -0.00176249
1.731  -0.00176249
1.732  -0.00176249
1.733  -0.00176249
1.734  -0.00176249
1.735  -0.00176249
1.736  -0.00176249
1.737  -0.00176249
1.738  -0.00176249
1.739  -0.00176249
1.74  -0.00176249
1.741  -0.00176249
1.742  -0.00176249
1.743  -0.00176249
1.744  -0.00176249
1.745  -0.00176249
1.746  -0.00176249
1.747  -0.00176249
1.748  -0.00176249
1.749  -0.00176249
1.75  -0.00176249
1.751  -0.00176249
1.752  -0.00176249
1.753  -0.00176249
1.754  -0.00176249
1.755  -0.00176249
1.756  -0.00176249
1.757  -0.00176249
1.758  -0.00176249
1.759  -0.00176249
1.76  -0.00176249
1.761  -0.00176249
1.762  -0.00176249
1.763  -0.00176249
1.764  -0.00176249
1.765  -0.00176249
1.766  -0.00176249
1.767  -0.00176249
1.768  -0.00176249
1.769  -0.00176249
1.77  -0.00176249
1.771  -0.00176249
1.772  -0.00176249
1.773  -0.00176249
1.774  -0.00176249
1.775  -0.00176249
1.776  -0.00176249
1.777  -0.00176249
1.778  -0.00176249
1.779  -0.00176249
1.78  -0.00176249
1.781  -0.00176249
1.782  -0.00176249
1.783  -0.00176249
1.784  -0.00176249
1.785  -0.00176249
1.786  -0.00176249
1.787  -0.00176249
1.788  -0.00176249
1.789  -0.00176249
1.79  -0.00176249
1.791  -0.00176249
1.792  -0.00176249
1.793  -0.00176249
1.794  -0.00176249
1.795  -0.00176249
1.796  -0.00176249
1.797  -0.00176249
1.798  -0.00176249
1.799  -0.00176249
1.8  -0.00176249
1.801  -0.00176249
1.802  -0.00176249
1.803  -0.00176249
1.804  -0.00176249
1.805  -0.00176249
1.806  -0.00176249
1.807  -0.00176249
1.808  -0.00176249
1.809  -0.00176249
1.81  -0.00176249
1.811  -0.00176249
1.812  -0.00176249
1.813  -0.00176249
1.814  -0.00176249
1.815  -0.00176249
1.816  -0.00176249
1.817  -0.00176249
1.818  -0.00176249
1.819  -0.00176249
1.82  -0.00176249
1.821  -0.00176249
1.822  -0.00176249
1.823  -0.00176249
1.824  -0.00176249
1.825  -0.00176249
1.826  -0.00176249
1.827  -0.00176249
1.828  -0.00176249
1.829  -0.00176249
1.83  -0.00176249
1.831  -0.00176249
1.832  -0.00176249
1.833  -0.00176249
1.834  -0.00176249
1.835  -0.00176249
1.836  -0.00176249
1.837  -0.00176249
1.838  -0.00176249
1.839  -0.00176249
1.84  -0.00176249
1.841  -0.00176249
1.842  -0.00176249
1.843  -0.00176249
1.844  -0.00176249
1.845  -0.00176249
1.846  -0.00176249
1.847  -0.00176249
1.848  -0.00176249
1.849  -0.00176249
1.85  -0.00176249
1.851  -0.00176249
1.852  -0.00176249
1.853  -0.00176249
1.854  -0.00176249
1.855  -0.00176249
1.856  -0.00176249
1.857  -0.00176249
1.858  -0.00176249
1.859  -0.00176249
1.86  -0.00176249
1.861  -0.00176249
1.862  -0.00176249
1.863  -0.00176249
1.864  -0.00176249
1.865  -0.00176249
1.866  -0.00176249
1.867  -0.00176249
1.868  -0.00176249
1.869  -0.00176249
1.87  -0.00176249
1.871  -0.00176249
1.872  -0.00176249
1.873  -0.00176249
1.874  -0.00176249
1.875  -0.00176249
1.876  -0.00176249
1.877  -0.00176249
1.878  -0.00176249
1.879  -0.00176249
1.88  -0.00176249
1.881  -0.00176249
1.882  -0.00176249
1.883  -0.00176249
1.884  -0.00176249
1.885  -0.00176249
1.886  -0.00176249
1.887  -0.00176249
1.888  -0.00176249
1.889  -0.00176249
1.89  -0.00176249
1.891  -0.00176249
1.892  -0.00176249
1.893  -0.00176249
1.894  -0.00176249
1.895  -0.00176249
1.896  -0.00176249
1.897  -0.00176249
1.898  -0.00176249
1.899  -0.00176249
1.9  -0.00176249
1.901  -0.00176249
1.902  -0.00176249
1.903  -0.00176249
1.904  -0.00176249
1.905  -0.00176249
1.906  -0.00176249
1.907  -0.00176249
1.908  -0.00176249
1.909  -0.00176249
1.91  -0.00176249
1.911  -0.00176249
1.912  -0.00176249
1.913  -0.00176249
1.914  -0.00176249
1.915  -0.00176249
1.916  -0.00176249
1.917  -0.00176249
1.918  -0.00176249
1.919  -0.00176249
1.92  -0.00176249
1.921  -0.00176249
1.922  -0.00176249
1.923  -0.00176249
1.924  -0.00176249
1.925  -0.00176249
1.926  -0.00176249
1.927  -0.00176249
1.928  -0.00176249
1.929  -0.00176249
1.93  -0.00176249
1.931  -0.00176249
1.932  -0.00176249
1.933  -0.00176249
1.934  -0.00176249
1.935  -0.00176249
1.936  -0.00176249
1.937  -0.00176249
1.938  -0.00176249
1.939  -0.00176249
1.94  -0.00176249
1.941  -0.00176249
1.942  -0.00176249
1.943  -0.00176249
1.944  -0.00176249
1.945  -0.00176249
1.946  -0.00176249
1.947  -0.00176249
1.948  -0.00176249
1.949  -0.00176249
1.95  -0.00176249
1.951  -0.00176249
1.952  -0.00176249
1.953  -0.00176249
1.954  -0.00176249
1.955  -0.00176249
1.956  -0.00176249
1.957  -0.00176249
1.958  -0.00176249
1.959  -0.00176249
1.96  -0.00176249
1.961  -0.00176249
1.962  -0.00176249
1.963  -0.00176249
1.964  -0.00176249
1.965  -0.00176249
1.966  -0.00176249
1.967  -0.00176249
1.968  -0.00176249
1.969  -0.00176249
1.97  -0.00176249
1.971  -0.00176249
1.972  -0.00176249
1.973  -0.00176249
1.974  -0.00176249
1.975  -0.00176249
1.976  -0.00176249
1.977  -0.00176249
1.978  -0.00176249
1.979  -0.00176249
1.98  -0.00176249
1.981  -0.00176249
1.982  -0.00176249
1.983  -0.00176249
1.984  -0.00176249
1.985  -0.00176249
1.986  -0.00176249
1.987  -0.00176249
1.988  -0.00176249
1.989  -0.00176249
1.99  -0.00176249
1.991  -0.00176249
1.992  -0.00176249
1.993  -0.00176249
1.994  -0.00176249
1.995  -0.00176249
1.996  -0.00176249
1.997  -0.00176249
1.998  -0.00176249
1.999  -0.00176249
2  -0.00176249
2.001  -0.00176249
2.002  -0.00176249
2.003  -0.00176249
2.004  -0.00176249
2.005  -0.00176249
2.006  -0.00176249
2.007  -0.00176249
2.008  -0.00176249
2.009  -0.00176249
2.01  -0.00176249
2.011  -0.00176249
2.012  -0.00176249
2.013  -0.00176249
2.014  -0.00176249
2.015  -0.00176249
2.016  -0.00176249
2.017  -0.00176249
2.018  -0.00176249
2.019  -0.00176249
2.02  -0.00176249
2.021  -0.00176249
2.022  -0.00176249
2.023  -0.00176249
2.024  -0.00176249
2.025  -0.00176249
2.026  -0.00176249
2.027  -0.00176249
2.028  -0.00176249
2.029  -0.00176249
2.03  -0.00176249
2.031  -0.00176249
2.032  -0.00176249
2.033  -0.00176249
2.034  -0.00176249
2.035  -0.00176249
2.036  -0.00176249
2.037  -0.00176249
2.038  -0.00176249
2.039  -0.00176249
2.04  -0.00176249
2.041  -0.00176249
2.042  -0.00176249
2.043  -0.00176249
2.044  -0.00176249
2.045  -0.00176249
2.046  -0.00176249
2.047  -0.00176249
2.048  -0.00176249
2.049  -0.00176249
2.05  -0.00176249
2.051  -0.00176249
2.052  -0.00176249
2.053  -0.00176249
2.054  -0.00176249
2.055  -0.00176249
2.056  -0.00176249
2.057  -0.00176249
2.058  -0.00176249
2.059  -0.00176249
2.06  -0.00176249
2.061  -0.00176249
2.062  -0.00176249
2.063  -0.00176249
2.064  -0.00176249
2.065  -0.00176249
2.066  -0.00176249
2.067  -0.00176249
2.068  -0.00176249
2.069  -0.00176249
2.07  -0.00176249
2.071  -0.00176249
2.072  -0.00176249
2.073  -0.00176249
2.074  -0.00176249
2.075  -0.00176249
2.076  -0.00176249
2.077  -0.00176249
2.078  -0.00176249
2.079  -0.00176249
2.08  -0.00176249
2.081  -0.00176249
2.082  -0.00176249
2.083  -0.00176249
2.084  -0.00176249
2.085  -0.00176249
2.086  -0.00176249
2.087  -0.00176249
2.088  -0.00176249
2.089  -0.00176249
2.09  -0.00176249
2.091  -0.00176249
2.092  -0.00176249
2.093  -0.00176249
2.094  -0.00176249
2.095  -0.00176249
2.096  -0.00176249
2.097  -0.00176249
2.098  -0.00176249
2.099  -0.00176249
2.1  -0.00176249
2.101  -0.00176249
2.102  -0.00176249
2.103  -0.00176249
2.104  -0.00176249
2.105  -0.00176249
2.106  -0.00176249
2.107  -0.00176249
2.108  -0.00176249
2.109  -0.00176249
2.11  -0.00176249
2.111  -0.00176249
2.112  -0.00176249
2.113  -0.00176249
2.114  -0.00176249
2.115  -0.00176249
2.116  -0.00176249
2.117  -0.00176249
2.118  -0.00176249
2.119  -0.00176249
2.12  -0.00176249
2.121  -0.00176249
2.122  -0.00176249
2.123  -0.00176249
2.124  -0.00176249
2.125  -0.00176249
2.126  -0.00176249
2.127  -0.00176249
2.128  -0.00176249
2.129  -0.00176249
2.13  -0.00176249
2.131  -0.00176249
2.132  -0.00176249
2.133  -0.00176249
2.134  -0.00176249
2.135  -0.00176249
2.136  -0.00176249
2.137  -0.00176249
2.138  -0.00176249
2.139  -0.00176249
2.14  -0.00176249
2.141  -0.00176249
2.142  -0.00176249
2.143  -0.00176249
2.144  -0.00176249
2.145  -0.00176249
2.146  -0.00176249
2.147  -0.00176249
2.148  -0.00176249
2.149  -0.00176249
2.15  -0.00176249
2.151  -0.00176249
2.152  -0.00176249
2.153  -0.00176249
2.154  -0.00176249
2.155  -0.00176249
2.156  -0.00176249
2.157  -0.00176249
2.158  -0.00176249
2.159  -0.00176249
2.16  -0.00176249
2.161  -0.00176249
2.162  -0.00176249
2.163  -0.00176249
2.164  -0.00176249
2.165  -0.00176249
2.166  -0.00176249
2.167  -0.00176249
2.168  -0.00176249
2.169  -0.00176249
2.17  -0.00176249
2.171  -0.00176249
2.172  -0.00176249
2.173  -0.00176249
2.174  -0.00176249
2.175  -0.00176249
2.176  -0.00176249
2.177  -0.00176249
2.178  -0.00176249
2.179  -0.00176249
2.18  -0.00176249
2.181  -0.00176249
2.182  -0.00176249
2.183  -0.00176249
2.184  -0.00176249
2.185  -0.00176249
2.186  -0.00176249
2.187  -0.00176249
2.188  -0.00176249
2.189  -0.00176249
2.19  -0.00176249
2.191  -0.00176249
2.192  -0.00176249
2.193  -0.00176249
2.194  -0.00176249
2.195  -0.00176249
2.196  -0.00176249
2.197  -0.00176249
2.198  -0.00176249
2.199  -0.00176249
2.2  -0.00176249
2.201  -0.00176249
2.202  -0.00176249
2.203  -0.00176249
2.204  -0.00176249
2.205  -0.00176249
2.206  -0.00176249
2.207  -0.00176249
2.208  -0.00176249
2.209  -0.00176249
2.21  -0.00176249
2.211  -0.00176249
2.212  -0.00176249
2.213  -0.00176249
2.214  -0.00176249
2.215  -0.00176249
2.216  -0.00176249
2.217  -0.00176249
2.218  -0.00176249
2.219  -0.00176249
2.22  -0.00176249
2.221  -0.00176249
2.222  -0.00176249
2.223  -0.00176249
2.224  -0.00176249
2.225  -0.00176249
2.226  -0.00176249
2.227  -0.00176249
2.228  -0.00176249
2.229  -0.00176249
2.23  -0.00176249
2.231  -0.00176249
2.232  -0.00176249
2.233  -0.00176249
2.234  -0.00176249
2.235  -0.00176249
2.236  -0.00176249
2.237  -0.00176249
2.238  -0.00176249
2.239  -0.00176249
2.24  -0.00176249
2.241  -0.00176249
2.242  -0.00176249
2.243  -0.00176249
2.244  -0.00176249
2.245  -0.00176249
2.246  -0.00176249
2.247  -0.00176249
2.248  -0.00176249
2.249  -0.00176249
2.25  -0.00176249
2.251  -0.00176249
2.252  -0.00176249
2.253  -0.00176249
2.254  -0.00176249
2.255  -0.00176249
2.256  -0.00176249
2.257  -0.00176249
2.258  -0.00176249
2.259  -0.00176249
2.26  -0.00176249
2.261  -0.00176249
2.262  -0.00176249
2.263  -0.00176249
2.264  -0.00176249
2.265  -0.00176249
2.266  -0.00176249
2.267  -0.00176249
2.268  -0.00176249
2.269  -0.00176249
2.27  -0.00176249
2.271  -0.00176249
2.272  -0.00176249
2.273  -0.00176249
2.274  -0.00176249
2.275  -0.00176249
2.276  -0.00176249
2.277  -0.00176249
2.278  -0.00176249
2.279  -0.00176249
2.28  -0.00176249
2.281  -0.00176249
2.282  -0.00176249
2.283  -0.00176249
2.284  -0.00176249
2.285  -0.00176249
2.286  -0.00176249
2.287  -0.00176249
2.288  -0.00176249
2.289  -0.00176249
2.29  -0.00176249
2.291  -0.00176249
2.292  -0.00176249
2.293  -0.00176249
2.294  -0.00176249
2.295  -0.00176249
2.296  -0.00176249
2.297  -0.00176249
2.298  -0.00176249
2.299  -0.00176249
2.3  -0.00176249
2.301  -0.00176249
2.302  -0.00176249
2.303  -0.00176249
2.304  -0.00176249
2.305  -0.00176249
2.306  -0.00176249
2.307  -0.00176249
2.308  -0.00176249
2.309  -0.00176249
2.31  -0.00176249
2.311  -0.00176249
2.312  -0.00176249
2.313  -0.00176249
2.314  -0.00176249
2.315  -0.00176249
2.316  -0.00176249
2.317  -0.00176249
2.318  -0.00176249
2.319  -0.00176249
2.32  -0.00176249
2.321  -0.00176249
2.322  -0.00176249
2.323  -0.00176249
2.324  -0.00176249
2.325  -0.00176249
2.326  -0.00176249
2.327  -0.00176249
2.328  -0.00176249
2.329  -0.00176249
2.33  -0.00176249
2.331  -0.00176249
2.332  -0.00176249
2.333  -0.00176249
2.334  -0.00176249
2.335  -0.00176249
2.336  -0.00176249
2.337  -0.00176249
2.338  -0.00176249
2.339  -0.00176249
2.34  -0.00176249
2.341  -0.00176249
2.342  -0.00176249
2.343  -0.00176249
2.344  -0.00176249
2.345  -0.00176249
2.346  -0.00176249
2.347  -0.00176249
2.348  -0.00176249
2.349  -0.00176249
2.35  -0.00176249
2.351  -0.00176249
2.352  -0.00176249
2.353  -0.00176249
2.354  -0.00176249
2.355  -0.00176249
2.356  -0.00176249
2.357  -0.00176249
2.358  -0.00176249
2.359  -0.00176249
2.36  -0.00176249
2.361  -0.00176249
2.362  -0.00176249
2.363  -0.00176249
2.364  -0.00176249
2.365  -0.00176249
2.366  -0.00176249
2.367  -0.00176249
2.368  -0.00176249
2.369  -0.00176249
2.37  -0.00176249
2.371  -0.00176249
2.372  -0.00176249
2.373  -0.00176249
2.374  -0.00176249
2.375  -0.00176249
2.376  -0.00176249
2.377  -0.00176249
2.378  -0.00176249
2.379  -0.00176249
2.38  -0.00176249
2.381  -0.00176249
2.382  -0.00176249
2.383  -0.00176249
2.384  -0.00176249
2.385  -0.00176249
2.386  -0.00176249
2.387  -0.00176249
2.388  -0.00176249
2.389  -0.00176249
2.39  -0.00176249
2.391  -0.00176249
2.392  -0.00176249
2.393  -0.00176249
2.394  -0.00176249
2.395  -0.00176249
2.396  -0.00176249
2.397  -0.00176249
2.398  -0.00176249
2.399  -0.00176249
2.4  -0.00176249
2.401  -0.00176249
2.402  -0.00176249
2.403  -0.00176249
2.404  -0.00176249
2.405  -0.00176249
2.406  -0.00176249
2.407  -0.00176249
2.408  -0.00176249
2.409  -0.00176249
2.41  -0.00176249
2.411  -0.00176249
2.412  -0.00176249
2.413  -0.00176249
2.414  -0.00176249
2.415  -0.00176249
2.416  -0.00176249
2.417  -0.00176249
2.418  -0.00176249
2.419  -0.00176249
2.42  -0.00176249
2.421  -0.00176249
2.422  -0.00176249
2.423  -0.00176249
2.424  -0.00176249
2.425  -0.00176249
2.426  -0.00176249
2.427  -0.00176249
2.428  -0.00176249
2.429  -0.00176249
2.43  -0.00176249
2.431  -0.00176249
2.432  -0.00176249
2.433  -0.00176249
2.434  -0.00176249
2.435  -0.00176249
2.436  -0.00176249
2.437  -0.00176249
2.438  -0.00176249
2.439  -0.00176249
2.44  -0.00176249
2.441  -0.00176249
2.442  -0.00176249
2.443  -0.00176249
2.444  -0.00176249
2.445  -0.00176249
2.446  -0.00176249
2.447  -0.00176249
2.448  -0.00176249
2.449  -0.00176249
2.45  -0.00176249
2.451  -0.00176249
2.452  -0.00176249
2.453  -0.00176249
2.454  -0.00176249
2.455  -0.00176249
2.456  -0.00176249
2.457  -0.00176249
2.458  -0.00176249
2.459  -0.00176249
2.46  -0.00176249
2.461  -0.00176249
2.462  -0.00176249
2.463  -0.00176249
2.464  -0.00176249
2.465  -0.00176249
2.466  -0.00176249
2.467  -0.00176249
2.468  -0.00176249
2.469  -0.00176249
2.47  -0.00176249
2.471  -0.00176249
2.472  -0.00176249
2.473  -0.00176249
2.474  -0.00176249
2.475  -0.00176249
2.476  -0.00176249
2.477  -0.00176249
2.478  -0.00176249
2.479  -0.00176249
2.48  -0.00176249
2.481  -0.00176249
2.482  -0.00176249
2.483  -0.00176249
2.484  -0.00176249
2.485  -0.00176249
2.486  -0.00176249
2.487  -0.00176249
2.488  -0.00176249
2.489  -0.00176249
2.49  -0.00176249
2.491  -0.00176249
2.492  -0.00176249
2.493  -0.00176249
2.494  -0.00176249
2.495  -0.00176249
2.496  -0.00176249
2.497  -0.00176249
2.498  -0.00176249
2.499  -0.00176249
