-1.5  0
-1.499  0
-1.498  0
-1.497  0
-1.496  0
-1.495  0
-1.494  0
-1.493  0
-1.492  0
-1.491  0
-1.49  0
-1.489  0
-1.488  0
-1.487  0
-1.486  0
-1.485  0
-1.484  0
-1.483  0
-1.482  0
-1.481  0
-1.48  0
-1.479  0
-1.478  0
-1.477  0
-1.476  0
-1.475  0
-1.474  0
-1.473  0
-1.472  0
-1.471  0
-1.47  0
-1.469  0
-1.468  0
-1.467  0
-1.466  0
-1.465  0
-1.464  0
-1.463  0
-1.462  0
-1.461  0
-1.46  0
-1.459  0
-1.458  0
-1.457  0
-1.456  0
-1.455  0
-1.454  0
-1.453  0
-1.452  0
-1.451  0
-1.45  0
-1.449  0
-1.448  0
-1.447  0
-1.446  0
-1.445  0
-1.444  0
-1.443  0
-1.442  0
-1.441  0
-1.44  0
-1.439  0
-1.438  0
-1.437  0
-1.436  0
-1.435  0
-1.434  0
-1.433  0
-1.432  0
-1.431  0
-1.43  0
-1.429  0
-1.428  0
-1.427  0
-1.426  0
-1.425  0
-1.424  0
-1.423  0
-1.422  0
-1.421  0
-1.42  0
-1.419  0
-1.418  0
-1.417  0
-1.416  0
-1.415  0
-1.414  0
-1.413  0
-1.412  0
-1.411  0
-1.41  0
-1.409  0
-1.408  0
-1.407  0
-1.406  0
-1.405  0
-1.404  0
-1.403  0
-1.402  0
-1.401  0
-1.4  0
-1.399  0
-1.398  0
-1.397  0
-1.396  0
-1.395  0
-1.394  0
-1.393  0
-1.392  0
-1.391  0
-1.39  0
-1.389  0
-1.388  0
-1.387  0
-1.386  0
-1.385  0
-1.384  0
-1.383  0
-1.382  0
-1.381  0
-1.38  0
-1.379  0
-1.378  0
-1.377  0
-1.376  0
-1.375  0
-1.374  0
-1.373  0
-1.372  0
-1.371  0
-1.37  0
-1.369  0
-1.368  0
-1.367  0
-1.366  0
-1.365  0
-1.364  0
-1.363  0
-1.362  0
-1.361  0
-1.36  0
-1.359  0
-1.358  0
-1.357  0
-1.356  0
-1.355  0
-1.354  0
-1.353  0
-1.352  0
-1.351  0
-1.35  0
-1.349  0
-1.348  0
-1.347  0
-1.346  0
-1.345  0
-1.344  0
-1.343  0
-1.342  0
-1.341  0
-1.34  0
-1.339  0
-1.338  0
-1.337  1.20972e-05
-1.336  2.23287e-06
-1.335  -2.38791e-08
-1.334  3.85815e-06
-1.333  -6.27417e-06
-1.332  -1.41998e-05
-1.331  -1.18882e-05
-1.33  -1.4756e-05
-1.329  -1.84413e-05
-1.328  -2.69294e-05
-1.327  -3.65545e-05
-1.326  -3.88352e-05
-1.325  -4.90731e-05
-1.324  -4.97876e-05
-1.323  -5.40452e-05
-1.322  -5.37749e-05
-1.321  -6.04543e-05
-1.32  -6.80891e-05
-1.319  -7.9801e-05
-1.318  -0.000100116
-1.317  -9.26795e-05
-1.316  -0.000102761
-1.315  -0.00010867
-1.314  -9.97143e-05
-1.313  -9.99961e-05
-1.312  -0.00010617
-1.311  -0.000104132
-1.31  -0.000101569
-1.309  -9.22203e-05
-1.308  -9.14868e-05
-1.307  -9.37931e-05
-1.306  -8.74193e-05
-1.305  -9.35011e-05
-1.304  -9.20314e-05
-1.303  -0.000104974
-1.302  -0.000106069
-1.301  -9.97441e-05
-1.3  -9.20837e-05
-1.299  -8.97403e-05
-1.298  -9.14802e-05
-1.297  -8.76605e-05
-1.296  -8.98705e-05
-1.295  -9.49282e-05
-1.294  -9.4098e-05
-1.293  -9.66226e-05
-1.292  -9.79042e-05
-1.291  -0.000103772
-1.29  -0.00010905
-1.289  -0.00010732
-1.288  -0.000111385
-1.287  -0.000112224
-1.286  -0.000112294
-1.285  -0.000114739
-1.284  -0.000107615
-1.283  -0.000105535
-1.282  -0.000108638
-1.281  -0.000105769
-1.28  -0.000103991
-1.279  -0.000100031
-1.278  -9.78159e-05
-1.277  -9.50463e-05
-1.276  -9.45972e-05
-1.275  -9.44898e-05
-1.274  -9.4696e-05
-1.273  -0.000105096
-1.272  -0.000102121
-1.271  -9.88204e-05
-1.27  -9.39814e-05
-1.269  -9.51686e-05
-1.268  -9.68445e-05
-1.267  -9.40252e-05
-1.266  -9.10261e-05
-1.265  -9.14101e-05
-1.264  -9.35683e-05
-1.263  -9.61609e-05
-1.262  -9.46838e-05
-1.261  -9.41987e-05
-1.26  -9.77618e-05
-1.259  -9.61455e-05
-1.258  -9.83481e-05
-1.257  -9.7113e-05
-1.256  -9.39254e-05
-1.255  -9.40504e-05
-1.254  -8.64659e-05
-1.253  -8.72617e-05
-1.252  -9.07102e-05
-1.251  -9.14e-05
-1.25  -8.55666e-05
-1.249  -7.89122e-05
-1.248  -8.1548e-05
-1.247  -8.33169e-05
-1.246  -8.14643e-05
-1.245  -8.23183e-05
-1.244  -8.24995e-05
-1.243  -9.34341e-05
-1.242  -9.58388e-05
-1.241  -9.53568e-05
-1.24  -9.44569e-05
-1.239  -9.87924e-05
-1.238  -9.89366e-05
-1.237  -9.79032e-05
-1.236  -9.60301e-05
-1.235  -9.81511e-05
-1.234  -0.000101717
-1.233  -0.000103968
-1.232  -0.000104785
-1.231  -0.000105119
-1.23  -0.000107962
-1.229  -0.000105837
-1.228  -0.000104901
-1.227  -0.000101627
-1.226  -9.75644e-05
-1.225  -0.000100905
-1.224  -9.36411e-05
-1.223  -9.24511e-05
-1.222  -9.43031e-05
-1.221  -9.14501e-05
-1.22  -8.78312e-05
-1.219  -8.21994e-05
-1.218  -8.3949e-05
-1.217  -8.50063e-05
-1.216  -8.11212e-05
-1.215  -7.66246e-05
-1.214  -7.68338e-05
-1.213  -8.06489e-05
-1.212  -7.88971e-05
-1.211  -7.84629e-05
-1.21  -7.62632e-05
-1.209  -8.44244e-05
-1.208  -8.40837e-05
-1.207  -8.22943e-05
-1.206  -7.52786e-05
-1.205  -7.34185e-05
-1.204  -7.53038e-05
-1.203  -7.70846e-05
-1.202  -7.9828e-05
-1.201  -8.11922e-05
-1.2  -8.72916e-05
-1.199  -8.60224e-05
-1.198  -8.21269e-05
-1.197  -8.08209e-05
-1.196  -8.16115e-05
-1.195  -8.24066e-05
-1.194  -7.50765e-05
-1.193  -7.82988e-05
-1.192  -8.17791e-05
-1.191  -8.42155e-05
-1.19  -7.96448e-05
-1.189  -7.81426e-05
-1.188  -7.97187e-05
-1.187  -8.59854e-05
-1.186  -8.75536e-05
-1.185  -8.5562e-05
-1.184  -8.56919e-05
-1.183  -9.01566e-05
-1.182  -8.54601e-05
-1.181  -8.77393e-05
-1.18  -8.67235e-05
-1.179  -9.26662e-05
-1.178  -9.13798e-05
-1.177  -8.90177e-05
-1.176  -8.65021e-05
-1.175  -8.9538e-05
-1.174  -9.14201e-05
-1.173  -9.10473e-05
-1.172  -8.95182e-05
-1.171  -8.88026e-05
-1.17  -9.27356e-05
-1.169  -9.56853e-05
-1.168  -8.85796e-05
-1.167  -9.0216e-05
-1.166  -9.17814e-05
-1.165  -9.10588e-05
-1.164  -8.42229e-05
-1.163  -8.96644e-05
-1.162  -8.76365e-05
-1.161  -8.9664e-05
-1.16  -8.88091e-05
-1.159  -8.99205e-05
-1.158  -9.38546e-05
-1.157  -9.72159e-05
-1.156  -9.70222e-05
-1.155  -9.56439e-05
-1.154  -9.56855e-05
-1.153  -0.000102546
-1.152  -9.89349e-05
-1.151  -0.000101904
-1.15  -0.000100489
-1.149  -0.000102709
-1.148  -0.000101054
-1.147  -9.6225e-05
-1.146  -9.53918e-05
-1.145  -9.5869e-05
-1.144  -9.67739e-05
-1.143  -9.64141e-05
-1.142  -9.60274e-05
-1.141  -9.88193e-05
-1.14  -9.9848e-05
-1.139  -9.77495e-05
-1.138  -9.78547e-05
-1.137  -9.71592e-05
-1.136  -9.34833e-05
-1.135  -9.47599e-05
-1.134  -8.78264e-05
-1.133  -9.43826e-05
-1.132  -9.31828e-05
-1.131  -9.50347e-05
-1.13  -9.92064e-05
-1.129  -9.69086e-05
-1.128  -0.000105581
-1.127  -0.000109491
-1.126  -0.000113036
-1.125  -0.00011187
-1.124  -0.00011218
-1.123  -0.0001163
-1.122  -0.000111528
-1.121  -0.000108774
-1.12  -0.000109341
-1.119  -0.000104297
-1.118  -0.000104156
-1.117  -0.000106384
-1.116  -0.000103128
-1.115  -0.000103078
-1.114  -9.91998e-05
-1.113  -9.96981e-05
-1.112  -9.70019e-05
-1.111  -9.42314e-05
-1.11  -9.78626e-05
-1.109  -9.14662e-05
-1.108  -8.87922e-05
-1.107  -8.57999e-05
-1.106  -8.14479e-05
-1.105  -8.40264e-05
-1.104  -8.20556e-05
-1.103  -8.12095e-05
-1.102  -8.77263e-05
-1.101  -9.02067e-05
-1.1  -9.28301e-05
-1.099  -9.26466e-05
-1.098  -9.52666e-05
-1.097  -9.76798e-05
-1.096  -9.86927e-05
-1.095  -9.55491e-05
-1.094  -9.4778e-05
-1.093  -9.63198e-05
-1.092  -9.62755e-05
-1.091  -9.15524e-05
-1.09  -9.23312e-05
-1.089  -8.86409e-05
-1.088  -9.12177e-05
-1.087  -9.50305e-05
-1.086  -9.10699e-05
-1.085  -8.85796e-05
-1.084  -8.94179e-05
-1.083  -8.90401e-05
-1.082  -8.75014e-05
-1.081  -8.96124e-05
-1.08  -9.00934e-05
-1.079  -8.37997e-05
-1.078  -8.4993e-05
-1.077  -8.32568e-05
-1.076  -8.2621e-05
-1.075  -8.54293e-05
-1.074  -8.74544e-05
-1.073  -8.31504e-05
-1.072  -8.69524e-05
-1.071  -8.6705e-05
-1.07  -8.82613e-05
-1.069  -8.44698e-05
-1.068  -9.01932e-05
-1.067  -9.08764e-05
-1.066  -9.3294e-05
-1.065  -9.01885e-05
-1.064  -8.70366e-05
-1.063  -8.38575e-05
-1.062  -8.08818e-05
-1.061  -8.34019e-05
-1.06  -8.93238e-05
-1.059  -8.85945e-05
-1.058  -8.91538e-05
-1.057  -9.51898e-05
-1.056  -9.47059e-05
-1.055  -9.20062e-05
-1.054  -9.47673e-05
-1.053  -9.65516e-05
-1.052  -9.8675e-05
-1.051  -9.94339e-05
-1.05  -0.000100366
-1.049  -8.9458e-05
-1.048  -9.06019e-05
-1.047  -8.90007e-05
-1.046  -8.68118e-05
-1.045  -9.3476e-05
-1.044  -9.78429e-05
-1.043  -9.53512e-05
-1.042  -9.54459e-05
-1.041  -9.18423e-05
-1.04  -9.16816e-05
-1.039  -9.50613e-05
-1.038  -9.63514e-05
-1.037  -9.86417e-05
-1.036  -9.85531e-05
-1.035  -9.70198e-05
-1.034  -9.17723e-05
-1.033  -8.87569e-05
-1.032  -8.908e-05
-1.031  -9.15352e-05
-1.03  -9.83483e-05
-1.029  -9.73477e-05
-1.028  -9.97542e-05
-1.027  -0.00010371
-1.026  -9.74287e-05
-1.025  -9.51027e-05
-1.024  -9.64433e-05
-1.023  -9.71303e-05
-1.022  -9.83892e-05
-1.021  -0.000101726
-1.02  -9.9114e-05
-1.019  -9.03663e-05
-1.018  -8.45864e-05
-1.017  -7.98345e-05
-1.016  -7.64452e-05
-1.015  -8.54021e-05
-1.014  -8.76758e-05
-1.013  -8.6081e-05
-1.012  -8.63281e-05
-1.011  -8.52784e-05
-1.01  -8.62102e-05
-1.009  -8.38834e-05
-1.008  -8.85796e-05
-1.007  -9.45144e-05
-1.006  -9.51001e-05
-1.005  -9.51989e-05
-1.004  -9.2071e-05
-1.003  -9.21708e-05
-1.002  -9.10191e-05
-1.001  -9.05562e-05
-1  -9.7426e-05
-0.999  -9.66317e-05
-0.998  -0.000103317
-0.997  -0.000105935
-0.996  -0.000100152
-0.995  -0.000104913
-0.994  -0.00010455
-0.993  -0.00010577
-0.992  -0.000106809
-0.991  -0.00011187
-0.99  -0.000110596
-0.989  -0.00010518
-0.988  -0.00010138
-0.987  -0.000101468
-0.986  -9.59053e-05
-0.985  -0.000100421
-0.984  -9.97492e-05
-0.983  -9.86119e-05
-0.982  -0.000102498
-0.981  -0.00010345
-0.98  -0.000107833
-0.979  -0.000104448
-0.978  -0.00010932
-0.977  -0.000112062
-0.976  -0.000106768
-0.975  -0.000108339
-0.974  -0.000103736
-0.973  -0.000101198
-0.972  -9.80151e-05
-0.971  -0.000101095
-0.97  -0.000103721
-0.969  -9.91794e-05
-0.968  -9.82526e-05
-0.967  -0.000101183
-0.966  -9.77934e-05
-0.965  -0.000103081
-0.964  -0.000101394
-0.963  -9.96123e-05
-0.962  -9.74577e-05
-0.961  -9.95866e-05
-0.96  -9.98546e-05
-0.959  -9.81565e-05
-0.958  -9.94323e-05
-0.957  -0.000100097
-0.956  -9.57437e-05
-0.955  -0.000105997
-0.954  -0.000104047
-0.953  -0.000104458
-0.952  -0.000106214
-0.951  -0.000108231
-0.95  -0.000111708
-0.949  -0.000110167
-0.948  -0.000115327
-0.947  -0.000114362
-0.946  -0.000110159
-0.945  -0.000112784
-0.944  -0.000112429
-0.943  -0.000116274
-0.942  -0.000112626
-0.941  -0.000109258
-0.94  -0.00010804
-0.939  -0.000103526
-0.938  -0.00010817
-0.937  -0.000109072
-0.936  -0.000102637
-0.935  -0.000109171
-0.934  -0.000108638
-0.933  -0.000106949
-0.932  -0.00010347
-0.931  -0.000106354
-0.93  -0.0001077
-0.929  -0.000107162
-0.928  -0.000109261
-0.927  -0.00011121
-0.926  -0.000106854
-0.925  -0.000112118
-0.924  -0.000104892
-0.923  -0.000108165
-0.922  -0.000116756
-0.921  -0.000118192
-0.92  -0.000121846
-0.919  -0.000115726
-0.918  -0.000120383
-0.917  -0.000118734
-0.916  -0.000114772
-0.915  -0.000117078
-0.914  -0.000117844
-0.913  -0.000122429
-0.912  -0.000119413
-0.911  -0.000118508
-0.91  -0.000113151
-0.909  -0.000112728
-0.908  -0.000116672
-0.907  -0.000115732
-0.906  -0.000110331
-0.905  -0.00011532
-0.904  -0.000112816
-0.903  -0.000110829
-0.902  -0.000111558
-0.901  -0.000109205
-0.9  -0.000110355
-0.899  -0.00010957
-0.898  -0.000109874
-0.897  -0.000111096
-0.896  -0.00010332
-0.895  -0.000103523
-0.894  -9.88937e-05
-0.893  -0.000101642
-0.892  -0.000105467
-0.891  -0.000112234
-0.89  -0.000111412
-0.889  -0.000106272
-0.888  -0.000109387
-0.887  -0.000107877
-0.886  -0.000105404
-0.885  -0.000106366
-0.884  -0.000106056
-0.883  -0.000108029
-0.882  -0.000110015
-0.881  -0.000108327
-0.88  -0.000106656
-0.879  -0.000111024
-0.878  -0.000116948
-0.877  -0.000120438
-0.876  -0.000116175
-0.875  -0.000117073
-0.874  -0.000113753
-0.873  -0.000113526
-0.872  -0.000111307
-0.871  -0.000112705
-0.87  -0.000110525
-0.869  -0.000109491
-0.868  -0.000112579
-0.867  -0.000114879
-0.866  -0.000111682
-0.865  -0.000114209
-0.864  -0.000108982
-0.863  -0.000110418
-0.862  -0.000112564
-0.861  -0.000115074
-0.86  -0.000112502
-0.859  -0.000104028
-0.858  -0.000103267
-0.857  -0.000103832
-0.856  -0.000100954
-0.855  -0.000104087
-0.854  -0.000104363
-0.853  -0.000106502
-0.852  -0.000107542
-0.851  -0.000109419
-0.85  -0.000108344
-0.849  -0.000111975
-0.848  -0.000116822
-0.847  -0.000117219
-0.846  -0.000112602
-0.845  -0.000112516
-0.844  -0.000107374
-0.843  -0.000109801
-0.842  -0.000109467
-0.841  -0.000109822
-0.84  -0.000106802
-0.839  -0.000106488
-0.838  -0.000108716
-0.837  -0.000110641
-0.836  -0.000106946
-0.835  -0.000102376
-0.834  -9.72734e-05
-0.833  -0.000101329
-0.832  -0.000100759
-0.831  -0.000100729
-0.83  -9.72215e-05
-0.829  -8.96499e-05
-0.828  -8.84251e-05
-0.827  -8.69818e-05
-0.826  -8.57483e-05
-0.825  -8.92937e-05
-0.824  -8.82545e-05
-0.823  -8.94928e-05
-0.822  -9.08314e-05
-0.821  -9.58692e-05
-0.82  -9.49831e-05
-0.819  -9.6688e-05
-0.818  -9.89509e-05
-0.817  -9.88561e-05
-0.816  -0.00010198
-0.815  -0.000104626
-0.814  -9.44696e-05
-0.813  -9.68046e-05
-0.812  -0.000101061
-0.811  -0.000103262
-0.81  -0.00010383
-0.809  -0.00010342
-0.808  -0.000104592
-0.807  -0.000106746
-0.806  -0.000106455
-0.805  -0.000101808
-0.804  -9.81343e-05
-0.803  -0.000102969
-0.802  -0.000102897
-0.801  -0.000104287
-0.8  -0.000104323
-0.799  -0.000103076
-0.798  -0.000105439
-0.797  -0.000103446
-0.796  -0.000103112
-0.795  -0.000104487
-0.794  -0.00010413
-0.793  -0.00010287
-0.792  -0.000102241
-0.791  -0.000105993
-0.79  -0.000107312
-0.789  -0.000108064
-0.788  -0.000110445
-0.787  -0.000111966
-0.786  -0.00011433
-0.785  -0.000118381
-0.784  -0.000109092
-0.783  -0.000108318
-0.782  -0.00011198
-0.781  -0.000107672
-0.78  -0.00010895
-0.779  -0.00010753
-0.778  -0.000107075
-0.777  -0.000110606
-0.776  -0.000109682
-0.775  -0.000105969
-0.774  -0.00010482
-0.773  -0.000106754
-0.772  -0.000104401
-0.771  -0.000108768
-0.77  -0.000107447
-0.769  -0.000107203
-0.768  -0.000105965
-0.767  -0.000105147
-0.766  -0.000100243
-0.765  -9.75042e-05
-0.764  -0.000100617
-0.763  -9.79321e-05
-0.762  -9.71513e-05
-0.761  -0.000100869
-0.76  -0.00010012
-0.759  -9.97659e-05
-0.758  -9.69438e-05
-0.757  -0.000103932
-0.756  -0.000108895
-0.755  -0.000113232
-0.754  -0.000104904
-0.753  -0.000101351
-0.752  -0.0001032
-0.751  -0.000104381
-0.75  -0.000104625
-0.749  -0.000101372
-0.748  -0.00010049
-0.747  -0.000103066
-0.746  -0.000105843
-0.745  -0.000105447
-0.744  -0.000102538
-0.743  -0.000107053
-0.742  -0.000102502
-0.741  -0.000106356
-0.74  -0.000110127
-0.739  -0.000110294
-0.738  -0.000107553
-0.737  -0.000100177
-0.736  -9.33331e-05
-0.735  -9.53188e-05
-0.734  -0.000100185
-0.733  -9.81081e-05
-0.732  -9.63917e-05
-0.731  -0.000101318
-0.73  -0.000100778
-0.729  -0.000102182
-0.728  -0.000106223
-0.727  -0.000109608
-0.726  -0.000107946
-0.725  -0.000112009
-0.724  -0.000107121
-0.723  -0.000107457
-0.722  -0.000109291
-0.721  -0.00010964
-0.72  -0.00010863
-0.719  -0.000104934
-0.718  -0.000107692
-0.717  -0.000112507
-0.716  -0.000113457
-0.715  -0.000114019
-0.714  -0.000109723
-0.713  -0.000113079
-0.712  -0.000105947
-0.711  -0.000110237
-0.71  -0.000112081
-0.709  -0.00010735
-0.708  -0.000107806
-0.707  -0.000102206
-0.706  -9.73676e-05
-0.705  -9.96282e-05
-0.704  -0.000102819
-0.703  -9.94073e-05
-0.702  -9.75475e-05
-0.701  -0.000100402
-0.7  -0.000106657
-0.699  -0.000107577
-0.698  -0.000109526
-0.697  -0.000112685
-0.696  -0.00011003
-0.695  -0.000112424
-0.694  -0.000106077
-0.693  -0.00010868
-0.692  -0.000110232
-0.691  -0.000112264
-0.69  -0.000113556
-0.689  -0.000109346
-0.688  -0.000111198
-0.687  -0.000117852
-0.686  -0.000116475
-0.685  -0.000114872
-0.684  -0.000114244
-0.683  -0.000117185
-0.682  -0.000115486
-0.681  -0.000113923
-0.68  -0.000117727
-0.679  -0.000114536
-0.678  -0.000110211
-0.677  -0.000106497
-0.676  -0.000102124
-0.675  -0.000106294
-0.674  -0.000108099
-0.673  -0.000109786
-0.672  -0.000107972
-0.671  -0.000109315
-0.67  -0.000111961
-0.669  -0.000113392
-0.668  -0.000112771
-0.667  -0.000114599
-0.666  -0.000109584
-0.665  -0.000108259
-0.664  -0.000101246
-0.663  -9.94114e-05
-0.662  -0.000101566
-0.661  -0.000100858
-0.66  -9.54354e-05
-0.659  -9.48522e-05
-0.658  -9.76533e-05
-0.657  -0.000107201
-0.656  -0.000107183
-0.655  -0.000106611
-0.654  -0.000105363
-0.653  -0.000103797
-0.652  -0.000100024
-0.651  -9.60046e-05
-0.65  -0.000102271
-0.649  -9.90424e-05
-0.648  -9.74799e-05
-0.647  -9.76186e-05
-0.646  -9.87731e-05
-0.645  -0.000103343
-0.644  -0.000107001
-0.643  -0.000107296
-0.642  -0.000106959
-0.641  -0.000110784
-0.64  -0.000110865
-0.639  -0.000113246
-0.638  -0.000106809
-0.637  -0.000104681
-0.636  -0.000100413
-0.635  -9.57035e-05
-0.634  -9.29174e-05
-0.633  -9.37999e-05
-0.632  -0.00010267
-0.631  -0.00010005
-0.63  -9.6202e-05
-0.629  -9.54931e-05
-0.628  -9.84953e-05
-0.627  -0.000102462
-0.626  -0.000106787
-0.625  -0.000105585
-0.624  -0.000105438
-0.623  -0.00010345
-0.622  -0.000105161
-0.621  -0.000104135
-0.62  -0.000107723
-0.619  -0.000106572
-0.618  -0.000109458
-0.617  -0.000111837
-0.616  -0.000111198
-0.615  -0.00011317
-0.614  -0.00011442
-0.613  -0.000111185
-0.612  -0.000108636
-0.611  -0.000115584
-0.61  -0.000116367
-0.609  -0.000119292
-0.608  -0.000116685
-0.607  -0.000107585
-0.606  -0.000103954
-0.605  -0.000100597
-0.604  -9.75116e-05
-0.603  -9.61957e-05
-0.602  -0.000103906
-0.601  -0.000101336
-0.6  -0.000100085
-0.599  -9.76036e-05
-0.598  -0.000100268
-0.597  -0.000106392
-0.596  -0.000106672
-0.595  -0.000107254
-0.594  -0.000110401
-0.593  -0.000115364
-0.592  -0.000114415
-0.591  -0.000115505
-0.59  -0.000114015
-0.589  -0.000115794
-0.588  -0.000120609
-0.587  -0.00012171
-0.586  -0.000121684
-0.585  -0.000123547
-0.584  -0.000125672
-0.583  -0.000122588
-0.582  -0.000120713
-0.581  -0.000129584
-0.58  -0.00012907
-0.579  -0.000129233
-0.578  -0.000125255
-0.577  -0.000122791
-0.576  -0.000117776
-0.575  -0.000112976
-0.574  -0.000102398
-0.573  -0.000100286
-0.572  -0.000104165
-0.571  -0.000108867
-0.57  -0.0001081
-0.569  -0.000105667
-0.568  -0.000112151
-0.567  -0.000115072
-0.566  -0.000117845
-0.565  -0.000115835
-0.564  -0.000118695
-0.563  -0.00011924
-0.562  -0.000114682
-0.561  -0.000118867
-0.56  -0.000114695
-0.559  -0.000113537
-0.558  -0.000117176
-0.557  -0.000121123
-0.556  -0.000125964
-0.555  -0.00013729
-0.554  -0.000138947
-0.553  -0.000133962
-0.552  -0.000131444
-0.551  -0.000132078
-0.55  -0.000131851
-0.549  -0.000129164
-0.548  -0.000127716
-0.547  -0.000123272
-0.546  -0.000120315
-0.545  -0.000117653
-0.544  -0.000111183
-0.543  -0.000110255
-0.542  -0.00011336
-0.541  -0.000117613
-0.54  -0.000121598
-0.539  -0.000120887
-0.538  -0.000123527
-0.537  -0.000117412
-0.536  -0.00011707
-0.535  -0.000119919
-0.534  -0.000123913
-0.533  -0.000120791
-0.532  -0.000116185
-0.531  -0.000118929
-0.53  -0.000112711
-0.529  -0.000112172
-0.528  -0.000118484
-0.527  -0.000119451
-0.526  -0.000122848
-0.525  -0.000131487
-0.524  -0.00013409
-0.523  -0.000127225
-0.522  -0.000124191
-0.521  -0.000126603
-0.52  -0.000127294
-0.519  -0.000129769
-0.518  -0.000134977
-0.517  -0.000128924
-0.516  -0.000124892
-0.515  -0.000123829
-0.514  -0.000121024
-0.513  -0.000124098
-0.512  -0.000126973
-0.511  -0.000134426
-0.51  -0.000135549
-0.509  -0.000131163
-0.508  -0.000134436
-0.507  -0.000127105
-0.506  -0.000126219
-0.505  -0.000124219
-0.504  -0.000126096
-0.503  -0.000125655
-0.502  -0.000116773
-0.501  -0.000114737
-0.5  -0.000107621
-0.499  -0.000105427
-0.498  -0.000107658
-0.497  -0.000104843
-0.496  -0.000106097
-0.495  -0.000110648
-0.494  -0.000110647
-0.493  -0.000107457
-0.492  -0.000105234
-0.491  -0.000106239
-0.49  -0.000107426
-0.489  -0.000109092
-0.488  -0.000118141
-0.487  -0.00011595
-0.486  -0.000112141
-0.485  -0.000111061
-0.484  -0.000109919
-0.483  -0.000111958
-0.482  -0.000117087
-0.481  -0.00012307
-0.48  -0.000124656
-0.479  -0.000122718
-0.478  -0.000130655
-0.477  -0.000127583
-0.476  -0.000125657
-0.475  -0.000125102
-0.474  -0.000123296
-0.473  -0.000124912
-0.472  -0.000121077
-0.471  -0.000115644
-0.47  -0.000108406
-0.469  -0.000105419
-0.468  -0.000103534
-0.467  -0.000105036
-0.466  -0.000108513
-0.465  -0.000110621
-0.464  -0.000111539
-0.463  -0.000108798
-0.462  -0.000105242
-0.461  -0.000104716
-0.46  -0.000106644
-0.459  -0.000106914
-0.458  -0.000110041
-0.457  -0.000109988
-0.456  -0.000106814
-0.455  -0.000109973
-0.454  -0.000105357
-0.453  -0.000104825
-0.452  -0.000111905
-0.451  -0.000120066
-0.45  -0.000117039
-0.449  -0.000116347
-0.448  -0.000119109
-0.447  -0.000116801
-0.446  -0.000114891
-0.445  -0.000116754
-0.444  -0.000114908
-0.443  -0.000117063
-0.442  -0.000115417
-0.441  -0.000108994
-0.44  -9.82693e-05
-0.439  -0.000100125
-0.438  -0.000103085
-0.437  -0.000104362
-0.436  -0.000102821
-0.435  -0.000104305
-0.434  -0.00010586
-0.433  -0.000106507
-0.432  -0.000103847
-0.431  -0.000106225
-0.43  -0.000107625
-0.429  -0.000110527
-0.428  -0.000108746
-0.427  -0.000107038
-0.426  -0.000103751
-0.425  -0.000107896
-0.424  -0.000102652
-0.423  -9.91407e-05
-0.422  -0.000106595
-0.421  -0.000115759
-0.42  -0.000106994
-0.419  -0.000102501
-0.418  -0.000103822
-0.417  -0.000103275
-0.416  -0.000102418
-0.415  -0.000102456
-0.414  -9.71965e-05
-0.413  -9.42175e-05
-0.412  -8.66814e-05
-0.411  -8.56465e-05
-0.41  -7.75197e-05
-0.409  -8.23664e-05
-0.408  -8.95269e-05
-0.407  -9.20001e-05
-0.406  -8.95892e-05
-0.405  -9.54758e-05
-0.404  -9.83435e-05
-0.403  -9.94413e-05
-0.402  -9.73972e-05
-0.401  -0.000105233
-0.4  -0.000107488
-0.399  -0.000109095
-0.398  -0.000111038
-0.397  -0.000108589
-0.396  -0.000105461
-0.395  -0.000108698
-0.394  -0.000107334
-0.393  -0.000111938
-0.392  -0.000118477
-0.391  -0.000122999
-0.39  -0.000116626
-0.389  -0.000111936
-0.388  -0.000111103
-0.387  -0.000111669
-0.386  -0.000105443
-0.385  -0.000105023
-0.384  -0.000103117
-0.383  -9.91728e-05
-0.382  -9.5253e-05
-0.381  -9.58898e-05
-0.38  -9.30273e-05
-0.379  -9.30093e-05
-0.378  -0.000101314
-0.377  -0.000103744
-0.376  -0.000104774
-0.375  -0.000107718
-0.374  -0.000106795
-0.373  -0.000107217
-0.372  -0.000110391
-0.371  -0.000116159
-0.37  -0.000116652
-0.369  -0.000117965
-0.368  -0.000118777
-0.367  -0.000120185
-0.366  -0.000115051
-0.365  -0.000113297
-0.364  -0.000115327
-0.363  -0.000121182
-0.362  -0.000118169
-0.361  -0.000120784
-0.36  -0.000116208
-0.359  -0.000108719
-0.358  -0.000108293
-0.357  -0.000105748
-0.356  -0.000106094
-0.355  -0.000105574
-0.354  -0.000100716
-0.353  -9.5365e-05
-0.352  -9.04515e-05
-0.351  -8.83197e-05
-0.35  -8.88579e-05
-0.349  -9.03223e-05
-0.348  -9.6101e-05
-0.347  -9.94478e-05
-0.346  -0.000100257
-0.345  -0.000102721
-0.344  -9.83174e-05
-0.343  -9.87752e-05
-0.342  -0.000102971
-0.341  -0.000104772
-0.34  -0.000107102
-0.339  -0.000109995
-0.338  -0.00010936
-0.337  -0.000108449
-0.336  -0.000106806
-0.335  -0.000110701
-0.334  -0.000112837
-0.333  -0.000117454
-0.332  -0.000123634
-0.331  -0.000124006
-0.33  -0.0001165
-0.329  -0.00010845
-0.328  -0.000108605
-0.327  -0.000110491
-0.326  -0.000106838
-0.325  -0.000106247
-0.324  -0.000110701
-0.323  -0.000102649
-0.322  -0.000104159
-0.321  -9.92841e-05
-0.32  -0.000101689
-0.319  -0.00010767
-0.318  -0.000114361
-0.317  -0.000119787
-0.316  -0.000116114
-0.315  -0.00011489
-0.314  -0.000113116
-0.313  -0.000109766
-0.312  -0.000110127
-0.311  -0.000116112
-0.31  -0.000118801
-0.309  -0.000122699
-0.308  -0.000122679
-0.307  -0.000125927
-0.306  -0.000122405
-0.305  -0.000120936
-0.304  -0.00012554
-0.303  -0.000128763
-0.302  -0.000136594
-0.301  -0.000134416
-0.3  -0.000125454
-0.299  -0.000119165
-0.298  -0.000117219
-0.297  -0.000118557
-0.296  -0.000117793
-0.295  -0.000117574
-0.294  -0.000118371
-0.293  -0.000113602
-0.292  -0.00011312
-0.291  -0.000112241
-0.29  -0.000113536
-0.289  -0.000112025
-0.288  -0.000113891
-0.287  -0.000118958
-0.286  -0.000114359
-0.285  -0.000110339
-0.284  -0.000107361
-0.283  -0.000106492
-0.282  -0.000106252
-0.281  -0.000113279
-0.28  -0.000110416
-0.279  -0.000112699
-0.278  -0.000110364
-0.277  -0.000117073
-0.276  -0.000114213
-0.275  -0.000114035
-0.274  -0.000118415
-0.273  -0.000119853
-0.272  -0.000125341
-0.271  -0.000125535
-0.27  -0.000124611
-0.269  -0.00012016
-0.268  -0.000114521
-0.267  -0.000119464
-0.266  -0.000119072
-0.265  -0.00011829
-0.264  -0.000119838
-0.263  -0.000115263
-0.262  -0.000114782
-0.261  -0.000116854
-0.26  -0.000120265
-0.259  -0.000121542
-0.258  -0.000118586
-0.257  -0.000121778
-0.256  -0.000117762
-0.255  -0.000109562
-0.254  -0.000105129
-0.253  -0.000105117
-0.252  -0.000104768
-0.251  -0.000111389
-0.25  -0.000111184
-0.249  -0.000113225
-0.248  -0.000109666
-0.247  -0.000112789
-0.246  -0.000112495
-0.245  -0.000111214
-0.244  -0.000115274
-0.243  -0.000114543
-0.242  -0.000120403
-0.241  -0.000119363
-0.24  -0.000114846
-0.239  -0.000113623
-0.238  -0.000108883
-0.237  -0.000113067
-0.236  -0.000116424
-0.235  -0.000120114
-0.234  -0.000117135
-0.233  -0.00010895
-0.232  -0.000106299
-0.231  -0.000105066
-0.23  -0.000109447
-0.229  -0.00010905
-0.228  -0.000110272
-0.227  -0.000109356
-0.226  -0.000104951
-0.225  -0.000100285
-0.224  -9.6659e-05
-0.223  -9.34108e-05
-0.222  -9.14537e-05
-0.221  -9.79587e-05
-0.22  -9.69765e-05
-0.219  -9.76084e-05
-0.218  -9.28555e-05
-0.217  -9.87278e-05
-0.216  -9.90229e-05
-0.215  -0.000104477
-0.214  -0.000111392
-0.213  -0.000108401
-0.212  -0.000109105
-0.211  -0.000106786
-0.21  -0.000104183
-0.209  -0.000106901
-0.208  -0.000109239
-0.207  -0.000108884
-0.206  -0.000113289
-0.205  -0.000113299
-0.204  -0.000114084
-0.203  -0.000105532
-0.202  -0.000105042
-0.201  -0.000105385
-0.2  -0.000112631
-0.199  -0.000115706
-0.198  -0.000114072
-0.197  -0.00010882
-0.196  -0.000102778
-0.195  -9.6911e-05
-0.194  -9.28516e-05
-0.193  -9.7853e-05
-0.192  -9.93647e-05
-0.191  -0.000103846
-0.19  -9.95707e-05
-0.189  -9.76575e-05
-0.188  -9.36236e-05
-0.187  -9.58317e-05
-0.186  -0.000101394
-0.185  -0.000102342
-0.184  -0.000111182
-0.183  -0.000106213
-0.182  -0.00010595
-0.181  -0.000102533
-0.18  -9.97618e-05
-0.179  -0.000101147
-0.178  -0.000105728
-0.177  -0.000108007
-0.176  -0.000109898
-0.175  -0.000113104
-0.174  -0.000111227
-0.173  -0.00010772
-0.172  -0.000110551
-0.171  -0.000115004
-0.17  -0.000117056
-0.169  -0.000121863
-0.168  -0.000117165
-0.167  -0.000111579
-0.166  -0.0001081
-0.165  -0.00010241
-0.164  -0.000104393
-0.163  -0.000107859
-0.162  -0.000104422
-0.161  -0.000105788
-0.16  -0.00010156
-0.159  -9.99508e-05
-0.158  -9.2362e-05
-0.157  -9.7825e-05
-0.156  -9.83654e-05
-0.155  -0.000100624
-0.154  -0.000104809
-0.153  -9.74193e-05
-0.152  -9.34257e-05
-0.151  -9.47687e-05
-0.15  -9.5752e-05
-0.149  -9.68128e-05
-0.148  -9.76905e-05
-0.147  -9.96063e-05
-0.146  -0.000100838
-0.145  -9.93998e-05
-0.144  -9.34427e-05
-0.143  -9.59105e-05
-0.142  -0.000100205
-0.141  -0.000109054
-0.14  -0.000112186
-0.139  -0.000117278
-0.138  -0.000110789
-0.137  -0.000106577
-0.136  -0.000102007
-0.135  -9.50312e-05
-0.134  -9.90921e-05
-0.133  -0.000103708
-0.132  -9.90809e-05
-0.131  -0.000100507
-0.13  -0.000100741
-0.129  -0.000104771
-0.128  -9.6268e-05
-0.127  -9.84605e-05
-0.126  -9.95982e-05
-0.125  -0.00010291
-0.124  -0.000105532
-0.123  -9.67242e-05
-0.122  -8.97104e-05
-0.121  -8.65655e-05
-0.12  -8.77006e-05
-0.119  -8.94422e-05
-0.118  -9.15218e-05
-0.117  -0.000101159
-0.116  -0.000121665
-0.115  -0.000153658
-0.114  -0.000209103
-0.113  -0.000307806
-0.112  -0.000454574
-0.111  -0.000668848
-0.11  -0.000962076
-0.109  -0.00136746
-0.108  -0.00189856
-0.107  -0.00259049
-0.106  -0.00346837
-0.105  -0.00455791
-0.104  -0.00592558
-0.103  -0.00757655
-0.102  -0.00956514
-0.101  -0.0119102
-0.1  -0.0146648
-0.099  -0.0178617
-0.098  -0.0215227
-0.097  -0.0257086
-0.096  -0.0304009
-0.095  -0.0356683
-0.094  -0.0415161
-0.093  -0.0479298
-0.092  -0.0549384
-0.091  -0.0625615
-0.09  -0.070797
-0.089  -0.0796325
-0.088  -0.0890795
-0.087  -0.0991047
-0.086  -0.109703
-0.085  -0.120849
-0.084  -0.132534
-0.083  -0.14471
-0.082  -0.157388
-0.081  -0.170515
-0.08  -0.184059
-0.079  -0.198004
-0.078  -0.2123
-0.077  -0.226984
-0.076  -0.241943
-0.075  -0.257171
-0.074  -0.272684
-0.073  -0.288425
-0.072  -0.304381
-0.071  -0.320478
-0.07  -0.33673
-0.069  -0.353096
-0.068  -0.369557
-0.067  -0.386095
-0.066  -0.402651
-0.065  -0.419224
-0.064  -0.435793
-0.063  -0.452308
-0.062  -0.468748
-0.061  -0.485133
-0.06  -0.501396
-0.059  -0.517522
-0.058  -0.533478
-0.057  -0.549287
-0.056  -0.564904
-0.055  -0.580326
-0.054  -0.595518
-0.053  -0.610468
-0.052  -0.625219
-0.051  -0.639708
-0.05  -0.653931
-0.049  -0.667898
-0.048  -0.681595
-0.047  -0.695021
-0.046  -0.708153
-0.045  -0.72103
-0.044  -0.733633
-0.043  -0.745985
-0.042  -0.758029
-0.041  -0.769809
-0.04  -0.781302
-0.039  -0.792529
-0.038  -0.803459
-0.037  -0.814104
-0.036  -0.824465
-0.035  -0.834564
-0.034  -0.844355
-0.033  -0.853855
-0.032  -0.863092
-0.031  -0.872016
-0.03  -0.880646
-0.029  -0.888986
-0.028  -0.897043
-0.027  -0.904815
-0.026  -0.912261
-0.025  -0.919419
-0.024  -0.926265
-0.023  -0.932834
-0.022  -0.939102
-0.021  -0.94506
-0.02  -0.950716
-0.019  -0.956092
-0.018  -0.961205
-0.017  -0.965996
-0.016  -0.97049
-0.015  -0.974718
-0.014  -0.978661
-0.013  -0.9823
-0.012  -0.985673
-0.011  -0.988789
-0.01  -0.9916
-0.009  -0.994162
-0.008  -0.996435
-0.007  -0.998448
-0.006  -1.00018
-0.005  -1.00165
-0.004  -1.00281
-0.003  -1.00375
-0.002  -1.00449
-0.001  -1.00491
0  -1.00508
0.001  -1.00501
0.002  -1.00471
0.003  -1.00417
0.004  -1.0034
0.005  -1.0024
0.006  -1.00119
0.007  -0.999777
0.008  -0.998133
0.009  -0.996305
0.01  -0.994268
0.011  -0.992072
0.012  -0.989679
0.013  -0.987137
0.014  -0.984429
0.015  -0.981575
0.016  -0.978557
0.017  -0.975373
0.018  -0.972082
0.019  -0.9687
0.02  -0.965166
0.021  -0.961523
0.022  -0.957783
0.023  -0.953955
0.024  -0.950031
0.025  -0.946024
0.026  -0.941931
0.027  -0.937776
0.028  -0.93358
0.029  -0.929291
0.03  -0.92494
0.031  -0.920556
0.032  -0.916131
0.033  -0.911642
0.034  -0.907158
0.035  -0.902628
0.036  -0.898052
0.037  -0.893477
0.038  -0.888829
0.039  -0.884199
0.04  -0.879547
0.041  -0.874874
0.042  -0.870169
0.043  -0.865452
0.044  -0.860736
0.045  -0.855984
0.046  -0.851238
0.047  -0.846459
0.048  -0.841692
0.049  -0.836919
0.05  -0.832148
0.051  -0.82734
0.052  -0.82256
0.053  -0.817765
0.054  -0.81297
0.055  -0.808174
0.056  -0.803402
0.057  -0.798623
0.058  -0.79383
0.059  -0.789069
0.06  -0.784332
0.061  -0.779603
0.062  -0.774904
0.063  -0.770205
0.064  -0.765548
0.065  -0.760874
0.066  -0.756234
0.067  -0.751584
0.068  -0.746972
0.069  -0.742388
0.07  -0.737843
0.071  -0.733289
0.072  -0.728754
0.073  -0.724226
0.074  -0.719746
0.075  -0.715261
0.076  -0.710818
0.077  -0.706372
0.078  -0.701955
0.079  -0.697522
0.08  -0.693144
0.081  -0.688748
0.082  -0.684389
0.083  -0.680036
0.084  -0.675732
0.085  -0.671436
0.086  -0.667233
0.087  -0.663003
0.088  -0.658761
0.089  -0.654571
0.09  -0.650444
0.091  -0.646319
0.092  -0.642248
0.093  -0.638184
0.094  -0.634168
0.095  -0.630167
0.096  -0.626212
0.097  -0.622243
0.098  -0.618344
0.099  -0.614456
0.1  -0.610614
0.101  -0.606776
0.102  -0.60299
0.103  -0.599193
0.104  -0.595425
0.105  -0.591648
0.106  -0.587919
0.107  -0.584217
0.108  -0.580539
0.109  -0.576818
0.11  -0.573161
0.111  -0.569495
0.112  -0.565849
0.113  -0.5622
0.114  -0.558579
0.115  -0.554998
0.116  -0.551461
0.117  -0.547921
0.118  -0.544355
0.119  -0.540858
0.12  -0.537374
0.121  -0.533901
0.122  -0.530478
0.123  -0.52707
0.124  -0.523683
0.125  -0.520311
0.126  -0.516983
0.127  -0.513643
0.128  -0.51037
0.129  -0.507081
0.13  -0.503818
0.131  -0.500579
0.132  -0.497362
0.133  -0.494163
0.134  -0.490962
0.135  -0.487784
0.136  -0.484612
0.137  -0.481497
0.138  -0.478361
0.139  -0.475226
0.14  -0.472106
0.141  -0.469
0.142  -0.46591
0.143  -0.462829
0.144  -0.459772
0.145  -0.456729
0.146  -0.453713
0.147  -0.450702
0.148  -0.447704
0.149  -0.444781
0.15  -0.441854
0.151  -0.438937
0.152  -0.436049
0.153  -0.433184
0.154  -0.430307
0.155  -0.427457
0.156  -0.424657
0.157  -0.421855
0.158  -0.419103
0.159  -0.416348
0.16  -0.413601
0.161  -0.41087
0.162  -0.408151
0.163  -0.405442
0.164  -0.402738
0.165  -0.400046
0.166  -0.397354
0.167  -0.394701
0.168  -0.392025
0.169  -0.389364
0.17  -0.386726
0.171  -0.384094
0.172  -0.381467
0.173  -0.378864
0.174  -0.376287
0.175  -0.373669
0.176  -0.371107
0.177  -0.368538
0.178  -0.365995
0.179  -0.363491
0.18  -0.360982
0.181  -0.358486
0.182  -0.356027
0.183  -0.353583
0.184  -0.351112
0.185  -0.34868
0.186  -0.346278
0.187  -0.343856
0.188  -0.341468
0.189  -0.339085
0.19  -0.336716
0.191  -0.334351
0.192  -0.332003
0.193  -0.329656
0.194  -0.327315
0.195  -0.324964
0.196  -0.322617
0.197  -0.320279
0.198  -0.317955
0.199  -0.315645
0.2  -0.31334
0.201  -0.311023
0.202  -0.308733
0.203  -0.306489
0.204  -0.304246
0.205  -0.301954
0.206  -0.299718
0.207  -0.297481
0.208  -0.295271
0.209  -0.293084
0.21  -0.290899
0.211  -0.288723
0.212  -0.286565
0.213  -0.284448
0.214  -0.282306
0.215  -0.280214
0.216  -0.278136
0.217  -0.276045
0.218  -0.273977
0.219  -0.271922
0.22  -0.269906
0.221  -0.267873
0.222  -0.265851
0.223  -0.263844
0.224  -0.261861
0.225  -0.259877
0.226  -0.257919
0.227  -0.255959
0.228  -0.253993
0.229  -0.252063
0.23  -0.250124
0.231  -0.248189
0.232  -0.246289
0.233  -0.244427
0.234  -0.242552
0.235  -0.240689
0.236  -0.238842
0.237  -0.237008
0.238  -0.23521
0.239  -0.233413
0.24  -0.231632
0.241  -0.229868
0.242  -0.228117
0.243  -0.226417
0.244  -0.224699
0.245  -0.22301
0.246  -0.221346
0.247  -0.219694
0.248  -0.218051
0.249  -0.216437
0.25  -0.214854
0.251  -0.213266
0.252  -0.211691
0.253  -0.21013
0.254  -0.208582
0.255  -0.207047
0.256  -0.205534
0.257  -0.204035
0.258  -0.202539
0.259  -0.201066
0.26  -0.199587
0.261  -0.19813
0.262  -0.196686
0.263  -0.195283
0.264  -0.193872
0.265  -0.192484
0.266  -0.191116
0.267  -0.189762
0.268  -0.188427
0.269  -0.187089
0.27  -0.185766
0.271  -0.184473
0.272  -0.183189
0.273  -0.181925
0.274  -0.180676
0.275  -0.179466
0.276  -0.178235
0.277  -0.177044
0.278  -0.175869
0.279  -0.174698
0.28  -0.173563
0.281  -0.172423
0.282  -0.171273
0.283  -0.170143
0.284  -0.169018
0.285  -0.167908
0.286  -0.166811
0.287  -0.165736
0.288  -0.164675
0.289  -0.163613
0.29  -0.162533
0.291  -0.161492
0.292  -0.160465
0.293  -0.159448
0.294  -0.158423
0.295  -0.15743
0.296  -0.15644
0.297  -0.155445
0.298  -0.154481
0.299  -0.153493
0.3  -0.152515
0.301  -0.151586
0.302  -0.150651
0.303  -0.149713
0.304  -0.148774
0.305  -0.147865
0.306  -0.146949
0.307  -0.146063
0.308  -0.145183
0.309  -0.144299
0.31  -0.143428
0.311  -0.142555
0.312  -0.14168
0.313  -0.140798
0.314  -0.139928
0.315  -0.13905
0.316  -0.138187
0.317  -0.137335
0.318  -0.136497
0.319  -0.135655
0.32  -0.134792
0.321  -0.133966
0.322  -0.133129
0.323  -0.132311
0.324  -0.131474
0.325  -0.13066
0.326  -0.129828
0.327  -0.129005
0.328  -0.128197
0.329  -0.127378
0.33  -0.126558
0.331  -0.125769
0.332  -0.124981
0.333  -0.124189
0.334  -0.123385
0.335  -0.122601
0.336  -0.121814
0.337  -0.121036
0.338  -0.120266
0.339  -0.119485
0.34  -0.118687
0.341  -0.117923
0.342  -0.117149
0.343  -0.116377
0.344  -0.115596
0.345  -0.114818
0.346  -0.114048
0.347  -0.113281
0.348  -0.112517
0.349  -0.111766
0.35  -0.111012
0.351  -0.110267
0.352  -0.10952
0.353  -0.108778
0.354  -0.108025
0.355  -0.107284
0.356  -0.106537
0.357  -0.105794
0.358  -0.105072
0.359  -0.104359
0.36  -0.103628
0.361  -0.102916
0.362  -0.10221
0.363  -0.101501
0.364  -0.100791
0.365  -0.100075
0.366  -0.0993983
0.367  -0.0987166
0.368  -0.0980525
0.369  -0.0973611
0.37  -0.0966666
0.371  -0.0959916
0.372  -0.095326
0.373  -0.0946628
0.374  -0.0940045
0.375  -0.0933541
0.376  -0.092726
0.377  -0.0920806
0.378  -0.0914316
0.379  -0.0907988
0.38  -0.0902001
0.381  -0.0895897
0.382  -0.0889857
0.383  -0.0883949
0.384  -0.087807
0.385  -0.0872091
0.386  -0.0866208
0.387  -0.0860235
0.388  -0.0854465
0.389  -0.084896
0.39  -0.0843282
0.391  -0.0837715
0.392  -0.0832317
0.393  -0.0826889
0.394  -0.0821451
0.395  -0.0815929
0.396  -0.081089
0.397  -0.0805847
0.398  -0.0800865
0.399  -0.079559
0.4  -0.0790399
0.401  -0.0785497
0.402  -0.0780524
0.403  -0.0775668
0.404  -0.0770798
0.405  -0.0766072
0.406  -0.0761559
0.407  -0.0756948
0.408  -0.075235
0.409  -0.0747904
0.41  -0.0743797
0.411  -0.0739533
0.412  -0.0735197
0.413  -0.073108
0.414  -0.0726991
0.415  -0.0722866
0.416  -0.0718825
0.417  -0.0714845
0.418  -0.0710866
0.419  -0.0707083
0.42  -0.0703191
0.421  -0.0699519
0.422  -0.0695894
0.423  -0.0692218
0.424  -0.0688645
0.425  -0.0684791
0.426  -0.0681301
0.427  -0.067787
0.428  -0.067459
0.429  -0.0671019
0.43  -0.066744
0.431  -0.0664167
0.432  -0.0660803
0.433  -0.0657506
0.434  -0.0654162
0.435  -0.0650919
0.436  -0.0647836
0.437  -0.0644671
0.438  -0.0641554
0.439  -0.0638488
0.44  -0.0635589
0.441  -0.0632656
0.442  -0.0629592
0.443  -0.0626674
0.444  -0.0623804
0.445  -0.0620915
0.446  -0.061793
0.447  -0.0614888
0.448  -0.0611951
0.449  -0.0609191
0.45  -0.0606338
0.451  -0.0603581
0.452  -0.0600901
0.453  -0.0598037
0.454  -0.0595324
0.455  -0.0592385
0.456  -0.0589624
0.457  -0.058694
0.458  -0.0584274
0.459  -0.058145
0.46  -0.0578545
0.461  -0.0575811
0.462  -0.0573027
0.463  -0.0570358
0.464  -0.0567595
0.465  -0.0564837
0.466  -0.0562194
0.467  -0.0559499
0.468  -0.0556789
0.469  -0.0554124
0.47  -0.0551548
0.471  -0.0548827
0.472  -0.0546201
0.473  -0.0543522
0.474  -0.0540806
0.475  -0.0538129
0.476  -0.0535383
0.477  -0.053257
0.478  -0.052976
0.479  -0.05271
0.48  -0.0524478
0.481  -0.0521829
0.482  -0.0519316
0.483  -0.051675
0.484  -0.0514165
0.485  -0.051141
0.486  -0.0508821
0.487  -0.0506217
0.488  -0.050368
0.489  -0.0501021
0.49  -0.0498251
0.491  -0.0495619
0.492  -0.0493029
0.493  -0.0490558
0.494  -0.0488075
0.495  -0.0485512
0.496  -0.0483012
0.497  -0.0480512
0.498  -0.0478034
0.499  -0.0475548
0.5  -0.0473111
0.501  -0.0470555
0.502  -0.0468011
0.503  -0.046562
0.504  -0.0463217
0.505  -0.0460751
0.506  -0.0458315
0.507  -0.04558
0.508  -0.0453363
0.509  -0.0451072
0.51  -0.0448708
0.511  -0.0446258
0.512  -0.0444141
0.513  -0.0441847
0.514  -0.0439611
0.515  -0.0437331
0.516  -0.0435146
0.517  -0.0432886
0.518  -0.0430753
0.519  -0.0428562
0.52  -0.0426296
0.521  -0.0424103
0.522  -0.0422067
0.523  -0.0420164
0.524  -0.0418121
0.525  -0.0416068
0.526  -0.0414048
0.527  -0.0412025
0.528  -0.0410122
0.529  -0.0408209
0.53  -0.0406344
0.531  -0.0404307
0.532  -0.0402376
0.533  -0.0400589
0.534  -0.0398768
0.535  -0.0396864
0.536  -0.039511
0.537  -0.0393366
0.538  -0.0391665
0.539  -0.0390151
0.54  -0.0388548
0.541  -0.0386775
0.542  -0.038526
0.543  -0.0383701
0.544  -0.0382249
0.545  -0.0380823
0.546  -0.0379363
0.547  -0.0377847
0.548  -0.0376402
0.549  -0.037517
0.55  -0.0373665
0.551  -0.0372238
0.552  -0.0370841
0.553  -0.0369672
0.554  -0.036838
0.555  -0.0366999
0.556  -0.0365693
0.557  -0.0364448
0.558  -0.0363109
0.559  -0.0361766
0.56  -0.0360523
0.561  -0.035916
0.562  -0.0357858
0.563  -0.0356696
0.564  -0.0355476
0.565  -0.0354213
0.566  -0.0353042
0.567  -0.0351942
0.568  -0.035072
0.569  -0.034972
0.57  -0.0348736
0.571  -0.0347604
0.572  -0.0346632
0.573  -0.0345705
0.574  -0.0344909
0.575  -0.0343987
0.576  -0.0342936
0.577  -0.0341942
0.578  -0.0341069
0.579  -0.0340195
0.58  -0.0339241
0.581  -0.0338352
0.582  -0.0337399
0.583  -0.033659
0.584  -0.033574
0.585  -0.0334762
0.586  -0.0333871
0.587  -0.0332994
0.588  -0.0331989
0.589  -0.0330942
0.59  -0.033002
0.591  -0.0329042
0.592  -0.0328073
0.593  -0.0327029
0.594  -0.032601
0.595  -0.0324965
0.596  -0.0323929
0.597  -0.032295
0.598  -0.0321923
0.599  -0.0320977
0.6  -0.0320048
0.601  -0.0319097
0.602  -0.0318083
0.603  -0.0317202
0.604  -0.031644
0.605  -0.0315476
0.606  -0.0314461
0.607  -0.031359
0.608  -0.0312783
0.609  -0.0311864
0.61  -0.031078
0.611  -0.0309789
0.612  -0.0308869
0.613  -0.0308059
0.614  -0.030721
0.615  -0.0306287
0.616  -0.0305338
0.617  -0.0304495
0.618  -0.0303359
0.619  -0.0302265
0.62  -0.0301178
0.621  -0.0300235
0.622  -0.0299178
0.623  -0.0298053
0.624  -0.0296982
0.625  -0.029585
0.626  -0.029472
0.627  -0.0293488
0.628  -0.0292417
0.629  -0.029136
0.63  -0.0290245
0.631  -0.0289147
0.632  -0.0287919
0.633  -0.0286819
0.634  -0.0285861
0.635  -0.0284792
0.636  -0.028357
0.637  -0.0282622
0.638  -0.0281676
0.639  -0.0280695
0.64  -0.0279529
0.641  -0.0278427
0.642  -0.0277424
0.643  -0.0276463
0.644  -0.0275533
0.645  -0.0274521
0.646  -0.0273662
0.647  -0.0272697
0.648  -0.0271611
0.649  -0.0270647
0.65  -0.0269628
0.651  -0.0268776
0.652  -0.0267736
0.653  -0.0266641
0.654  -0.0265674
0.655  -0.0264694
0.656  -0.0263717
0.657  -0.0262661
0.658  -0.0261607
0.659  -0.026071
0.66  -0.0259752
0.661  -0.025879
0.662  -0.0257699
0.663  -0.0256712
0.664  -0.0255889
0.665  -0.0254943
0.666  -0.0254011
0.667  -0.0253249
0.668  -0.0252466
0.669  -0.0251676
0.67  -0.0250729
0.671  -0.0249901
0.672  -0.0249162
0.673  -0.0248369
0.674  -0.0247689
0.675  -0.0246984
0.676  -0.0246367
0.677  -0.0245762
0.678  -0.0245011
0.679  -0.0244405
0.68  -0.0243674
0.681  -0.0243199
0.682  -0.0242581
0.683  -0.0241788
0.684  -0.0241202
0.685  -0.0240517
0.686  -0.0239828
0.687  -0.0239141
0.688  -0.0238569
0.689  -0.0237973
0.69  -0.0237448
0.691  -0.0236943
0.692  -0.0236294
0.693  -0.0235745
0.694  -0.0235168
0.695  -0.0234672
0.696  -0.023409
0.697  -0.0233587
0.698  -0.0233032
0.699  -0.0232664
0.7  -0.023211
0.701  -0.0231517
0.702  -0.0231133
0.703  -0.0230542
0.704  -0.0230184
0.705  -0.0229773
0.706  -0.0229439
0.707  -0.0229034
0.708  -0.0228661
0.709  -0.022826
0.71  -0.0227766
0.711  -0.0227425
0.712  -0.0227025
0.713  -0.0226477
0.714  -0.022598
0.715  -0.0225579
0.716  -0.0225152
0.717  -0.0224765
0.718  -0.0224405
0.719  -0.0223892
0.72  -0.0223567
0.721  -0.0223197
0.722  -0.0222873
0.723  -0.0222425
0.724  -0.0221994
0.725  -0.0221632
0.726  -0.0221113
0.727  -0.0220638
0.728  -0.0220196
0.729  -0.0219838
0.73  -0.0219493
0.731  -0.0218927
0.732  -0.0218614
0.733  -0.0218149
0.734  -0.0217705
0.735  -0.0217192
0.736  -0.0216734
0.737  -0.0216165
0.738  -0.0215841
0.739  -0.0215338
0.74  -0.0214837
0.741  -0.0214254
0.742  -0.0213863
0.743  -0.0213302
0.744  -0.0212643
0.745  -0.021213
0.746  -0.0211587
0.747  -0.0211036
0.748  -0.0210549
0.749  -0.0209771
0.75  -0.02092
0.751  -0.0208645
0.752  -0.0208096
0.753  -0.0207525
0.754  -0.0206917
0.755  -0.0206365
0.756  -0.0205777
0.757  -0.0205199
0.758  -0.020465
0.759  -0.0204004
0.76  -0.0203568
0.761  -0.0202833
0.762  -0.0202219
0.763  -0.0201574
0.764  -0.0200854
0.765  -0.020019
0.766  -0.0199529
0.767  -0.0198753
0.768  -0.0198298
0.769  -0.0197701
0.77  -0.019707
0.771  -0.0196355
0.772  -0.0195713
0.773  -0.0195105
0.774  -0.0194273
0.775  -0.019355
0.776  -0.0192704
0.777  -0.0191959
0.778  -0.0191326
0.779  -0.0190371
0.78  -0.0189579
0.781  -0.0188961
0.782  -0.0188277
0.783  -0.0187659
0.784  -0.0186976
0.785  -0.0186284
0.786  -0.018556
0.787  -0.0184884
0.788  -0.018416
0.789  -0.0183367
0.79  -0.0182752
0.791  -0.0181952
0.792  -0.0181292
0.793  -0.0180672
0.794  -0.017992
0.795  -0.0179269
0.796  -0.0178578
0.797  -0.0177811
0.798  -0.0177341
0.799  -0.0176818
0.8  -0.0176198
0.801  -0.0175423
0.802  -0.0174797
0.803  -0.017425
0.804  -0.0173568
0.805  -0.0172893
0.806  -0.0172121
0.807  -0.0171447
0.808  -0.0170914
0.809  -0.0170193
0.81  -0.0169591
0.811  -0.0168999
0.812  -0.0168435
0.813  -0.0167907
0.814  -0.0167338
0.815  -0.0166774
0.816  -0.0166187
0.817  -0.0165514
0.818  -0.0164885
0.819  -0.0164136
0.82  -0.0163735
0.821  -0.0163123
0.822  -0.0162435
0.823  -0.0161897
0.824  -0.0161349
0.825  -0.0160815
0.826  -0.0160325
0.827  -0.0159709
0.828  -0.015921
0.829  -0.0158796
0.83  -0.0158292
0.831  -0.0157642
0.832  -0.0157132
0.833  -0.0156693
0.834  -0.0156194
0.835  -0.0155675
0.836  -0.0155213
0.837  -0.0154683
0.838  -0.0154351
0.839  -0.0153789
0.84  -0.0153299
0.841  -0.0152897
0.842  -0.0152501
0.843  -0.0152169
0.844  -0.0151742
0.845  -0.0151302
0.846  -0.0150866
0.847  -0.015035
0.848  -0.0149874
0.849  -0.0149342
0.85  -0.0148996
0.851  -0.0148598
0.852  -0.0148026
0.853  -0.0147581
0.854  -0.0147155
0.855  -0.0146717
0.856  -0.0146268
0.857  -0.0145762
0.858  -0.0145315
0.859  -0.0144892
0.86  -0.0144526
0.861  -0.0143904
0.862  -0.0143381
0.863  -0.014299
0.864  -0.0142594
0.865  -0.0142112
0.866  -0.0141707
0.867  -0.0141187
0.868  -0.014077
0.869  -0.0140216
0.87  -0.0139733
0.871  -0.0139305
0.872  -0.0138882
0.873  -0.0138484
0.874  -0.0137954
0.875  -0.0137474
0.876  -0.0136966
0.877  -0.0136423
0.878  -0.013595
0.879  -0.0135304
0.88  -0.0134839
0.881  -0.0134371
0.882  -0.013372
0.883  -0.0133101
0.884  -0.0132571
0.885  -0.0132106
0.886  -0.0131525
0.887  -0.013097
0.888  -0.0130487
0.889  -0.0129842
0.89  -0.0129422
0.891  -0.012875
0.892  -0.0128125
0.893  -0.0127643
0.894  -0.0127163
0.895  -0.0126582
0.896  -0.0126152
0.897  -0.0125579
0.898  -0.0125044
0.899  -0.0124453
0.9  -0.0123837
0.901  -0.0123334
0.902  -0.0122804
0.903  -0.0122328
0.904  -0.0121694
0.905  -0.0121173
0.906  -0.0120584
0.907  -0.011998
0.908  -0.0119526
0.909  -0.0118849
0.91  -0.0118266
0.911  -0.0117739
0.912  -0.0117048
0.913  -0.0116382
0.914  -0.0115799
0.915  -0.0115174
0.916  -0.0114479
0.917  -0.0113877
0.918  -0.0113302
0.919  -0.0112696
0.92  -0.0112155
0.921  -0.0111489
0.922  -0.0110816
0.923  -0.0110268
0.924  -0.0109734
0.925  -0.0109153
0.926  -0.0108684
0.927  -0.010802
0.928  -0.0107448
0.929  -0.0106905
0.93  -0.0106304
0.931  -0.0105804
0.932  -0.0105331
0.933  -0.010488
0.934  -0.0104214
0.935  -0.010375
0.936  -0.0103284
0.937  -0.0102773
0.938  -0.0102286
0.939  -0.0101709
0.94  -0.010124
0.941  -0.0100781
0.942  -0.0100135
0.943  -0.00994699
0.944  -0.00988717
0.945  -0.00982599
0.946  -0.00976706
0.947  -0.00971007
0.948  -0.0096513
0.949  -0.00959732
0.95  -0.0095455
0.951  -0.0094825
0.952  -0.00942279
0.953  -0.00938088
0.954  -0.00933458
0.955  -0.00927101
0.956  -0.00922898
0.957  -0.00917495
0.958  -0.00912701
0.959  -0.00907444
0.96  -0.00901911
0.961  -0.00898321
0.962  -0.00894626
0.963  -0.00891109
0.964  -0.00885958
0.965  -0.00881941
0.966  -0.00878639
0.967  -0.00874486
0.968  -0.00870319
0.969  -0.00865474
0.97  -0.00861979
0.971  -0.00857728
0.972  -0.00852374
0.973  -0.0084672
0.974  -0.00842322
0.975  -0.0083651
0.976  -0.00831447
0.977  -0.00825872
0.978  -0.00821344
0.979  -0.00816326
0.98  -0.00811363
0.981  -0.00806016
0.982  -0.00800592
0.983  -0.00796381
0.984  -0.00792277
0.985  -0.00785979
0.986  -0.0078262
0.987  -0.00777875
0.988  -0.00773996
0.989  -0.00769074
0.99  -0.00764622
0.991  -0.00761386
0.992  -0.00758342
0.993  -0.00755136
0.994  -0.00751567
0.995  -0.00747355
0.996  -0.00744406
0.997  -0.00740857
0.998  -0.00736914
0.999  -0.00732693
1  -0.00729181
1.001  -0.00724761
1.002  -0.00719974
1.003  -0.00715563
1.004  -0.00711647
1.005  -0.00706377
1.006  -0.00702764
1.007  -0.00698296
1.008  -0.00694269
1.009  -0.00689032
1.01  -0.00684507
1.011  -0.00679593
1.012  -0.00674798
1.013  -0.00670658
1.014  -0.00667032
1.015  -0.00662027
1.016  -0.00658001
1.017  -0.00653742
1.018  -0.0065014
1.019  -0.00645608
1.02  -0.00642122
1.021  -0.00638659
1.022  -0.00634776
1.023  -0.00631898
1.024  -0.00628154
1.025  -0.00622795
1.026  -0.00619626
1.027  -0.00616343
1.028  -0.00613133
1.029  -0.00608494
1.03  -0.00604355
1.031  -0.00599446
1.032  -0.00595301
1.033  -0.00590618
1.034  -0.00586673
1.035  -0.00582031
1.036  -0.0057837
1.037  -0.00574003
1.038  -0.00569884
1.039  -0.00564642
1.04  -0.0056053
1.041  -0.00556241
1.042  -0.00551885
1.043  -0.00548587
1.044  -0.00545256
1.045  -0.00539885
1.046  -0.00534844
1.047  -0.00530374
1.048  -0.00526969
1.049  -0.00523193
1.05  -0.005207
1.051  -0.00516228
1.052  -0.00512741
1.053  -0.00508608
1.054  -0.00504393
1.055  -0.00499623
1.056  -0.00495683
1.057  -0.00493135
1.058  -0.00489863
1.059  -0.00485818
1.06  -0.00481697
1.061  -0.00477037
1.062  -0.00472081
1.063  -0.00468039
1.064  -0.00464485
1.065  -0.00460352
1.066  -0.00456858
1.067  -0.00452702
1.068  -0.00448592
1.069  -0.00443793
1.07  -0.00439626
1.071  -0.0043573
1.072  -0.00432414
1.073  -0.00429735
1.074  -0.00426938
1.075  -0.00422233
1.076  -0.00417331
1.077  -0.00414355
1.078  -0.0041144
1.079  -0.00408309
1.08  -0.00406265
1.081  -0.00403608
1.082  -0.00400065
1.083  -0.00396718
1.084  -0.00393883
1.085  -0.00390799
1.086  -0.00388084
1.087  -0.00386122
1.088  -0.00383439
1.089  -0.00380977
1.09  -0.00378252
1.091  -0.00375643
1.092  -0.00371839
1.093  -0.00369305
1.094  -0.0036784
1.095  -0.00365315
1.096  -0.00362245
1.097  -0.00359281
1.098  -0.00356822
1.099  -0.00353962
1.1  -0.00350909
1.101  -0.00348629
1.102  -0.00346411
1.103  -0.00344312
1.104  -0.00341897
1.105  -0.00338387
1.106  -0.00335269
1.107  -0.00333464
1.108  -0.00331649
1.109  -0.0032979
1.11  -0.00328274
1.111  -0.00326762
1.112  -0.0032371
1.113  -0.00321318
1.114  -0.00318467
1.115  -0.00316664
1.116  -0.00314162
1.117  -0.00312768
1.118  -0.00310001
1.119  -0.00308135
1.12  -0.00306775
1.121  -0.00305004
1.122  -0.00303474
1.123  -0.00302268
1.124  -0.00301846
1.125  -0.0030024
1.126  -0.00298437
1.127  -0.0029635
1.128  -0.00294288
1.129  -0.00292175
1.13  -0.00289886
1.131  -0.00288982
1.132  -0.00287054
1.133  -0.0028607
1.134  -0.0028486
1.135  -0.00282858
1.136  -0.00280322
1.137  -0.00279388
1.138  -0.0027835
1.139  -0.00276664
1.14  -0.00275532
1.141  -0.00273791
1.142  -0.00271209
1.143  -0.0026952
1.144  -0.00267414
1.145  -0.00265435
1.146  -0.00264008
1.147  -0.00263054
1.148  -0.00260375
1.149  -0.00259371
1.15  -0.00258365
1.151  -0.00257631
1.152  -0.00256467
1.153  -0.00254878
1.154  -0.00255146
1.155  -0.00254456
1.156  -0.00253186
1.157  -0.00251277
1.158  -0.0024961
1.159  -0.00248568
1.16  -0.00246899
1.161  -0.00246014
1.162  -0.0024408
1.163  -0.00243324
1.164  -0.00242869
1.165  -0.00241539
1.166  -0.00239872
1.167  -0.00239536
1.168  -0.00238663
1.169  -0.00237034
1.17  -0.00235221
1.171  -0.00234163
1.172  -0.00233136
1.173  -0.00231944
1.174  -0.0022973
1.175  -0.00227741
1.176  -0.00226317
1.177  -0.0022533
1.178  -0.00222885
1.179  -0.00221792
1.18  -0.00221444
1.181  -0.00221004
1.182  -0.00220484
1.183  -0.00218286
1.184  -0.00217793
1.185  -0.00216667
1.186  -0.00216048
1.187  -0.00214113
1.188  -0.00212682
1.189  -0.00211605
1.19  -0.00210539
1.191  -0.00209401
1.192  -0.00207551
1.193  -0.0020671
1.194  -0.00206665
1.195  -0.00206133
1.196  -0.00204846
1.197  -0.00204413
1.198  -0.00204107
1.199  -0.00202387
1.2  -0.00200878
1.201  -0.00199023
1.202  -0.0019906
1.203  -0.00198398
1.204  -0.00197498
1.205  -0.00195614
1.206  -0.00194722
1.207  -0.00193978
1.208  -0.00192319
1.209  -0.00191093
1.21  -0.00190331
1.211  -0.00189576
1.212  -0.00189264
1.213  -0.00187395
1.214  -0.00186646
1.215  -0.00186336
1.216  -0.00185543
1.217  -0.00184083
1.218  -0.00183153
1.219  -0.00181963
1.22  -0.00182148
1.221  -0.00181251
1.222  -0.00180207
1.223  -0.00179294
1.224  -0.0017973
1.225  -0.0017953
1.226  -0.00178695
1.227  -0.00179521
1.228  -0.00179577
1.229  -0.00178716
1.23  -0.00178369
1.231  -0.00177482
1.232  -0.00178009
1.233  -0.00177959
1.234  -0.00177781
1.235  -0.00177463
1.236  -0.00176757
1.237  -0.00176673
1.238  -0.00176424
1.239  -0.00175886
1.24  -0.00175878
1.241  -0.00175461
1.242  -0.00176178
1.243  -0.00175774
1.244  -0.00175808
1.245  -0.00176024
1.246  -0.00175864
1.247  -0.00175767
1.248  -0.0017584
1.249  -0.00175472
1.25  -0.00176321
1.251  -0.00176221
1.252  -0.00175961
1.253  -0.00175695
1.254  -0.00175894
1.255  -0.00176694
1.256  -0.00176487
1.257  -0.00177558
1.258  -0.00178238
1.259  -0.00177643
1.26  -0.00177124
1.261  -0.00176656
1.262  -0.00176603
1.263  -0.00177195
1.264  -0.00177767
1.265  -0.00177481
1.266  -0.00177053
1.267  -0.00177725
1.268  -0.00177815
1.269  -0.00177354
1.27  -0.00178183
1.271  -0.00178311
1.272  -0.00179593
1.273  -0.00180137
1.274  -0.0017986
1.275  -0.00180538
1.276  -0.00180605
1.277  -0.00180562
1.278  -0.00181675
1.279  -0.00182983
1.28  -0.0018344
1.281  -0.00184175
1.282  -0.0018447
1.283  -0.00184532
1.284  -0.00184988
1.285  -0.00185661
1.286  -0.00185536
1.287  -0.00186032
1.288  -0.00186489
1.289  -0.00185973
1.29  -0.00185619
1.291  -0.00185273
1.292  -0.00185507
1.293  -0.0018661
1.294  -0.00187231
1.295  -0.00187101
1.296  -0.00186535
1.297  -0.0018626
1.298  -0.00185845
1.299  -0.00185329
1.3  -0.00185897
1.301  -0.00185348
1.302  -0.0018625
1.303  -0.0018662
1.304  -0.00186662
1.305  -0.00186438
1.306  -0.0018652
1.307  -0.00186692
1.308  -0.00187151
1.309  -0.0018806
1.31  -0.00187974
1.311  -0.0018792
1.312  -0.00187407
1.313  -0.00187198
1.314  -0.0018718
1.315  -0.0018764
1.316  -0.00187473
1.317  -0.00187862
1.318  -0.00187943
1.319  -0.00186999
1.32  -0.00186954
1.321  -0.00186722
1.322  -0.00186414
1.323  -0.00186929
1.324  -0.00187555
1.325  -0.00187122
1.326  -0.00187047
1.327  -0.0018606
1.328  -0.00185896
1.329  -0.0018516
1.33  -0.00184864
1.331  -0.00184516
1.332  -0.00184568
1.333  -0.00185119
1.334  -0.00184774
1.335  -0.0018493
1.336  -0.00184946
1.337  -0.00185322
1.338  -0.00185046
1.339  -0.001853
1.34  -0.00184798
1.341  -0.00184718
1.342  -0.00183629
1.343  -0.00183483
1.344  -0.00183643
1.345  -0.00183609
1.346  -0.00183769
1.347  -0.00183533
1.348  -0.0018366
1.349  -0.001836
1.35  -0.00183418
1.351  -0.00183516
1.352  -0.00182995
1.353  -0.00183254
1.354  -0.00183813
1.355  -0.00183359
1.356  -0.00183558
1.357  -0.00183577
1.358  -0.00183958
1.359  -0.00183326
1.36  -0.00183406
1.361  -0.00184746
1.362  -0.00184373
1.363  -0.0018551
1.364  -0.00185429
1.365  -0.00186041
1.366  -0.0018659
1.367  -0.00186646
1.368  -0.00186895
1.369  -0.00187235
1.37  -0.00187591
1.371  -0.00187998
1.372  -0.00187458
1.373  -0.0018671
1.374  -0.00187351
1.375  -0.00187271
1.376  -0.00188152
1.377  -0.00187861
1.378  -0.00188581
1.379  -0.00188202
1.38  -0.00188008
1.381  -0.00188776
1.382  -0.00187961
1.383  -0.00188512
1.384  -0.0018915
1.385  -0.0018857
1.386  -0.00189123
1.387  -0.00188666
1.388  -0.00190118
1.389  -0.00189642
1.39  -0.00189959
1.391  -0.00190708
1.392  -0.00191208
1.393  -0.00191907
1.394  -0.00193187
1.395  -0.00193481
1.396  -0.00193903
1.397  -0.001937
1.398  -0.00194786
1.399  -0.00194606
1.4  -0.00195497
1.401  -0.00195682
1.402  -0.00195323
1.403  -0.00195341
1.404  -0.00196833
1.405  -0.00196942
1.406  -0.00197922
1.407  -0.00197948
1.408  -0.00198012
1.409  -0.00197472
1.41  -0.0019785
1.411  -0.00197989
1.412  -0.0019779
1.413  -0.00197298
1.414  -0.00197443
1.415  -0.00196774
1.416  -0.00197541
1.417  -0.00197463
1.418  -0.00197974
1.419  -0.00197978
1.42  -0.00199474
1.421  -0.0020064
1.422  -0.00201159
1.423  -0.00201165
1.424  -0.00202925
1.425  -0.00203491
1.426  -0.00203016
1.427  -0.00203119
1.428  -0.00203976
1.429  -0.0020363
1.43  -0.00205147
1.431  -0.00205033
1.432  -0.00205242
1.433  -0.0020517
1.434  -0.00207288
1.435  -0.00207548
1.436  -0.00208007
1.437  -0.00208246
1.438  -0.00208354
1.439  -0.00207938
1.44  -0.00208166
1.441  -0.00207815
1.442  -0.00208687
1.443  -0.00207078
1.444  -0.00206832
1.445  -0.00206424
1.446  -0.00206722
1.447  -0.00206114
1.448  -0.00207274
1.449  -0.00207919
1.45  -0.00208715
1.451  -0.00208725
1.452  -0.00209219
1.453  -0.00209113
1.454  -0.00210638
1.455  -0.00210466
1.456  -0.00210443
1.457  -0.00209898
1.458  -0.0021021
1.459  -0.00209379
1.46  -0.00210089
1.461  -0.00210141
1.462  -0.00211259
1.463  -0.00211993
1.464  -0.00213416
1.465  -0.00213852
1.466  -0.00215156
1.467  -0.00214729
1.468  -0.00214378
1.469  -0.00214631
1.47  -0.0021544
1.471  -0.00215738
1.472  -0.00215837
1.473  -0.00213835
1.474  -0.00214295
1.475  -0.0021452
1.476  -0.00214199
1.477  -0.00213246
1.478  -0.00214441
1.479  -0.00215089
1.48  -0.00215111
1.481  -0.00215894
1.482  -0.00215764
1.483  -0.00216512
1.484  -0.00217759
1.485  -0.00217325
1.486  -0.00218025
1.487  -0.00217265
1.488  -0.00217927
1.489  -0.0021844
1.49  -0.00220159
1.491  -0.00221208
1.492  -0.00223135
1.493  -0.002242
1.494  -0.00225715
1.495  -0.00226768
1.496  -0.00229091
1.497  -0.00229584
1.498  -0.00229593
1.499  -0.00230199
1.5  -0.00230371
1.501  -0.00230229
1.502  -0.00229526
1.503  -0.00228638
1.504  -0.00230154
1.505  -0.00229807
1.506  -0.00230675
1.507  -0.00231245
1.508  -0.00230736
1.509  -0.00229645
1.51  -0.00228995
1.511  -0.0022941
1.512  -0.0022933
1.513  -0.00231088
1.514  -0.00230903
1.515  -0.00229806
1.516  -0.00230154
1.517  -0.00229916
1.518  -0.00230638
1.519  -0.00230932
1.52  -0.0023199
1.521  -0.00234205
1.522  -0.0023697
1.523  -0.00239754
1.524  -0.00241591
1.525  -0.0024114
1.526  -0.0024157
1.527  -0.0024333
1.528  -0.00244664
1.529  -0.0024687
1.53  -0.00246765
1.531  -0.00248295
1.532  -0.00246275
1.533  -0.00245423
1.534  -0.00245129
1.535  -0.00243509
1.536  -0.00244624
1.537  -0.00244614
1.538  -0.00244864
1.539  -0.00245031
1.54  -0.00243784
1.541  -0.00244583
1.542  -0.00242978
1.543  -0.00243534
1.544  -0.00243155
1.545  -0.00240056
1.546  -0.00240028
1.547  -0.00238534
1.548  -0.0023609
1.549  -0.00235367
1.55  -0.00233669
1.551  -0.0023322
1.552  -0.00234683
1.553  -0.00235321
1.554  -0.00236201
1.555  -0.0023502
1.556  -0.00233642
1.557  -0.00232525
1.558  -0.00231973
1.559  -0.00231219
1.56  -0.00228329
1.561  -0.0022737
1.562  -0.00226339
1.563  -0.00227586
1.564  -0.00230125
1.565  -0.00229168
1.566  -0.00229844
1.567  -0.00230521
1.568  -0.00231198
1.569  -0.00231875
1.57  -0.00232552
1.571  -0.00233229
1.572  -0.00233906
1.573  -0.00234583
1.574  -0.00235259
1.575  -0.00235936
1.576  -0.00236613
1.577  -0.0023729
1.578  -0.00237967
1.579  -0.00238644
1.58  -0.00238644
1.581  -0.00238644
1.582  -0.00238644
1.583  -0.00238644
1.584  -0.00238644
1.585  -0.00238644
1.586  -0.00238644
1.587  -0.00238644
1.588  -0.00238644
1.589  -0.00238644
1.59  -0.00238644
1.591  -0.00238644
1.592  -0.00238644
1.593  -0.00238644
1.594  -0.00238644
1.595  -0.00238644
1.596  -0.00238644
1.597  -0.00238644
1.598  -0.00238644
1.599  -0.00238644
1.6  -0.00238644
1.601  -0.00238644
1.602  -0.00238644
1.603  -0.00238644
1.604  -0.00238644
1.605  -0.00238644
1.606  -0.00238644
1.607  -0.00238644
1.608  -0.00238644
1.609  -0.00238644
1.61  -0.00238644
1.611  -0.00238644
1.612  -0.00238644
1.613  -0.00238644
1.614  -0.00238644
1.615  -0.00238644
1.616  -0.00238644
1.617  -0.00238644
1.618  -0.00238644
1.619  -0.00238644
1.62  -0.00238644
1.621  -0.00238644
1.622  -0.00238644
1.623  -0.00238644
1.624  -0.00238644
1.625  -0.00238644
1.626  -0.00238644
1.627  -0.00238644
1.628  -0.00238644
1.629  -0.00238644
1.63  -0.00238644
1.631  -0.00238644
1.632  -0.00238644
1.633  -0.00238644
1.634  -0.00238644
1.635  -0.00238644
1.636  -0.00238644
1.637  -0.00238644
1.638  -0.00238644
1.639  -0.00238644
1.64  -0.00238644
1.641  -0.00238644
1.642  -0.00238644
1.643  -0.00238644
1.644  -0.00238644
1.645  -0.00238644
1.646  -0.00238644
1.647  -0.00238644
1.648  -0.00238644
1.649  -0.00238644
1.65  -0.00238644
1.651  -0.00238644
1.652  -0.00238644
1.653  -0.00238644
1.654  -0.00238644
1.655  -0.00238644
1.656  -0.00238644
1.657  -0.00238644
1.658  -0.00238644
1.659  -0.00238644
1.66  -0.00238644
1.661  -0.00238644
1.662  -0.00238644
1.663  -0.00238644
1.664  -0.00238644
1.665  -0.00238644
1.666  -0.00238644
1.667  -0.00238644
1.668  -0.00238644
1.669  -0.00238644
1.67  -0.00238644
1.671  -0.00238644
1.672  -0.00238644
1.673  -0.00238644
1.674  -0.00238644
1.675  -0.00238644
1.676  -0.00238644
1.677  -0.00238644
1.678  -0.00238644
1.679  -0.00238644
1.68  -0.00238644
1.681  -0.00238644
1.682  -0.00238644
1.683  -0.00238644
1.684  -0.00238644
1.685  -0.00238644
1.686  -0.00238644
1.687  -0.00238644
1.688  -0.00238644
1.689  -0.00238644
1.69  -0.00238644
1.691  -0.00238644
1.692  -0.00238644
1.693  -0.00238644
1.694  -0.00238644
1.695  -0.00238644
1.696  -0.00238644
1.697  -0.00238644
1.698  -0.00238644
1.699  -0.00238644
1.7  -0.00238644
1.701  -0.00238644
1.702  -0.00238644
1.703  -0.00238644
1.704  -0.00238644
1.705  -0.00238644
1.706  -0.00238644
1.707  -0.00238644
1.708  -0.00238644
1.709  -0.00238644
1.71  -0.00238644
1.711  -0.00238644
1.712  -0.00238644
1.713  -0.00238644
1.714  -0.00238644
1.715  -0.00238644
1.716  -0.00238644
1.717  -0.00238644
1.718  -0.00238644
1.719  -0.00238644
1.72  -0.00238644
1.721  -0.00238644
1.722  -0.00238644
1.723  -0.00238644
1.724  -0.00238644
1.725  -0.00238644
1.726  -0.00238644
1.727  -0.00238644
1.728  -0.00238644
1.729  -0.00238644
1.73  -0.00238644
1.731  -0.00238644
1.732  -0.00238644
1.733  -0.00238644
1.734  -0.00238644
1.735  -0.00238644
1.736  -0.00238644
1.737  -0.00238644
1.738  -0.00238644
1.739  -0.00238644
1.74  -0.00238644
1.741  -0.00238644
1.742  -0.00238644
1.743  -0.00238644
1.744  -0.00238644
1.745  -0.00238644
1.746  -0.00238644
1.747  -0.00238644
1.748  -0.00238644
1.749  -0.00238644
1.75  -0.00238644
1.751  -0.00238644
1.752  -0.00238644
1.753  -0.00238644
1.754  -0.00238644
1.755  -0.00238644
1.756  -0.00238644
1.757  -0.00238644
1.758  -0.00238644
1.759  -0.00238644
1.76  -0.00238644
1.761  -0.00238644
1.762  -0.00238644
1.763  -0.00238644
1.764  -0.00238644
1.765  -0.00238644
1.766  -0.00238644
1.767  -0.00238644
1.768  -0.00238644
1.769  -0.00238644
1.77  -0.00238644
1.771  -0.00238644
1.772  -0.00238644
1.773  -0.00238644
1.774  -0.00238644
1.775  -0.00238644
1.776  -0.00238644
1.777  -0.00238644
1.778  -0.00238644
1.779  -0.00238644
1.78  -0.00238644
1.781  -0.00238644
1.782  -0.00238644
1.783  -0.00238644
1.784  -0.00238644
1.785  -0.00238644
1.786  -0.00238644
1.787  -0.00238644
1.788  -0.00238644
1.789  -0.00238644
1.79  -0.00238644
1.791  -0.00238644
1.792  -0.00238644
1.793  -0.00238644
1.794  -0.00238644
1.795  -0.00238644
1.796  -0.00238644
1.797  -0.00238644
1.798  -0.00238644
1.799  -0.00238644
1.8  -0.00238644
1.801  -0.00238644
1.802  -0.00238644
1.803  -0.00238644
1.804  -0.00238644
1.805  -0.00238644
1.806  -0.00238644
1.807  -0.00238644
1.808  -0.00238644
1.809  -0.00238644
1.81  -0.00238644
1.811  -0.00238644
1.812  -0.00238644
1.813  -0.00238644
1.814  -0.00238644
1.815  -0.00238644
1.816  -0.00238644
1.817  -0.00238644
1.818  -0.00238644
1.819  -0.00238644
1.82  -0.00238644
1.821  -0.00238644
1.822  -0.00238644
1.823  -0.00238644
1.824  -0.00238644
1.825  -0.00238644
1.826  -0.00238644
1.827  -0.00238644
1.828  -0.00238644
1.829  -0.00238644
1.83  -0.00238644
1.831  -0.00238644
1.832  -0.00238644
1.833  -0.00238644
1.834  -0.00238644
1.835  -0.00238644
1.836  -0.00238644
1.837  -0.00238644
1.838  -0.00238644
1.839  -0.00238644
1.84  -0.00238644
1.841  -0.00238644
1.842  -0.00238644
1.843  -0.00238644
1.844  -0.00238644
1.845  -0.00238644
1.846  -0.00238644
1.847  -0.00238644
1.848  -0.00238644
1.849  -0.00238644
1.85  -0.00238644
1.851  -0.00238644
1.852  -0.00238644
1.853  -0.00238644
1.854  -0.00238644
1.855  -0.00238644
1.856  -0.00238644
1.857  -0.00238644
1.858  -0.00238644
1.859  -0.00238644
1.86  -0.00238644
1.861  -0.00238644
1.862  -0.00238644
1.863  -0.00238644
1.864  -0.00238644
1.865  -0.00238644
1.866  -0.00238644
1.867  -0.00238644
1.868  -0.00238644
1.869  -0.00238644
1.87  -0.00238644
1.871  -0.00238644
1.872  -0.00238644
1.873  -0.00238644
1.874  -0.00238644
1.875  -0.00238644
1.876  -0.00238644
1.877  -0.00238644
1.878  -0.00238644
1.879  -0.00238644
1.88  -0.00238644
1.881  -0.00238644
1.882  -0.00238644
1.883  -0.00238644
1.884  -0.00238644
1.885  -0.00238644
1.886  -0.00238644
1.887  -0.00238644
1.888  -0.00238644
1.889  -0.00238644
1.89  -0.00238644
1.891  -0.00238644
1.892  -0.00238644
1.893  -0.00238644
1.894  -0.00238644
1.895  -0.00238644
1.896  -0.00238644
1.897  -0.00238644
1.898  -0.00238644
1.899  -0.00238644
1.9  -0.00238644
1.901  -0.00238644
1.902  -0.00238644
1.903  -0.00238644
1.904  -0.00238644
1.905  -0.00238644
1.906  -0.00238644
1.907  -0.00238644
1.908  -0.00238644
1.909  -0.00238644
1.91  -0.00238644
1.911  -0.00238644
1.912  -0.00238644
1.913  -0.00238644
1.914  -0.00238644
1.915  -0.00238644
1.916  -0.00238644
1.917  -0.00238644
1.918  -0.00238644
1.919  -0.00238644
1.92  -0.00238644
1.921  -0.00238644
1.922  -0.00238644
1.923  -0.00238644
1.924  -0.00238644
1.925  -0.00238644
1.926  -0.00238644
1.927  -0.00238644
1.928  -0.00238644
1.929  -0.00238644
1.93  -0.00238644
1.931  -0.00238644
1.932  -0.00238644
1.933  -0.00238644
1.934  -0.00238644
1.935  -0.00238644
1.936  -0.00238644
1.937  -0.00238644
1.938  -0.00238644
1.939  -0.00238644
1.94  -0.00238644
1.941  -0.00238644
1.942  -0.00238644
1.943  -0.00238644
1.944  -0.00238644
1.945  -0.00238644
1.946  -0.00238644
1.947  -0.00238644
1.948  -0.00238644
1.949  -0.00238644
1.95  -0.00238644
1.951  -0.00238644
1.952  -0.00238644
1.953  -0.00238644
1.954  -0.00238644
1.955  -0.00238644
1.956  -0.00238644
1.957  -0.00238644
1.958  -0.00238644
1.959  -0.00238644
1.96  -0.00238644
1.961  -0.00238644
1.962  -0.00238644
1.963  -0.00238644
1.964  -0.00238644
1.965  -0.00238644
1.966  -0.00238644
1.967  -0.00238644
1.968  -0.00238644
1.969  -0.00238644
1.97  -0.00238644
1.971  -0.00238644
1.972  -0.00238644
1.973  -0.00238644
1.974  -0.00238644
1.975  -0.00238644
1.976  -0.00238644
1.977  -0.00238644
1.978  -0.00238644
1.979  -0.00238644
1.98  -0.00238644
1.981  -0.00238644
1.982  -0.00238644
1.983  -0.00238644
1.984  -0.00238644
1.985  -0.00238644
1.986  -0.00238644
1.987  -0.00238644
1.988  -0.00238644
1.989  -0.00238644
1.99  -0.00238644
1.991  -0.00238644
1.992  -0.00238644
1.993  -0.00238644
1.994  -0.00238644
1.995  -0.00238644
1.996  -0.00238644
1.997  -0.00238644
1.998  -0.00238644
1.999  -0.00238644
2  -0.00238644
2.001  -0.00238644
2.002  -0.00238644
2.003  -0.00238644
2.004  -0.00238644
2.005  -0.00238644
2.006  -0.00238644
2.007  -0.00238644
2.008  -0.00238644
2.009  -0.00238644
2.01  -0.00238644
2.011  -0.00238644
2.012  -0.00238644
2.013  -0.00238644
2.014  -0.00238644
2.015  -0.00238644
2.016  -0.00238644
2.017  -0.00238644
2.018  -0.00238644
2.019  -0.00238644
2.02  -0.00238644
2.021  -0.00238644
2.022  -0.00238644
2.023  -0.00238644
2.024  -0.00238644
2.025  -0.00238644
2.026  -0.00238644
2.027  -0.00238644
2.028  -0.00238644
2.029  -0.00238644
2.03  -0.00238644
2.031  -0.00238644
2.032  -0.00238644
2.033  -0.00238644
2.034  -0.00238644
2.035  -0.00238644
2.036  -0.00238644
2.037  -0.00238644
2.038  -0.00238644
2.039  -0.00238644
2.04  -0.00238644
2.041  -0.00238644
2.042  -0.00238644
2.043  -0.00238644
2.044  -0.00238644
2.045  -0.00238644
2.046  -0.00238644
2.047  -0.00238644
2.048  -0.00238644
2.049  -0.00238644
2.05  -0.00238644
2.051  -0.00238644
2.052  -0.00238644
2.053  -0.00238644
2.054  -0.00238644
2.055  -0.00238644
2.056  -0.00238644
2.057  -0.00238644
2.058  -0.00238644
2.059  -0.00238644
2.06  -0.00238644
2.061  -0.00238644
2.062  -0.00238644
2.063  -0.00238644
2.064  -0.00238644
2.065  -0.00238644
2.066  -0.00238644
2.067  -0.00238644
2.068  -0.00238644
2.069  -0.00238644
2.07  -0.00238644
2.071  -0.00238644
2.072  -0.00238644
2.073  -0.00238644
2.074  -0.00238644
2.075  -0.00238644
2.076  -0.00238644
2.077  -0.00238644
2.078  -0.00238644
2.079  -0.00238644
2.08  -0.00238644
2.081  -0.00238644
2.082  -0.00238644
2.083  -0.00238644
2.084  -0.00238644
2.085  -0.00238644
2.086  -0.00238644
2.087  -0.00238644
2.088  -0.00238644
2.089  -0.00238644
2.09  -0.00238644
2.091  -0.00238644
2.092  -0.00238644
2.093  -0.00238644
2.094  -0.00238644
2.095  -0.00238644
2.096  -0.00238644
2.097  -0.00238644
2.098  -0.00238644
2.099  -0.00238644
2.1  -0.00238644
2.101  -0.00238644
2.102  -0.00238644
2.103  -0.00238644
2.104  -0.00238644
2.105  -0.00238644
2.106  -0.00238644
2.107  -0.00238644
2.108  -0.00238644
2.109  -0.00238644
2.11  -0.00238644
2.111  -0.00238644
2.112  -0.00238644
2.113  -0.00238644
2.114  -0.00238644
2.115  -0.00238644
2.116  -0.00238644
2.117  -0.00238644
2.118  -0.00238644
2.119  -0.00238644
2.12  -0.00238644
2.121  -0.00238644
2.122  -0.00238644
2.123  -0.00238644
2.124  -0.00238644
2.125  -0.00238644
2.126  -0.00238644
2.127  -0.00238644
2.128  -0.00238644
2.129  -0.00238644
2.13  -0.00238644
2.131  -0.00238644
2.132  -0.00238644
2.133  -0.00238644
2.134  -0.00238644
2.135  -0.00238644
2.136  -0.00238644
2.137  -0.00238644
2.138  -0.00238644
2.139  -0.00238644
2.14  -0.00238644
2.141  -0.00238644
2.142  -0.00238644
2.143  -0.00238644
2.144  -0.00238644
2.145  -0.00238644
2.146  -0.00238644
2.147  -0.00238644
2.148  -0.00238644
2.149  -0.00238644
2.15  -0.00238644
2.151  -0.00238644
2.152  -0.00238644
2.153  -0.00238644
2.154  -0.00238644
2.155  -0.00238644
2.156  -0.00238644
2.157  -0.00238644
2.158  -0.00238644
2.159  -0.00238644
2.16  -0.00238644
2.161  -0.00238644
2.162  -0.00238644
2.163  -0.00238644
2.164  -0.00238644
2.165  -0.00238644
2.166  -0.00238644
2.167  -0.00238644
2.168  -0.00238644
2.169  -0.00238644
2.17  -0.00238644
2.171  -0.00238644
2.172  -0.00238644
2.173  -0.00238644
2.174  -0.00238644
2.175  -0.00238644
2.176  -0.00238644
2.177  -0.00238644
2.178  -0.00238644
2.179  -0.00238644
2.18  -0.00238644
2.181  -0.00238644
2.182  -0.00238644
2.183  -0.00238644
2.184  -0.00238644
2.185  -0.00238644
2.186  -0.00238644
2.187  -0.00238644
2.188  -0.00238644
2.189  -0.00238644
2.19  -0.00238644
2.191  -0.00238644
2.192  -0.00238644
2.193  -0.00238644
2.194  -0.00238644
2.195  -0.00238644
2.196  -0.00238644
2.197  -0.00238644
2.198  -0.00238644
2.199  -0.00238644
2.2  -0.00238644
2.201  -0.00238644
2.202  -0.00238644
2.203  -0.00238644
2.204  -0.00238644
2.205  -0.00238644
2.206  -0.00238644
2.207  -0.00238644
2.208  -0.00238644
2.209  -0.00238644
2.21  -0.00238644
2.211  -0.00238644
2.212  -0.00238644
2.213  -0.00238644
2.214  -0.00238644
2.215  -0.00238644
2.216  -0.00238644
2.217  -0.00238644
2.218  -0.00238644
2.219  -0.00238644
2.22  -0.00238644
2.221  -0.00238644
2.222  -0.00238644
2.223  -0.00238644
2.224  -0.00238644
2.225  -0.00238644
2.226  -0.00238644
2.227  -0.00238644
2.228  -0.00238644
2.229  -0.00238644
2.23  -0.00238644
2.231  -0.00238644
2.232  -0.00238644
2.233  -0.00238644
2.234  -0.00238644
2.235  -0.00238644
2.236  -0.00238644
2.237  -0.00238644
2.238  -0.00238644
2.239  -0.00238644
2.24  -0.00238644
2.241  -0.00238644
2.242  -0.00238644
2.243  -0.00238644
2.244  -0.00238644
2.245  -0.00238644
2.246  -0.00238644
2.247  -0.00238644
2.248  -0.00238644
2.249  -0.00238644
2.25  -0.00238644
2.251  -0.00238644
2.252  -0.00238644
2.253  -0.00238644
2.254  -0.00238644
2.255  -0.00238644
2.256  -0.00238644
2.257  -0.00238644
2.258  -0.00238644
2.259  -0.00238644
2.26  -0.00238644
2.261  -0.00238644
2.262  -0.00238644
2.263  -0.00238644
2.264  -0.00238644
2.265  -0.00238644
2.266  -0.00238644
2.267  -0.00238644
2.268  -0.00238644
2.269  -0.00238644
2.27  -0.00238644
2.271  -0.00238644
2.272  -0.00238644
2.273  -0.00238644
2.274  -0.00238644
2.275  -0.00238644
2.276  -0.00238644
2.277  -0.00238644
2.278  -0.00238644
2.279  -0.00238644
2.28  -0.00238644
2.281  -0.00238644
2.282  -0.00238644
2.283  -0.00238644
2.284  -0.00238644
2.285  -0.00238644
2.286  -0.00238644
2.287  -0.00238644
2.288  -0.00238644
2.289  -0.00238644
2.29  -0.00238644
2.291  -0.00238644
2.292  -0.00238644
2.293  -0.00238644
2.294  -0.00238644
2.295  -0.00238644
2.296  -0.00238644
2.297  -0.00238644
2.298  -0.00238644
2.299  -0.00238644
2.3  -0.00238644
2.301  -0.00238644
2.302  -0.00238644
2.303  -0.00238644
2.304  -0.00238644
2.305  -0.00238644
2.306  -0.00238644
2.307  -0.00238644
2.308  -0.00238644
2.309  -0.00238644
2.31  -0.00238644
2.311  -0.00238644
2.312  -0.00238644
2.313  -0.00238644
2.314  -0.00238644
2.315  -0.00238644
2.316  -0.00238644
2.317  -0.00238644
2.318  -0.00238644
2.319  -0.00238644
2.32  -0.00238644
2.321  -0.00238644
2.322  -0.00238644
2.323  -0.00238644
2.324  -0.00238644
2.325  -0.00238644
2.326  -0.00238644
2.327  -0.00238644
2.328  -0.00238644
2.329  -0.00238644
2.33  -0.00238644
2.331  -0.00238644
2.332  -0.00238644
2.333  -0.00238644
2.334  -0.00238644
2.335  -0.00238644
2.336  -0.00238644
2.337  -0.00238644
2.338  -0.00238644
2.339  -0.00238644
2.34  -0.00238644
2.341  -0.00238644
2.342  -0.00238644
2.343  -0.00238644
2.344  -0.00238644
2.345  -0.00238644
2.346  -0.00238644
2.347  -0.00238644
2.348  -0.00238644
2.349  -0.00238644
2.35  -0.00238644
2.351  -0.00238644
2.352  -0.00238644
2.353  -0.00238644
2.354  -0.00238644
2.355  -0.00238644
2.356  -0.00238644
2.357  -0.00238644
2.358  -0.00238644
2.359  -0.00238644
2.36  -0.00238644
2.361  -0.00238644
2.362  -0.00238644
2.363  -0.00238644
2.364  -0.00238644
2.365  -0.00238644
2.366  -0.00238644
2.367  -0.00238644
2.368  -0.00238644
2.369  -0.00238644
2.37  -0.00238644
2.371  -0.00238644
2.372  -0.00238644
2.373  -0.00238644
2.374  -0.00238644
2.375  -0.00238644
2.376  -0.00238644
2.377  -0.00238644
2.378  -0.00238644
2.379  -0.00238644
2.38  -0.00238644
2.381  -0.00238644
2.382  -0.00238644
2.383  -0.00238644
2.384  -0.00238644
2.385  -0.00238644
2.386  -0.00238644
2.387  -0.00238644
2.388  -0.00238644
2.389  -0.00238644
2.39  -0.00238644
2.391  -0.00238644
2.392  -0.00238644
2.393  -0.00238644
2.394  -0.00238644
2.395  -0.00238644
2.396  -0.00238644
2.397  -0.00238644
2.398  -0.00238644
2.399  -0.00238644
2.4  -0.00238644
2.401  -0.00238644
2.402  -0.00238644
2.403  -0.00238644
2.404  -0.00238644
2.405  -0.00238644
2.406  -0.00238644
2.407  -0.00238644
2.408  -0.00238644
2.409  -0.00238644
2.41  -0.00238644
2.411  -0.00238644
2.412  -0.00238644
2.413  -0.00238644
2.414  -0.00238644
2.415  -0.00238644
2.416  -0.00238644
2.417  -0.00238644
2.418  -0.00238644
2.419  -0.00238644
2.42  -0.00238644
2.421  -0.00238644
2.422  -0.00238644
2.423  -0.00238644
2.424  -0.00238644
2.425  -0.00238644
2.426  -0.00238644
2.427  -0.00238644
2.428  -0.00238644
2.429  -0.00238644
2.43  -0.00238644
2.431  -0.00238644
2.432  -0.00238644
2.433  -0.00238644
2.434  -0.00238644
2.435  -0.00238644
2.436  -0.00238644
2.437  -0.00238644
2.438  -0.00238644
2.439  -0.00238644
2.44  -0.00238644
2.441  -0.00238644
2.442  -0.00238644
2.443  -0.00238644
2.444  -0.00238644
2.445  -0.00238644
2.446  -0.00238644
2.447  -0.00238644
2.448  -0.00238644
2.449  -0.00238644
2.45  -0.00238644
2.451  -0.00238644
2.452  -0.00238644
2.453  -0.00238644
2.454  -0.00238644
2.455  -0.00238644
2.456  -0.00238644
2.457  -0.00238644
2.458  -0.00238644
2.459  -0.00238644
2.46  -0.00238644
2.461  -0.00238644
2.462  -0.00238644
2.463  -0.00238644
2.464  -0.00238644
2.465  -0.00238644
2.466  -0.00238644
2.467  -0.00238644
2.468  -0.00238644
2.469  -0.00238644
2.47  -0.00238644
2.471  -0.00238644
2.472  -0.00238644
2.473  -0.00238644
2.474  -0.00238644
2.475  -0.00238644
2.476  -0.00238644
2.477  -0.00238644
2.478  -0.00238644
2.479  -0.00238644
2.48  -0.00238644
2.481  -0.00238644
2.482  -0.00238644
2.483  -0.00238644
2.484  -0.00238644
2.485  -0.00238644
2.486  -0.00238644
2.487  -0.00238644
2.488  -0.00238644
2.489  -0.00238644
2.49  -0.00238644
2.491  -0.00238644
2.492  -0.00238644
2.493  -0.00238644
2.494  -0.00238644
2.495  -0.00238644
2.496  -0.00238644
2.497  -0.00238644
2.498  -0.00238644
2.499  -0.00238644
