-2 -0.00482013
-1.99 0.10864
-1.98 -0.00522021
-1.97 -0.00393798
-1.96 -0.0039811
-1.95 -0.00550206
-1.94 0.142207
-1.93 0.065968
-1.92 -0.0052891
-1.91 -0.00388809
-1.9 -0.00436229
-1.89 0.0599873
-1.88 0.0374771
-1.87 2.96301
-1.86 0.0489012
-1.85 -0.0345568
-1.84 -0.00328668
-1.83 0.0411909
-1.82 -0.00315512
-1.81 -0.00350439
-1.8 -0.00590573
-1.79 -0.00445277
-1.78 0.117454
-1.77 0.37466
-1.76 -0.00481731
-1.75 -0.00249803
-1.74 -0.0043879
-1.73 -0.005494
-1.72 -0.00148752
-1.71 -0.0054738
-1.7 -0.0073951
-1.69 -0.00181616
-1.68 -0.00532757
-1.67 -0.00876127
-1.66 -0.00328043
-1.65 -0.00528484
-1.64 -0.00831073
-1.63 0.144667
-1.62 1.434
-1.61 -0.0106962
-1.6 0.15386
-1.59 0.797311
-1.58 -0.00793381
-1.57 -0.00293638
-1.56 -0.00623975
-1.55 -0.0463243
-1.54 -0.00316548
-1.53 0.010148
-1.52 -0.00874037
-1.51 -0.00426755
-1.5 0.104112
-1.49 0.25527
-1.48 -0.00528331
-1.47 0.0660306
-1.46 -0.00776796
-1.45 -0.0043257
-1.44 -0.0107067
-1.43 -0.0274394
-1.42 -0.00721878
-1.41 -0.0110304
-1.4 0.405626
-1.39 -0.00756199
-1.38 4.30635
-1.37 4.77004
-1.36 5.84296
-1.35 -0.00942287
-1.34 -0.000652192
-1.33 -6.76059e-05
-1.32 1.39008e-05
-1.31 0.000373154
-1.3 0.000155362
-1.29 -3.20017e-06
-1.28 0.000367075
-1.27 0.000254554
-1.26 -2.0371e-05
-1.25 0.000424666
-1.24 0.000240114
-1.23 -2.32726e-05
-1.22 0.000432628
-1.21 0.000279675
-1.2 -2.91077e-05
-1.19 0.000488562
-1.18 0.000291657
-1.17 1.10356e-05
-1.16 0.000470434
-1.15 0.000300039
-1.14 6.36401e-05
-1.13 0.000446995
-1.12 0.000265571
-1.11 8.39193e-05
-1.1 0.000383847
-1.09 0.00031721
-1.08 0.000101516
-1.07 0.000400691
-1.06 0.000259986
-1.05 8.12757e-05
-1.04 0.000368079
-1.03 0.00027284
-1.02 1.78887e-05
-1.01 0.000371127
-1 0.000299832
-0.99 2.74457e-05
-0.98 0.000401002
-0.97 0.000272857
-0.96 2.51588e-05
-0.95 0.000410813
-0.94 0.000301297
-0.93 8.69238e-06
-0.92 0.000422348
-0.91 0.000235981
-0.9 1.61999e-05
-0.89 0.000425477
-0.88 0.000261671
-0.87 -5.75103e-05
-0.86 0.00040705
-0.85 0.000333594
-0.84 -4.92562e-05
-0.83 0.000446141
-0.82 0.000379049
-0.81 6.86784e-06
-0.8 0.000491353
-0.79 0.000304467
-0.78 -9.22336e-07
-0.77 0.000496811
-0.76 0.000392571
-0.75 2.65961e-05
-0.74 0.000479668
-0.73 0.000321736
-0.72 5.18044e-05
-0.71 0.000474989
-0.7 0.000289831
-0.69 8.61305e-05
-0.68 0.000427735
-0.67 0.000275731
-0.66 -1.71046e-05
-0.65 0.000401825
-0.64 0.000315459
-0.63 -1.6235e-05
-0.62 0.000349732
-0.61 0.000329607
-0.6 2.22578e-05
-0.59 0.000324523
-0.58 0.000331293
-0.57 3.78272e-05
-0.56 0.000316692
-0.55 0.000299182
-0.54 7.10702e-05
-0.53 0.000295922
-0.52 0.000273952
-0.51 3.73168e-05
-0.5 0.000360299
-0.49 0.000249576
-0.48 2.66444e-05
-0.47 0.000347909
-0.46 0.000260294
-0.45 5.80632e-05
-0.44 0.000358814
-0.43 0.000325128
-0.42 -2.43281e-05
-0.41 0.000387823
-0.4 0.00034015
-0.39 -1.89883e-05
-0.38 0.000427257
-0.37 0.000281197
-0.36 8.61154e-06
-0.35 0.000423458
-0.34 0.000324245
-0.33 2.28745e-05
-0.32 0.00050609
-0.31 0.000389773
-0.3 5.57033e-05
-0.29 0.000602498
-0.28 0.000390556
-0.27 6.25581e-05
-0.26 0.000608712
-0.25 0.000408268
-0.24 7.27698e-05
-0.23 0.000592283
-0.22 0.000478924
-0.21 8.94563e-05
-0.2 0.000616941
-0.19 0.000430075
-0.18 8.13553e-05
-0.17 0.000534416
-0.16 0.000401881
-0.15 6.42217e-05
-0.14 0.00052272
-0.13 0.000432874
-0.12 3.91425e-05
-0.11 -0.00337729
-0.1 -0.0354451
-0.09 -0.127202
-0.08 -0.264563
-0.07 -0.423329
-0.06 -0.58299
-0.05 -0.723738
-0.04 -0.836247
-0.03 -0.919061
-0.02 -0.971825
-0.01 -0.995597
0 -0.994271
0.01 -0.973478
0.02 -0.940341
0.03 -0.90058
0.04 -0.856149
0.05 -0.809345
0.06 -0.76286
0.07 -0.716694
0.08 -0.672539
0.09 -0.632178
0.1 -0.593314
0.11 -0.557624
0.12 -0.525393
0.13 -0.494197
0.14 -0.465372
0.15 -0.437897
0.16 -0.410285
0.17 -0.383537
0.18 -0.357716
0.19 -0.331707
0.2 -0.307461
0.21 -0.285268
0.22 -0.264221
0.23 -0.245911
0.24 -0.230287
0.25 -0.215972
0.26 -0.203484
0.27 -0.192869
0.28 -0.182065
0.29 -0.171507
0.3 -0.16165
0.31 -0.151234
0.32 -0.140928
0.33 -0.131577
0.34 -0.122059
0.35 -0.113924
0.36 -0.107116
0.37 -0.100385
0.38 -0.095118
0.39 -0.0908406
0.4 -0.0858912
0.41 -0.0817379
0.42 -0.0777787
0.43 -0.0726855
0.44 -0.0680466
0.45 -0.0634442
0.46 -0.058391
0.47 -0.0540202
0.48 -0.0504933
0.49 -0.0465912
0.5 -0.0437945
0.51 -0.0416914
0.52 -0.0389912
0.53 -0.0368866
0.54 -0.0352013
0.55 -0.0324899
0.56 -0.0301284
0.57 -0.0279549
0.58 -0.0252072
0.59 -0.0229065
0.6 -0.0212096
0.61 -0.0191703
0.62 -0.017665
0.63 -0.0169671
0.64 -0.0156788
0.65 -0.0148955
0.66 -0.0145195
0.67 -0.0135424
0.68 -0.0127354
0.69 -0.0123823
0.7 -0.0113405
0.71 -0.0107417
0.72 -0.0104216
0.73 -0.00972757
0.74 -0.00949957
0.75 -0.00977963
0.76 -0.00967708
0.77 -0.00982775
0.78 -0.0103531
0.79 -0.0103625
0.8 -0.0104765
0.81 -0.0109586
0.82 -0.0109324
0.83 -0.0110291
0.84 -0.0112961
0.85 -0.0112757
0.86 -0.0115316
0.87 -0.0118815
0.88 -0.0119565
0.89 -0.0124243
0.9 -0.0128532
0.91 -0.0129018
0.92 -0.0132593
0.93 -0.0135176
0.94 -0.0131838
0.95 -0.0134923
0.96 -0.0135947
0.97 -0.0131394
0.98 -0.0132156
0.99 -0.0134259
1 -0.0130846
1.01 -0.0131444
1.02 -0.0132232
1.03 -0.012897
1.04 -0.0128571
1.05 -0.0128954
1.06 -0.0123754
1.07 -0.0121466
1.08 -0.0119854
1.09 -0.0113645
1.1 -0.0110087
1.11 -0.0107062
1.12 -0.0101208
1.13 -0.00592089
1.14 -0.00949228
1.15 -0.0102664
1.16 -0.00842097
1.17 -0.00820805
1.18 -0.00756774
1.19 -0.0071838
1.2 -0.00674334
1.21 -0.00594633
1.22 -0.0100323
1.23 -0.0051696
1.24 -0.0042845
1.25 -0.00383016
1.26 -0.00315446
1.27 -0.00223603
1.28 -0.00135473
1.29 -0.000338159
1.3 0.000443299
1.31 0.000715177
1.32 0.00126969
1.33 0.00965309
1.34 0.00208929
1.35 -0.0254127
1.36 0.00289248
1.37 0.0374715
1.38 1.12561
1.39 0.0421748
1.4 0.00882551
1.41 0.00300469
1.42 0.040865
1.43 0.00274708
1.44 0.0402448
1.45 0.00304019
1.46 0.00267518
1.47 -0.0043093
1.48 0.00136839
1.49 5.61644e-05
1.5 3.23808
1.51 -0.00179482
1.52 -0.00996233
1.53 -0.00413128
1.54 -0.030366
1.55 -0.00561448
1.56 -0.006257
1.57 -0.00668697
1.58 -0.0100408
1.59 -0.0074479
1.6 -0.01
1.61 -0.00767485
1.62 1.01554
1.63 0
1.64 0
1.65 0
1.66 0
1.67 0
1.68 0
1.69 0
1.7 0
1.71 0
1.72 0
1.73 0
1.74 0
1.75 0
1.76 0
1.77 0
1.78 0
1.79 0
1.8 0
1.81 0
1.82 0
1.83 0
1.84 0
1.85 0
1.86 0
1.87 0
1.88 0
1.89 0
1.9 0
1.91 0
1.92 0
1.93 0
1.94 0
1.95 0
1.96 0
1.97 0
1.98 0
1.99 0
