-1.5  0
-1.499  0
-1.498  0
-1.497  0
-1.496  0
-1.495  0
-1.494  0
-1.493  0
-1.492  0
-1.491  0
-1.49  0
-1.489  0
-1.488  0
-1.487  0
-1.486  0
-1.485  0
-1.484  0
-1.483  0
-1.482  0
-1.481  0
-1.48  0
-1.479  0
-1.478  0
-1.477  0
-1.476  0
-1.475  0
-1.474  0
-1.473  0
-1.472  0
-1.471  0
-1.47  0
-1.469  0
-1.468  0
-1.467  0
-1.466  0
-1.465  0
-1.464  0
-1.463  0
-1.462  0
-1.461  0
-1.46  0
-1.459  0
-1.458  0
-1.457  0
-1.456  0
-1.455  0
-1.454  0
-1.453  0
-1.452  0
-1.451  0
-1.45  0
-1.449  0
-1.448  0
-1.447  0
-1.446  0
-1.445  0
-1.444  0
-1.443  0
-1.442  0
-1.441  0
-1.44  0
-1.439  0
-1.438  0
-1.437  0
-1.436  0
-1.435  0
-1.434  0
-1.433  0
-1.432  0
-1.431  0
-1.43  0
-1.429  0
-1.428  0
-1.427  0
-1.426  0
-1.425  0
-1.424  0
-1.423  0
-1.422  0
-1.421  0
-1.42  0
-1.419  0
-1.418  0
-1.417  0
-1.416  0
-1.415  0
-1.414  0
-1.413  0
-1.412  0
-1.411  0
-1.41  0
-1.409  0
-1.408  0
-1.407  0
-1.406  0
-1.405  0
-1.404  0
-1.403  0
-1.402  0
-1.401  0
-1.4  0
-1.399  0
-1.398  0
-1.397  0
-1.396  0
-1.395  0
-1.394  0
-1.393  0
-1.392  0
-1.391  0
-1.39  0
-1.389  0
-1.388  0
-1.387  0
-1.386  0
-1.385  0
-1.384  0
-1.383  0
-1.382  0
-1.381  0
-1.38  0
-1.379  0
-1.378  0
-1.377  0
-1.376  0
-1.375  0
-1.374  0
-1.373  0
-1.372  0
-1.371  0
-1.37  0
-1.369  0
-1.368  0
-1.367  0
-1.366  0
-1.365  0
-1.364  0
-1.363  0
-1.362  0
-1.361  0
-1.36  0
-1.359  0
-1.358  0
-1.357  0
-1.356  0
-1.355  0
-1.354  0
-1.353  0
-1.352  0
-1.351  0
-1.35  0
-1.349  0
-1.348  0
-1.347  0
-1.346  0
-1.345  0
-1.344  0
-1.343  0
-1.342  0
-1.341  0
-1.34  0
-1.339  -2.7277e-07
-1.338  -1.4671e-06
-1.337  -3.05222e-06
-1.336  -9.28096e-06
-1.335  -3.00299e-06
-1.334  -5.6093e-06
-1.333  -4.62724e-06
-1.332  -1.75384e-05
-1.331  -2.49849e-05
-1.33  -2.97638e-05
-1.329  -2.99809e-05
-1.328  -3.92408e-05
-1.327  -5.06365e-05
-1.326  -5.11156e-05
-1.325  -5.0652e-05
-1.324  -5.55412e-05
-1.323  -5.81954e-05
-1.322  -6.22899e-05
-1.321  -6.60128e-05
-1.32  -7.22211e-05
-1.319  -7.60047e-05
-1.318  -7.65036e-05
-1.317  -6.87749e-05
-1.316  -7.50265e-05
-1.315  -7.69037e-05
-1.314  -8.28149e-05
-1.313  -7.46288e-05
-1.312  -6.89815e-05
-1.311  -7.02419e-05
-1.31  -7.65741e-05
-1.309  -7.82784e-05
-1.308  -7.19994e-05
-1.307  -7.55222e-05
-1.306  -8.12623e-05
-1.305  -8.34692e-05
-1.304  -8.42777e-05
-1.303  -8.68285e-05
-1.302  -9.25125e-05
-1.301  -8.96052e-05
-1.3  -8.54361e-05
-1.299  -8.55471e-05
-1.298  -9.4242e-05
-1.297  -9.77771e-05
-1.296  -9.3743e-05
-1.295  -9.43617e-05
-1.294  -9.75603e-05
-1.293  -0.000102423
-1.292  -9.82867e-05
-1.291  -9.9366e-05
-1.29  -9.48229e-05
-1.289  -9.37001e-05
-1.288  -9.4863e-05
-1.287  -9.52523e-05
-1.286  -9.22204e-05
-1.285  -9.59131e-05
-1.284  -9.35963e-05
-1.283  -8.93223e-05
-1.282  -9.04169e-05
-1.281  -9.49565e-05
-1.28  -9.65764e-05
-1.279  -9.92685e-05
-1.278  -0.000104968
-1.277  -0.000106297
-1.276  -0.000109656
-1.275  -0.000104888
-1.274  -9.73743e-05
-1.273  -0.000102504
-1.272  -0.000104721
-1.271  -0.00010043
-1.27  -0.000100112
-1.269  -9.67885e-05
-1.268  -9.93332e-05
-1.267  -0.000100057
-1.266  -9.92476e-05
-1.265  -9.90192e-05
-1.264  -0.000104491
-1.263  -0.000105887
-1.262  -0.000100391
-1.261  -0.000105277
-1.26  -9.83806e-05
-1.259  -9.33173e-05
-1.258  -9.71359e-05
-1.257  -9.63967e-05
-1.256  -9.38923e-05
-1.255  -0.000102707
-1.254  -9.80986e-05
-1.253  -9.46113e-05
-1.252  -9.88775e-05
-1.251  -0.000101895
-1.25  -0.000101321
-1.249  -0.000102244
-1.248  -0.000102766
-1.247  -0.000100356
-1.246  -0.000105297
-1.245  -0.00010061
-1.244  -9.63543e-05
-1.243  -9.80705e-05
-1.242  -9.92772e-05
-1.241  -0.000101356
-1.24  -9.88072e-05
-1.239  -9.47072e-05
-1.238  -9.52246e-05
-1.237  -9.77743e-05
-1.236  -9.44922e-05
-1.235  -9.83172e-05
-1.234  -9.85615e-05
-1.233  -9.35201e-05
-1.232  -8.66908e-05
-1.231  -9.17667e-05
-1.23  -8.72755e-05
-1.229  -8.73773e-05
-1.228  -9.07069e-05
-1.227  -8.44511e-05
-1.226  -8.17676e-05
-1.225  -8.50139e-05
-1.224  -8.8433e-05
-1.223  -8.91381e-05
-1.222  -9.29358e-05
-1.221  -0.000100642
-1.22  -0.000103877
-1.219  -0.000104248
-1.218  -0.000105213
-1.217  -0.000108424
-1.216  -0.000111504
-1.215  -0.000115945
-1.214  -0.000115905
-1.213  -0.00011771
-1.212  -0.000113781
-1.211  -0.000115901
-1.21  -0.000113021
-1.209  -0.000108859
-1.208  -0.000113554
-1.207  -0.000112904
-1.206  -0.000111327
-1.205  -0.000111446
-1.204  -0.000105304
-1.203  -0.000103276
-1.202  -9.62411e-05
-1.201  -9.22645e-05
-1.2  -8.43591e-05
-1.199  -8.85459e-05
-1.198  -8.73693e-05
-1.197  -7.69194e-05
-1.196  -6.76838e-05
-1.195  -7.25646e-05
-1.194  -7.77067e-05
-1.193  -8.404e-05
-1.192  -8.98435e-05
-1.191  -9.29696e-05
-1.19  -9.64828e-05
-1.189  -0.00010242
-1.188  -0.000104907
-1.187  -0.000105218
-1.186  -0.000106652
-1.185  -0.000109478
-1.184  -0.000103974
-1.183  -0.000106911
-1.182  -0.000112299
-1.181  -0.000117765
-1.18  -0.000113386
-1.179  -0.000112353
-1.178  -0.000123564
-1.177  -0.000125042
-1.176  -0.00012284
-1.175  -0.000120164
-1.174  -0.000116611
-1.173  -0.00010803
-1.172  -0.000106631
-1.171  -0.00010058
-1.17  -9.10142e-05
-1.169  -9.28838e-05
-1.168  -9.61792e-05
-1.167  -9.07066e-05
-1.166  -8.55016e-05
-1.165  -8.81105e-05
-1.164  -9.42577e-05
-1.163  -9.53797e-05
-1.162  -9.83435e-05
-1.161  -0.000103245
-1.16  -0.000104359
-1.159  -0.000106524
-1.158  -0.000107134
-1.157  -0.000106416
-1.156  -0.000109354
-1.155  -0.00011118
-1.154  -0.000107866
-1.153  -0.000104905
-1.152  -0.000109836
-1.151  -0.00010877
-1.15  -0.00010497
-1.149  -0.000105171
-1.148  -0.000109228
-1.147  -0.000112626
-1.146  -0.000113333
-1.145  -0.000105058
-1.144  -9.86523e-05
-1.143  -9.45082e-05
-1.142  -8.331e-05
-1.141  -7.70026e-05
-1.14  -6.66017e-05
-1.139  -7.22004e-05
-1.138  -7.73206e-05
-1.137  -7.34223e-05
-1.136  -6.91305e-05
-1.135  -7.63971e-05
-1.134  -8.37745e-05
-1.133  -8.16344e-05
-1.132  -8.42892e-05
-1.131  -9.1498e-05
-1.13  -9.07214e-05
-1.129  -0.000100451
-1.128  -9.94178e-05
-1.127  -9.43327e-05
-1.126  -9.88246e-05
-1.125  -0.000104675
-1.124  -9.97612e-05
-1.123  -0.000102001
-1.122  -0.000108878
-1.121  -0.000108618
-1.12  -0.000102879
-1.119  -0.000102267
-1.118  -0.000103118
-1.117  -0.000106179
-1.116  -0.000102566
-1.115  -9.90166e-05
-1.114  -9.6974e-05
-1.113  -9.46218e-05
-1.112  -8.10912e-05
-1.111  -7.74501e-05
-1.11  -6.37982e-05
-1.109  -6.66296e-05
-1.108  -7.43681e-05
-1.107  -6.87779e-05
-1.106  -6.85446e-05
-1.105  -7.55829e-05
-1.104  -8.27572e-05
-1.103  -8.1905e-05
-1.102  -8.80131e-05
-1.101  -9.35899e-05
-1.1  -9.22302e-05
-1.099  -9.90615e-05
-1.098  -0.000101278
-1.097  -9.91836e-05
-1.096  -0.000104417
-1.095  -0.000106987
-1.094  -0.000104294
-1.093  -0.000110956
-1.092  -0.000114588
-1.091  -0.000120197
-1.09  -0.000112503
-1.089  -0.000108833
-1.088  -0.000110025
-1.087  -0.000110757
-1.086  -0.000103687
-1.085  -0.000106802
-1.084  -9.98891e-05
-1.083  -9.45063e-05
-1.082  -8.85879e-05
-1.081  -8.57202e-05
-1.08  -7.33406e-05
-1.079  -7.3026e-05
-1.078  -7.71958e-05
-1.077  -7.14695e-05
-1.076  -7.21979e-05
-1.075  -7.92956e-05
-1.074  -8.0099e-05
-1.073  -8.26495e-05
-1.072  -8.14725e-05
-1.071  -8.54115e-05
-1.07  -8.80937e-05
-1.069  -9.52681e-05
-1.068  -9.31278e-05
-1.067  -9.0296e-05
-1.066  -9.37017e-05
-1.065  -9.95798e-05
-1.064  -9.88261e-05
-1.063  -0.000101675
-1.062  -0.000109034
-1.061  -0.000119265
-1.06  -0.000109066
-1.059  -0.00010625
-1.058  -0.000104718
-1.057  -0.000110579
-1.056  -0.000102928
-1.055  -0.000112588
-1.054  -0.000108403
-1.053  -0.000106307
-1.052  -0.000108471
-1.051  -0.000106313
-1.05  -9.45151e-05
-1.049  -9.70475e-05
-1.048  -0.000107297
-1.047  -9.73326e-05
-1.046  -9.42475e-05
-1.045  -0.000100383
-1.044  -9.95066e-05
-1.043  -0.000102053
-1.042  -0.000101774
-1.041  -0.000111574
-1.04  -0.000113901
-1.039  -0.000120726
-1.038  -0.000114041
-1.037  -0.000112362
-1.036  -0.000108383
-1.035  -0.000105117
-1.034  -0.000108001
-1.033  -0.000107974
-1.032  -0.000113156
-1.031  -0.000124027
-1.03  -0.000115058
-1.029  -0.000104592
-1.028  -0.000106468
-1.027  -0.000112478
-1.026  -0.000108303
-1.025  -0.000115662
-1.024  -0.00010218
-1.023  -9.84873e-05
-1.022  -9.37446e-05
-1.021  -9.32189e-05
-1.02  -8.44702e-05
-1.019  -8.9674e-05
-1.018  -0.000102927
-1.017  -9.56914e-05
-1.016  -9.99173e-05
-1.015  -0.00010163
-1.014  -0.000105872
-1.013  -0.000104554
-1.012  -0.000104975
-1.011  -0.000114616
-1.01  -0.000124249
-1.009  -0.000129915
-1.008  -0.000124801
-1.007  -0.000120998
-1.006  -0.000117896
-1.005  -0.000119315
-1.004  -0.000119095
-1.003  -0.00012041
-1.002  -0.000124683
-1.001  -0.000127222
-1  -0.000118026
-0.999  -0.000108824
-0.998  -0.000107763
-0.997  -0.000106771
-0.996  -0.000107034
-0.995  -0.000106821
-0.994  -0.000100851
-0.993  -9.17847e-05
-0.992  -8.80274e-05
-0.991  -8.65318e-05
-0.99  -7.77555e-05
-0.989  -8.47831e-05
-0.988  -9.65279e-05
-0.987  -8.99876e-05
-0.986  -9.78823e-05
-0.985  -0.000101121
-0.984  -0.000108195
-0.983  -0.000103398
-0.982  -0.000111541
-0.981  -0.000122071
-0.98  -0.000127216
-0.979  -0.000136723
-0.978  -0.000138714
-0.977  -0.000131106
-0.976  -0.000127083
-0.975  -0.000125949
-0.974  -0.000129317
-0.973  -0.000133954
-0.972  -0.000141413
-0.971  -0.000145503
-0.97  -0.000132001
-0.969  -0.00012085
-0.968  -0.00012069
-0.967  -0.000116671
-0.966  -0.000115635
-0.965  -0.000115033
-0.964  -0.000113341
-0.963  -9.88393e-05
-0.962  -9.58106e-05
-0.961  -9.08627e-05
-0.96  -8.15842e-05
-0.959  -8.0502e-05
-0.958  -9.0189e-05
-0.957  -8.47417e-05
-0.956  -9.73768e-05
-0.955  -9.88434e-05
-0.954  -9.96074e-05
-0.953  -9.22642e-05
-0.952  -9.42194e-05
-0.951  -0.000108725
-0.95  -0.000114625
-0.949  -0.000120373
-0.948  -0.000120079
-0.947  -0.000111707
-0.946  -0.000108696
-0.945  -0.000105685
-0.944  -0.000115665
-0.943  -0.000115845
-0.942  -0.000122107
-0.941  -0.000129735
-0.94  -0.000122137
-0.939  -0.000117565
-0.938  -0.000119726
-0.937  -0.000117133
-0.936  -0.000115604
-0.935  -0.000111819
-0.934  -0.000106566
-0.933  -9.91094e-05
-0.932  -9.14491e-05
-0.931  -9.09448e-05
-0.93  -8.25278e-05
-0.929  -8.07017e-05
-0.928  -9.15492e-05
-0.927  -8.52388e-05
-0.926  -9.65835e-05
-0.925  -8.92895e-05
-0.924  -9.1944e-05
-0.923  -9.12789e-05
-0.922  -9.01433e-05
-0.921  -0.000104025
-0.92  -0.000101891
-0.919  -0.000105449
-0.918  -9.62171e-05
-0.917  -9.27561e-05
-0.916  -8.99721e-05
-0.915  -9.00597e-05
-0.914  -9.35258e-05
-0.913  -9.97327e-05
-0.912  -0.000101901
-0.911  -0.00011265
-0.91  -0.000106652
-0.909  -9.66836e-05
-0.908  -9.90462e-05
-0.907  -9.75644e-05
-0.906  -0.000100367
-0.905  -9.4736e-05
-0.904  -8.57274e-05
-0.903  -7.80675e-05
-0.902  -6.8257e-05
-0.901  -7.00126e-05
-0.9  -6.98639e-05
-0.899  -7.05832e-05
-0.898  -7.45062e-05
-0.897  -7.47408e-05
-0.896  -8.25852e-05
-0.895  -7.64839e-05
-0.894  -7.40816e-05
-0.893  -7.22446e-05
-0.892  -6.80168e-05
-0.891  -8.45336e-05
-0.89  -8.64296e-05
-0.889  -9.25206e-05
-0.888  -8.48498e-05
-0.887  -8.20251e-05
-0.886  -8.27925e-05
-0.885  -8.5119e-05
-0.884  -8.97161e-05
-0.883  -9.31078e-05
-0.882  -9.19699e-05
-0.881  -9.62439e-05
-0.88  -9.05255e-05
-0.879  -8.60888e-05
-0.878  -8.88851e-05
-0.877  -8.67939e-05
-0.876  -9.55314e-05
-0.875  -9.67622e-05
-0.874  -8.98429e-05
-0.873  -8.19213e-05
-0.872  -7.43587e-05
-0.871  -7.69262e-05
-0.87  -7.10565e-05
-0.869  -7.15922e-05
-0.868  -7.94922e-05
-0.867  -8.03295e-05
-0.866  -8.48555e-05
-0.865  -8.03357e-05
-0.864  -8.17681e-05
-0.863  -8.35053e-05
-0.862  -7.37856e-05
-0.861  -8.77645e-05
-0.86  -8.94826e-05
-0.859  -8.93841e-05
-0.858  -8.80316e-05
-0.857  -8.13095e-05
-0.856  -7.67021e-05
-0.855  -7.22632e-05
-0.854  -8.06849e-05
-0.853  -7.65821e-05
-0.852  -8.03908e-05
-0.851  -8.66288e-05
-0.85  -8.17882e-05
-0.849  -8.24017e-05
-0.848  -8.17507e-05
-0.847  -8.21826e-05
-0.846  -8.58796e-05
-0.845  -8.5991e-05
-0.844  -8.13465e-05
-0.843  -8.32557e-05
-0.842  -7.89331e-05
-0.841  -8.11206e-05
-0.84  -8.02325e-05
-0.839  -7.42756e-05
-0.838  -8.18891e-05
-0.837  -8.32193e-05
-0.836  -9.55114e-05
-0.835  -9.20691e-05
-0.834  -9.61624e-05
-0.833  -9.25663e-05
-0.832  -8.65821e-05
-0.831  -9.70908e-05
-0.83  -9.05187e-05
-0.829  -8.96042e-05
-0.828  -8.3929e-05
-0.827  -8.4064e-05
-0.826  -8.32159e-05
-0.825  -7.89706e-05
-0.824  -8.29692e-05
-0.823  -8.21312e-05
-0.822  -8.65355e-05
-0.821  -9.23983e-05
-0.82  -9.48692e-05
-0.819  -9.38222e-05
-0.818  -9.30537e-05
-0.817  -9.40561e-05
-0.816  -9.23196e-05
-0.815  -9.15739e-05
-0.814  -8.75921e-05
-0.813  -8.41655e-05
-0.812  -7.88982e-05
-0.811  -8.12032e-05
-0.81  -8.51719e-05
-0.809  -8.50897e-05
-0.808  -9.12888e-05
-0.807  -8.5961e-05
-0.806  -9.53758e-05
-0.805  -9.67588e-05
-0.804  -9.70554e-05
-0.803  -9.10621e-05
-0.802  -8.15116e-05
-0.801  -8.61753e-05
-0.8  -8.36968e-05
-0.799  -8.28414e-05
-0.798  -8.11464e-05
-0.797  -8.22252e-05
-0.796  -8.22122e-05
-0.795  -7.77424e-05
-0.794  -8.14767e-05
-0.793  -8.47067e-05
-0.792  -8.91291e-05
-0.791  -8.87757e-05
-0.79  -9.13734e-05
-0.789  -8.22292e-05
-0.788  -8.27404e-05
-0.787  -8.22951e-05
-0.786  -7.48662e-05
-0.785  -6.98875e-05
-0.784  -6.74398e-05
-0.783  -6.5638e-05
-0.782  -6.21329e-05
-0.781  -5.89638e-05
-0.78  -6.12997e-05
-0.779  -5.74962e-05
-0.778  -6.00205e-05
-0.777  -5.76064e-05
-0.776  -6.52148e-05
-0.775  -6.65244e-05
-0.774  -6.63012e-05
-0.773  -5.71596e-05
-0.772  -5.02375e-05
-0.771  -5.15532e-05
-0.77  -5.05783e-05
-0.769  -5.06082e-05
-0.768  -5.69073e-05
-0.767  -6.58172e-05
-0.766  -7.19609e-05
-0.765  -6.87609e-05
-0.764  -7.47529e-05
-0.763  -7.96226e-05
-0.762  -8.60287e-05
-0.761  -9.00279e-05
-0.76  -8.7222e-05
-0.759  -8.69235e-05
-0.758  -8.27542e-05
-0.757  -8.35082e-05
-0.756  -8.23129e-05
-0.755  -7.84995e-05
-0.754  -7.86393e-05
-0.753  -7.98245e-05
-0.752  -7.4155e-05
-0.751  -7.91283e-05
-0.75  -8.83866e-05
-0.749  -7.40058e-05
-0.748  -7.31692e-05
-0.747  -6.666e-05
-0.746  -7.4405e-05
-0.745  -7.64894e-05
-0.744  -7.58991e-05
-0.743  -6.39182e-05
-0.742  -5.39138e-05
-0.741  -5.92107e-05
-0.74  -5.639e-05
-0.739  -5.90045e-05
-0.738  -6.29705e-05
-0.737  -6.61843e-05
-0.736  -7.02407e-05
-0.735  -7.08125e-05
-0.734  -7.47501e-05
-0.733  -8.16972e-05
-0.732  -8.28463e-05
-0.731  -7.82746e-05
-0.73  -7.72622e-05
-0.729  -7.13367e-05
-0.728  -6.79957e-05
-0.727  -6.74683e-05
-0.726  -6.17323e-05
-0.725  -6.13669e-05
-0.724  -6.65365e-05
-0.723  -6.66888e-05
-0.722  -6.17094e-05
-0.721  -6.40942e-05
-0.72  -6.87353e-05
-0.719  -5.98058e-05
-0.718  -5.87183e-05
-0.717  -5.11931e-05
-0.716  -6.04495e-05
-0.715  -6.15528e-05
-0.714  -6.10348e-05
-0.713  -5.37224e-05
-0.712  -5.02222e-05
-0.711  -5.44841e-05
-0.71  -5.35749e-05
-0.709  -5.82374e-05
-0.708  -5.6688e-05
-0.707  -6.41382e-05
-0.706  -6.04723e-05
-0.705  -5.87308e-05
-0.704  -6.50332e-05
-0.703  -6.74142e-05
-0.702  -6.68286e-05
-0.701  -6.83061e-05
-0.7  -6.68964e-05
-0.699  -6.12041e-05
-0.698  -6.17313e-05
-0.697  -5.18045e-05
-0.696  -4.8434e-05
-0.695  -4.71811e-05
-0.694  -4.90284e-05
-0.693  -5.05825e-05
-0.692  -4.45165e-05
-0.691  -4.85653e-05
-0.69  -5.17905e-05
-0.689  -5.09094e-05
-0.688  -4.57991e-05
-0.687  -4.42168e-05
-0.686  -5.0612e-05
-0.685  -4.39043e-05
-0.684  -4.46489e-05
-0.683  -4.3112e-05
-0.682  -3.83243e-05
-0.681  -4.34805e-05
-0.68  -4.92789e-05
-0.679  -5.59649e-05
-0.678  -6.2479e-05
-0.677  -6.53619e-05
-0.676  -6.56934e-05
-0.675  -6.48406e-05
-0.674  -6.67262e-05
-0.673  -7.3882e-05
-0.672  -7.2569e-05
-0.671  -7.61966e-05
-0.67  -7.32627e-05
-0.669  -7.16816e-05
-0.668  -7.55992e-05
-0.667  -7.28239e-05
-0.666  -7.80572e-05
-0.665  -7.92096e-05
-0.664  -8.05016e-05
-0.663  -8.30289e-05
-0.662  -7.80297e-05
-0.661  -7.90057e-05
-0.66  -7.4967e-05
-0.659  -7.36112e-05
-0.658  -7.29257e-05
-0.657  -7.50863e-05
-0.656  -7.7514e-05
-0.655  -7.33714e-05
-0.654  -7.83293e-05
-0.653  -7.64684e-05
-0.652  -6.95019e-05
-0.651  -7.45458e-05
-0.65  -7.5675e-05
-0.649  -7.93153e-05
-0.648  -8.21579e-05
-0.647  -8.13145e-05
-0.646  -8.16125e-05
-0.645  -7.87909e-05
-0.644  -7.95781e-05
-0.643  -8.82708e-05
-0.642  -8.32432e-05
-0.641  -8.46561e-05
-0.64  -7.92044e-05
-0.639  -7.59999e-05
-0.638  -7.82228e-05
-0.637  -8.09962e-05
-0.636  -8.52463e-05
-0.635  -8.38517e-05
-0.634  -8.69354e-05
-0.633  -9.27654e-05
-0.632  -8.87409e-05
-0.631  -9.20631e-05
-0.63  -8.72238e-05
-0.629  -9.0248e-05
-0.628  -9.02284e-05
-0.627  -9.8017e-05
-0.626  -9.80492e-05
-0.625  -9.24545e-05
-0.624  -9.16534e-05
-0.623  -9.42671e-05
-0.622  -8.83078e-05
-0.621  -9.55652e-05
-0.62  -9.81046e-05
-0.619  -9.59237e-05
-0.618  -9.41843e-05
-0.617  -9.19776e-05
-0.616  -9.22238e-05
-0.615  -8.7895e-05
-0.614  -8.32577e-05
-0.613  -8.77905e-05
-0.612  -8.05889e-05
-0.611  -8.19801e-05
-0.61  -7.54865e-05
-0.609  -7.44619e-05
-0.608  -7.27156e-05
-0.607  -7.97239e-05
-0.606  -8.37717e-05
-0.605  -8.42252e-05
-0.604  -8.88599e-05
-0.603  -9.8886e-05
-0.602  -9.82924e-05
-0.601  -0.000100779
-0.6  -9.75672e-05
-0.599  -0.000106625
-0.598  -0.000108282
-0.597  -0.000112648
-0.596  -0.000111211
-0.595  -0.000110783
-0.594  -0.000111777
-0.593  -0.000117891
-0.592  -0.000108261
-0.591  -0.000111918
-0.59  -0.000114634
-0.589  -0.00011151
-0.588  -0.000107654
-0.587  -0.000103683
-0.586  -0.000100961
-0.585  -9.01309e-05
-0.584  -8.81747e-05
-0.583  -8.79425e-05
-0.582  -8.29094e-05
-0.581  -8.71664e-05
-0.58  -7.86912e-05
-0.579  -7.54585e-05
-0.578  -7.29713e-05
-0.577  -8.18921e-05
-0.576  -8.38079e-05
-0.575  -8.43651e-05
-0.574  -8.57848e-05
-0.573  -9.31008e-05
-0.572  -9.27212e-05
-0.571  -9.62802e-05
-0.57  -9.21951e-05
-0.569  -0.000101003
-0.568  -0.000105845
-0.567  -0.000112408
-0.566  -0.000114191
-0.565  -0.000116257
-0.564  -0.000116777
-0.563  -0.000119081
-0.562  -0.000109199
-0.561  -0.000105028
-0.56  -0.000111228
-0.559  -0.000108105
-0.558  -0.00010255
-0.557  -9.94692e-05
-0.556  -9.67185e-05
-0.555  -9.2834e-05
-0.554  -9.67079e-05
-0.553  -9.90858e-05
-0.552  -9.05539e-05
-0.551  -9.58142e-05
-0.55  -8.54203e-05
-0.549  -8.34496e-05
-0.548  -8.25485e-05
-0.547  -9.05108e-05
-0.546  -9.02363e-05
-0.545  -9.10447e-05
-0.544  -9.32999e-05
-0.543  -9.67805e-05
-0.542  -0.000104105
-0.541  -0.000106429
-0.54  -0.000102792
-0.539  -0.0001155
-0.538  -0.000119487
-0.537  -0.000121976
-0.536  -0.000116717
-0.535  -0.000115066
-0.534  -0.000115843
-0.533  -0.000119857
-0.532  -0.000113019
-0.531  -0.000112444
-0.53  -0.000111597
-0.529  -0.000108059
-0.528  -0.000102425
-0.527  -9.624e-05
-0.526  -9.02062e-05
-0.525  -8.55224e-05
-0.524  -9.20691e-05
-0.523  -9.46256e-05
-0.522  -8.47363e-05
-0.521  -8.92698e-05
-0.52  -7.38252e-05
-0.519  -7.0913e-05
-0.518  -7.52931e-05
-0.517  -8.69435e-05
-0.516  -8.88723e-05
-0.515  -8.91844e-05
-0.514  -9.04738e-05
-0.513  -8.99347e-05
-0.512  -9.28573e-05
-0.511  -9.9655e-05
-0.51  -0.000100118
-0.509  -0.000110835
-0.508  -0.000115693
-0.507  -0.000123178
-0.506  -0.000118875
-0.505  -0.000117009
-0.504  -0.000113379
-0.503  -0.000119231
-0.502  -0.000109761
-0.501  -0.000113711
-0.5  -0.000113881
-0.499  -0.000107118
-0.498  -9.57685e-05
-0.497  -9.20607e-05
-0.496  -8.65305e-05
-0.495  -8.65568e-05
-0.494  -9.50283e-05
-0.493  -0.000102861
-0.492  -9.357e-05
-0.491  -9.47508e-05
-0.49  -8.46181e-05
-0.489  -8.39973e-05
-0.488  -8.57278e-05
-0.487  -9.35061e-05
-0.486  -9.3809e-05
-0.485  -9.449e-05
-0.484  -9.52675e-05
-0.483  -9.99699e-05
-0.482  -9.89e-05
-0.481  -0.000107206
-0.48  -0.000107113
-0.479  -0.000119348
-0.478  -0.000123856
-0.477  -0.000123311
-0.476  -0.000121422
-0.475  -0.000114969
-0.474  -0.000106303
-0.473  -0.000112008
-0.472  -0.000108488
-0.471  -0.000109038
-0.47  -0.000108204
-0.469  -0.000101204
-0.468  -9.47213e-05
-0.467  -9.47549e-05
-0.466  -9.36265e-05
-0.465  -9.4869e-05
-0.464  -0.000106738
-0.463  -0.000117304
-0.462  -0.000105553
-0.461  -0.000103535
-0.46  -9.50656e-05
-0.459  -9.20558e-05
-0.458  -0.00010387
-0.457  -0.00010312
-0.456  -0.000106062
-0.455  -0.00010821
-0.454  -0.000107668
-0.453  -0.000107696
-0.452  -0.00010898
-0.451  -0.000114082
-0.45  -0.000113375
-0.449  -0.000126679
-0.448  -0.000129422
-0.447  -0.000126676
-0.446  -0.000116948
-0.445  -0.000106325
-0.444  -9.57625e-05
-0.443  -0.000104961
-0.442  -0.000106371
-0.441  -0.00010758
-0.44  -0.000110635
-0.439  -0.000100697
-0.438  -9.83593e-05
-0.437  -9.95495e-05
-0.436  -9.78434e-05
-0.435  -9.99339e-05
-0.434  -0.000108359
-0.433  -0.000116059
-0.432  -0.000108235
-0.431  -0.0001102
-0.43  -0.000103815
-0.429  -9.79491e-05
-0.428  -0.000107601
-0.427  -0.000114858
-0.426  -0.000116958
-0.425  -0.000121306
-0.424  -0.000119634
-0.423  -0.000123147
-0.422  -0.000126767
-0.421  -0.000129465
-0.42  -0.000133963
-0.419  -0.00013679
-0.418  -0.000139228
-0.417  -0.000137405
-0.416  -0.000130239
-0.415  -0.000120948
-0.414  -0.000110799
-0.413  -0.000114179
-0.412  -0.000113811
-0.411  -0.000109127
-0.41  -0.000113872
-0.409  -0.000108094
-0.408  -0.000103436
-0.407  -9.97136e-05
-0.406  -9.56856e-05
-0.405  -9.53053e-05
-0.404  -0.000105461
-0.403  -0.000107846
-0.402  -0.000101648
-0.401  -9.88498e-05
-0.4  -0.000102445
-0.399  -9.33621e-05
-0.398  -9.72285e-05
-0.397  -0.000101173
-0.396  -0.000103197
-0.395  -0.000107599
-0.394  -0.000106564
-0.393  -0.000107724
-0.392  -0.000112254
-0.391  -0.000112824
-0.39  -0.000112833
-0.389  -0.000117787
-0.388  -0.00012454
-0.387  -0.000124555
-0.386  -0.000118016
-0.385  -0.000104746
-0.384  -9.60395e-05
-0.383  -9.6035e-05
-0.382  -9.31885e-05
-0.381  -9.08961e-05
-0.38  -9.52953e-05
-0.379  -9.3682e-05
-0.378  -9.24468e-05
-0.377  -8.91823e-05
-0.376  -8.33874e-05
-0.375  -8.40469e-05
-0.374  -9.26986e-05
-0.373  -9.41297e-05
-0.372  -8.73373e-05
-0.371  -8.39846e-05
-0.37  -8.49541e-05
-0.369  -7.83383e-05
-0.368  -8.72859e-05
-0.367  -8.99562e-05
-0.366  -9.7483e-05
-0.365  -0.000104751
-0.364  -0.000102605
-0.363  -0.000103541
-0.362  -0.000101829
-0.361  -0.000106116
-0.36  -0.000105424
-0.359  -0.000110277
-0.358  -0.000119412
-0.357  -0.000121602
-0.356  -0.000119145
-0.355  -0.000106237
-0.354  -0.000105734
-0.353  -0.000106988
-0.352  -0.000105301
-0.351  -0.000101834
-0.35  -0.000107472
-0.349  -9.77191e-05
-0.348  -9.90371e-05
-0.347  -8.78363e-05
-0.346  -8.18724e-05
-0.345  -8.49015e-05
-0.344  -9.32073e-05
-0.343  -9.96463e-05
-0.342  -9.72929e-05
-0.341  -9.85984e-05
-0.34  -9.37729e-05
-0.339  -8.72311e-05
-0.338  -9.57341e-05
-0.337  -9.63263e-05
-0.336  -0.000104465
-0.335  -0.000107848
-0.334  -0.00011331
-0.333  -0.00011351
-0.332  -0.000113696
-0.331  -0.00011723
-0.33  -0.000118686
-0.329  -0.000126966
-0.328  -0.000137524
-0.327  -0.000136734
-0.326  -0.000136425
-0.325  -0.00012269
-0.324  -0.000119438
-0.323  -0.000117726
-0.322  -0.000114139
-0.321  -0.000118144
-0.32  -0.000119203
-0.319  -0.000113181
-0.318  -0.000115747
-0.317  -0.000109579
-0.316  -0.000102646
-0.315  -9.70202e-05
-0.314  -0.000103347
-0.313  -0.000107175
-0.312  -0.000100704
-0.311  -0.000101949
-0.31  -9.00151e-05
-0.309  -8.36392e-05
-0.308  -8.97638e-05
-0.307  -9.14384e-05
-0.306  -0.000103371
-0.305  -0.000107018
-0.304  -0.000106438
-0.303  -0.000102311
-0.302  -0.000101236
-0.301  -0.000104064
-0.3  -0.000104842
-0.299  -0.000109169
-0.298  -0.000111708
-0.297  -0.000109208
-0.296  -0.000113285
-0.295  -0.000105176
-0.294  -0.000103286
-0.293  -0.000107925
-0.292  -0.000104326
-0.291  -0.000112018
-0.29  -0.000113435
-0.289  -0.000111556
-0.288  -0.000105529
-0.287  -9.99128e-05
-0.286  -9.43421e-05
-0.285  -9.30327e-05
-0.284  -0.000101459
-0.283  -0.000101419
-0.282  -9.54611e-05
-0.281  -9.27531e-05
-0.28  -8.0728e-05
-0.279  -7.56536e-05
-0.278  -7.94623e-05
-0.277  -7.92973e-05
-0.276  -9.27207e-05
-0.275  -9.63033e-05
-0.274  -9.76595e-05
-0.273  -9.26829e-05
-0.272  -9.16712e-05
-0.271  -9.36446e-05
-0.27  -9.41024e-05
-0.269  -0.000100753
-0.268  -0.000104242
-0.267  -0.000101801
-0.266  -0.000106389
-0.265  -9.90714e-05
-0.264  -9.80472e-05
-0.263  -9.80748e-05
-0.262  -9.46511e-05
-0.261  -9.87429e-05
-0.26  -0.00010036
-0.259  -9.98257e-05
-0.258  -9.5627e-05
-0.257  -8.44107e-05
-0.256  -7.90999e-05
-0.255  -7.24031e-05
-0.254  -7.8393e-05
-0.253  -7.47252e-05
-0.252  -6.88867e-05
-0.251  -6.61059e-05
-0.25  -5.5209e-05
-0.249  -4.82629e-05
-0.248  -4.82071e-05
-0.247  -4.66396e-05
-0.246  -5.86479e-05
-0.245  -5.88197e-05
-0.244  -6.65252e-05
-0.243  -6.52249e-05
-0.242  -6.89218e-05
-0.241  -7.26706e-05
-0.24  -7.42993e-05
-0.239  -7.95603e-05
-0.238  -7.85597e-05
-0.237  -7.74949e-05
-0.236  -8.51689e-05
-0.235  -8.1258e-05
-0.234  -8.34358e-05
-0.233  -8.43931e-05
-0.232  -7.95548e-05
-0.231  -8.6016e-05
-0.23  -8.3002e-05
-0.229  -8.53572e-05
-0.228  -8.10782e-05
-0.227  -7.32751e-05
-0.226  -7.22657e-05
-0.225  -6.43643e-05
-0.224  -6.94299e-05
-0.223  -6.53726e-05
-0.222  -6.27503e-05
-0.221  -5.89726e-05
-0.22  -5.10142e-05
-0.219  -5.39683e-05
-0.218  -5.56244e-05
-0.217  -5.27078e-05
-0.216  -6.24453e-05
-0.215  -5.92905e-05
-0.214  -6.9475e-05
-0.213  -7.14312e-05
-0.212  -7.31726e-05
-0.211  -7.47245e-05
-0.21  -7.53412e-05
-0.209  -8.0868e-05
-0.208  -8.22693e-05
-0.207  -8.61246e-05
-0.206  -8.79748e-05
-0.205  -8.05974e-05
-0.204  -8.57052e-05
-0.203  -9.07299e-05
-0.202  -9.00658e-05
-0.201  -9.37239e-05
-0.2  -8.66274e-05
-0.199  -8.5466e-05
-0.198  -7.83017e-05
-0.197  -7.41699e-05
-0.196  -8.07179e-05
-0.195  -7.01376e-05
-0.194  -7.20057e-05
-0.193  -7.30222e-05
-0.192  -7.87649e-05
-0.191  -7.54382e-05
-0.19  -7.02031e-05
-0.189  -7.10228e-05
-0.188  -6.88467e-05
-0.187  -6.96084e-05
-0.186  -8.08462e-05
-0.185  -7.67559e-05
-0.184  -7.60806e-05
-0.183  -7.45461e-05
-0.182  -7.45309e-05
-0.181  -7.60639e-05
-0.18  -7.82664e-05
-0.179  -8.28654e-05
-0.178  -8.3255e-05
-0.177  -8.27218e-05
-0.176  -8.89612e-05
-0.175  -8.29499e-05
-0.174  -8.51265e-05
-0.173  -8.61853e-05
-0.172  -8.58143e-05
-0.171  -8.80444e-05
-0.17  -8.53683e-05
-0.169  -8.38591e-05
-0.168  -7.92386e-05
-0.167  -7.82956e-05
-0.166  -8.03861e-05
-0.165  -7.43528e-05
-0.164  -7.26995e-05
-0.163  -7.42388e-05
-0.162  -8.04196e-05
-0.161  -7.97605e-05
-0.16  -8.03948e-05
-0.159  -8.01824e-05
-0.158  -7.95522e-05
-0.157  -8.28901e-05
-0.156  -9.46827e-05
-0.155  -9.26326e-05
-0.154  -9.26065e-05
-0.153  -9.18502e-05
-0.152  -9.24993e-05
-0.151  -8.84628e-05
-0.15  -9.03766e-05
-0.149  -9.56634e-05
-0.148  -9.51185e-05
-0.147  -9.54563e-05
-0.146  -0.000103598
-0.145  -0.000100683
-0.144  -0.000102607
-0.143  -0.000104186
-0.142  -0.000101521
-0.141  -9.85424e-05
-0.14  -9.43544e-05
-0.139  -9.46213e-05
-0.138  -8.02813e-05
-0.137  -7.87543e-05
-0.136  -7.6836e-05
-0.135  -7.63391e-05
-0.134  -7.52636e-05
-0.133  -7.6414e-05
-0.132  -8.40063e-05
-0.131  -8.36385e-05
-0.13  -8.26917e-05
-0.129  -8.39967e-05
-0.128  -8.61613e-05
-0.127  -8.65237e-05
-0.126  -9.51251e-05
-0.125  -9.65428e-05
-0.124  -9.67543e-05
-0.123  -0.000100245
-0.122  -0.000110456
-0.121  -0.000116433
-0.12  -0.000121106
-0.119  -0.000141786
-0.118  -0.000167644
-0.117  -0.000211616
-0.116  -0.00027994
-0.115  -0.00037985
-0.114  -0.000525344
-0.113  -0.000732436
-0.112  -0.00101716
-0.111  -0.0014039
-0.11  -0.00190458
-0.109  -0.00256205
-0.108  -0.00339158
-0.107  -0.00443768
-0.106  -0.0057176
-0.105  -0.00727005
-0.104  -0.00913556
-0.103  -0.0113383
-0.102  -0.0139332
-0.101  -0.0169375
-0.1  -0.0203852
-0.099  -0.0243098
-0.098  -0.0287085
-0.097  -0.0336096
-0.096  -0.0390633
-0.095  -0.0450763
-0.094  -0.0516477
-0.093  -0.0588217
-0.092  -0.0665564
-0.091  -0.0749094
-0.09  -0.0838113
-0.089  -0.0932992
-0.088  -0.10329
-0.087  -0.113803
-0.086  -0.124862
-0.085  -0.136425
-0.084  -0.14844
-0.083  -0.160899
-0.082  -0.173778
-0.081  -0.187042
-0.08  -0.200669
-0.079  -0.214681
-0.078  -0.229034
-0.077  -0.243649
-0.076  -0.258525
-0.075  -0.273653
-0.074  -0.288983
-0.073  -0.304494
-0.072  -0.320137
-0.071  -0.335935
-0.07  -0.351812
-0.069  -0.367826
-0.068  -0.383897
-0.067  -0.399952
-0.066  -0.416004
-0.065  -0.432068
-0.064  -0.448078
-0.063  -0.464044
-0.062  -0.479927
-0.061  -0.495705
-0.06  -0.51134
-0.059  -0.526831
-0.058  -0.542193
-0.057  -0.557368
-0.056  -0.572368
-0.055  -0.587141
-0.054  -0.60172
-0.053  -0.616072
-0.052  -0.630197
-0.051  -0.644092
-0.05  -0.657754
-0.049  -0.671181
-0.048  -0.684385
-0.047  -0.697335
-0.046  -0.710024
-0.045  -0.722501
-0.044  -0.734704
-0.043  -0.746662
-0.042  -0.758364
-0.041  -0.769794
-0.04  -0.780966
-0.039  -0.791872
-0.038  -0.80254
-0.037  -0.812944
-0.036  -0.823077
-0.035  -0.832947
-0.034  -0.842525
-0.033  -0.851844
-0.032  -0.860883
-0.031  -0.869619
-0.03  -0.878105
-0.029  -0.886301
-0.028  -0.894242
-0.027  -0.901919
-0.026  -0.909256
-0.025  -0.916325
-0.024  -0.923133
-0.023  -0.929633
-0.022  -0.935867
-0.021  -0.941835
-0.02  -0.94754
-0.019  -0.952919
-0.018  -0.958019
-0.017  -0.962879
-0.016  -0.967464
-0.015  -0.971806
-0.014  -0.975861
-0.013  -0.979657
-0.012  -0.983174
-0.011  -0.986423
-0.01  -0.989409
-0.009  -0.992119
-0.008  -0.994568
-0.007  -0.996801
-0.006  -0.998766
-0.005  -1.00043
-0.004  -1.00188
-0.003  -1.00306
-0.002  -1.00399
-0.001  -1.00465
0  -1.00513
0.001  -1.00536
0.002  -1.00536
0.003  -1.00514
0.004  -1.00467
0.005  -1.00399
0.006  -1.00314
0.007  -1.00209
0.008  -1.00082
0.009  -0.999372
0.01  -0.997746
0.011  -0.995872
0.012  -0.993843
0.013  -0.991652
0.014  -0.989334
0.015  -0.986843
0.016  -0.984225
0.017  -0.981462
0.018  -0.978576
0.019  -0.975526
0.02  -0.972357
0.021  -0.969081
0.022  -0.965691
0.023  -0.962212
0.024  -0.95864
0.025  -0.954924
0.026  -0.95115
0.027  -0.947314
0.028  -0.943382
0.029  -0.939369
0.03  -0.935337
0.031  -0.931225
0.032  -0.927058
0.033  -0.922808
0.034  -0.918507
0.035  -0.914159
0.036  -0.909766
0.037  -0.905331
0.038  -0.900872
0.039  -0.896366
0.04  -0.891763
0.041  -0.887129
0.042  -0.882484
0.043  -0.877783
0.044  -0.873074
0.045  -0.868292
0.046  -0.863472
0.047  -0.858628
0.048  -0.853761
0.049  -0.84887
0.05  -0.843935
0.051  -0.838988
0.052  -0.834017
0.053  -0.829058
0.054  -0.824078
0.055  -0.81909
0.056  -0.814093
0.057  -0.809104
0.058  -0.804106
0.059  -0.79915
0.06  -0.794182
0.061  -0.789212
0.062  -0.784251
0.063  -0.779284
0.064  -0.774365
0.065  -0.769446
0.066  -0.764524
0.067  -0.759617
0.068  -0.754763
0.069  -0.749902
0.07  -0.745012
0.071  -0.740203
0.072  -0.735359
0.073  -0.730548
0.074  -0.725761
0.075  -0.720961
0.076  -0.716185
0.077  -0.711425
0.078  -0.706672
0.079  -0.701975
0.08  -0.697294
0.081  -0.692624
0.082  -0.687975
0.083  -0.683359
0.084  -0.678793
0.085  -0.674281
0.086  -0.6698
0.087  -0.665335
0.088  -0.660939
0.089  -0.656627
0.09  -0.652298
0.091  -0.648038
0.092  -0.643808
0.093  -0.6396
0.094  -0.635475
0.095  -0.631359
0.096  -0.627308
0.097  -0.623305
0.098  -0.619335
0.099  -0.615363
0.1  -0.611469
0.101  -0.607667
0.102  -0.603846
0.103  -0.60006
0.104  -0.596318
0.105  -0.592598
0.106  -0.588906
0.107  -0.585238
0.108  -0.58157
0.109  -0.577996
0.11  -0.574461
0.111  -0.57091
0.112  -0.567412
0.113  -0.563927
0.114  -0.560519
0.115  -0.557131
0.116  -0.553771
0.117  -0.550424
0.118  -0.547169
0.119  -0.543943
0.12  -0.540682
0.121  -0.537509
0.122  -0.534334
0.123  -0.531156
0.124  -0.528035
0.125  -0.524946
0.126  -0.521881
0.127  -0.518885
0.128  -0.515839
0.129  -0.512828
0.13  -0.509902
0.131  -0.506996
0.132  -0.50409
0.133  -0.501165
0.134  -0.498246
0.135  -0.495369
0.136  -0.492524
0.137  -0.48965
0.138  -0.486791
0.139  -0.483996
0.14  -0.481196
0.141  -0.478397
0.142  -0.475629
0.143  -0.472868
0.144  -0.470126
0.145  -0.467401
0.146  -0.464668
0.147  -0.461954
0.148  -0.459239
0.149  -0.456541
0.15  -0.453827
0.151  -0.451162
0.152  -0.448461
0.153  -0.445809
0.154  -0.44313
0.155  -0.440463
0.156  -0.437807
0.157  -0.435174
0.158  -0.432484
0.159  -0.429836
0.16  -0.427213
0.161  -0.424631
0.162  -0.422015
0.163  -0.419369
0.164  -0.4167
0.165  -0.414049
0.166  -0.411411
0.167  -0.408756
0.168  -0.406094
0.169  -0.403452
0.17  -0.400767
0.171  -0.398147
0.172  -0.395515
0.173  -0.392888
0.174  -0.390242
0.175  -0.387633
0.176  -0.384986
0.177  -0.382344
0.178  -0.379683
0.179  -0.377033
0.18  -0.374379
0.181  -0.371736
0.182  -0.36908
0.183  -0.366486
0.184  -0.363854
0.185  -0.361253
0.186  -0.358653
0.187  -0.35607
0.188  -0.35345
0.189  -0.350887
0.19  -0.348304
0.191  -0.345764
0.192  -0.343208
0.193  -0.34065
0.194  -0.338052
0.195  -0.335504
0.196  -0.332995
0.197  -0.330467
0.198  -0.32795
0.199  -0.325429
0.2  -0.322918
0.201  -0.320475
0.202  -0.318037
0.203  -0.315605
0.204  -0.313144
0.205  -0.31076
0.206  -0.308358
0.207  -0.305992
0.208  -0.303616
0.209  -0.301301
0.21  -0.29895
0.211  -0.296643
0.212  -0.294373
0.213  -0.29217
0.214  -0.28997
0.215  -0.287791
0.216  -0.28564
0.217  -0.283544
0.218  -0.281424
0.219  -0.279357
0.22  -0.277282
0.221  -0.275225
0.222  -0.273219
0.223  -0.271269
0.224  -0.269252
0.225  -0.267286
0.226  -0.265376
0.227  -0.263473
0.228  -0.26157
0.229  -0.259707
0.23  -0.257887
0.231  -0.256091
0.232  -0.254308
0.233  -0.252518
0.234  -0.250733
0.235  -0.249032
0.236  -0.247308
0.237  -0.245649
0.238  -0.243992
0.239  -0.242387
0.24  -0.240783
0.241  -0.239201
0.242  -0.237639
0.243  -0.236178
0.244  -0.234717
0.245  -0.233293
0.246  -0.231892
0.247  -0.230502
0.248  -0.229104
0.249  -0.227733
0.25  -0.226394
0.251  -0.225067
0.252  -0.223769
0.253  -0.22252
0.254  -0.221211
0.255  -0.219932
0.256  -0.218698
0.257  -0.217469
0.258  -0.216238
0.259  -0.215024
0.26  -0.213839
0.261  -0.212666
0.262  -0.211458
0.263  -0.210289
0.264  -0.209069
0.265  -0.207907
0.266  -0.206762
0.267  -0.20564
0.268  -0.204531
0.269  -0.20343
0.27  -0.202328
0.271  -0.201227
0.272  -0.200137
0.273  -0.199082
0.274  -0.198041
0.275  -0.196986
0.276  -0.195973
0.277  -0.194926
0.278  -0.193878
0.279  -0.192856
0.28  -0.191823
0.281  -0.190811
0.282  -0.189767
0.283  -0.188769
0.284  -0.187717
0.285  -0.186659
0.286  -0.185634
0.287  -0.184587
0.288  -0.183515
0.289  -0.182453
0.29  -0.181429
0.291  -0.180375
0.292  -0.179313
0.293  -0.17826
0.294  -0.177161
0.295  -0.176059
0.296  -0.174993
0.297  -0.173929
0.298  -0.17286
0.299  -0.171783
0.3  -0.170713
0.301  -0.169635
0.302  -0.168548
0.303  -0.167485
0.304  -0.166446
0.305  -0.165397
0.306  -0.16435
0.307  -0.163284
0.308  -0.16223
0.309  -0.161155
0.31  -0.160092
0.311  -0.159026
0.312  -0.157959
0.313  -0.156922
0.314  -0.155863
0.315  -0.15478
0.316  -0.153725
0.317  -0.15265
0.318  -0.15159
0.319  -0.150498
0.32  -0.149453
0.321  -0.148382
0.322  -0.147318
0.323  -0.146254
0.324  -0.145152
0.325  -0.144064
0.326  -0.143015
0.327  -0.141954
0.328  -0.140905
0.329  -0.139859
0.33  -0.138848
0.331  -0.137817
0.332  -0.136802
0.333  -0.135791
0.334  -0.134827
0.335  -0.133849
0.336  -0.13288
0.337  -0.131896
0.338  -0.130969
0.339  -0.130009
0.34  -0.129092
0.341  -0.128168
0.342  -0.127239
0.343  -0.126358
0.344  -0.125456
0.345  -0.124557
0.346  -0.123696
0.347  -0.122831
0.348  -0.122001
0.349  -0.121132
0.35  -0.120306
0.351  -0.119473
0.352  -0.118654
0.353  -0.117841
0.354  -0.117012
0.355  -0.116197
0.356  -0.115444
0.357  -0.114651
0.358  -0.113898
0.359  -0.113149
0.36  -0.112433
0.361  -0.111708
0.362  -0.110996
0.363  -0.110325
0.364  -0.109657
0.365  -0.108997
0.366  -0.108351
0.367  -0.107685
0.368  -0.107082
0.369  -0.106462
0.37  -0.10587
0.371  -0.105266
0.372  -0.10467
0.373  -0.104126
0.374  -0.103556
0.375  -0.102966
0.376  -0.102423
0.377  -0.101888
0.378  -0.101357
0.379  -0.100807
0.38  -0.1003
0.381  -0.0998012
0.382  -0.0992752
0.383  -0.0987756
0.384  -0.0982414
0.385  -0.0977271
0.386  -0.0972529
0.387  -0.0967347
0.388  -0.0962451
0.389  -0.0957508
0.39  -0.0952894
0.391  -0.0947998
0.392  -0.0943185
0.393  -0.0938819
0.394  -0.0934201
0.395  -0.0929653
0.396  -0.0925097
0.397  -0.0920609
0.398  -0.0916164
0.399  -0.0911806
0.4  -0.0907351
0.401  -0.0902763
0.402  -0.0898278
0.403  -0.0894043
0.404  -0.0889503
0.405  -0.0884673
0.406  -0.088023
0.407  -0.0875592
0.408  -0.0870909
0.409  -0.0866322
0.41  -0.0861898
0.411  -0.085734
0.412  -0.0852477
0.413  -0.0847888
0.414  -0.0843037
0.415  -0.0838061
0.416  -0.0833112
0.417  -0.0828428
0.418  -0.0823299
0.419  -0.081816
0.42  -0.0813458
0.421  -0.0808188
0.422  -0.0803066
0.423  -0.0798248
0.424  -0.0793075
0.425  -0.078799
0.426  -0.0782971
0.427  -0.0778006
0.428  -0.0772561
0.429  -0.076746
0.43  -0.0762327
0.431  -0.0757108
0.432  -0.0751913
0.433  -0.0746685
0.434  -0.0741495
0.435  -0.0736129
0.436  -0.0730639
0.437  -0.0725236
0.438  -0.0719827
0.439  -0.0714325
0.44  -0.0708947
0.441  -0.0703668
0.442  -0.069797
0.443  -0.0692766
0.444  -0.0687485
0.445  -0.068194
0.446  -0.0676385
0.447  -0.067135
0.448  -0.0665806
0.449  -0.0660355
0.45  -0.0654996
0.451  -0.0649525
0.452  -0.0644227
0.453  -0.0638953
0.454  -0.0633587
0.455  -0.0628523
0.456  -0.0623446
0.457  -0.0618394
0.458  -0.0613159
0.459  -0.0608294
0.46  -0.0603335
0.461  -0.0598641
0.462  -0.0593813
0.463  -0.0588788
0.464  -0.0584003
0.465  -0.057929
0.466  -0.0574446
0.467  -0.0569763
0.468  -0.0564956
0.469  -0.0560266
0.47  -0.0555547
0.471  -0.0550981
0.472  -0.0546417
0.473  -0.0542149
0.474  -0.05377
0.475  -0.0533377
0.476  -0.0529104
0.477  -0.052529
0.478  -0.0521155
0.479  -0.0517049
0.48  -0.051297
0.481  -0.0508921
0.482  -0.0505198
0.483  -0.0501541
0.484  -0.0497697
0.485  -0.0494101
0.486  -0.0490564
0.487  -0.048722
0.488  -0.0483815
0.489  -0.0480756
0.49  -0.0477604
0.491  -0.0474641
0.492  -0.0471567
0.493  -0.0468473
0.494  -0.0465468
0.495  -0.0462447
0.496  -0.0459463
0.497  -0.0456554
0.498  -0.0453749
0.499  -0.0450951
0.5  -0.0448183
0.501  -0.0445429
0.502  -0.0442762
0.503  -0.0440278
0.504  -0.0437623
0.505  -0.0435144
0.506  -0.0432592
0.507  -0.0430341
0.508  -0.0427925
0.509  -0.0425608
0.51  -0.0423026
0.511  -0.0420693
0.512  -0.0418558
0.513  -0.0416462
0.514  -0.0414148
0.515  -0.0411855
0.516  -0.0409644
0.517  -0.0407378
0.518  -0.0405109
0.519  -0.0403094
0.52  -0.0400952
0.521  -0.0398726
0.522  -0.039668
0.523  -0.0394519
0.524  -0.0392341
0.525  -0.0390199
0.526  -0.0388061
0.527  -0.0385774
0.528  -0.0383626
0.529  -0.0381569
0.53  -0.0379343
0.531  -0.0377059
0.532  -0.0374618
0.533  -0.0372464
0.534  -0.037009
0.535  -0.0367911
0.536  -0.0365559
0.537  -0.03633
0.538  -0.0360892
0.539  -0.0358531
0.54  -0.0356023
0.541  -0.0353591
0.542  -0.0351354
0.543  -0.0348995
0.544  -0.0346394
0.545  -0.0343755
0.546  -0.0341254
0.547  -0.0338623
0.548  -0.0335817
0.549  -0.0333258
0.55  -0.0330684
0.551  -0.0327966
0.552  -0.0325403
0.553  -0.0322834
0.554  -0.0320086
0.555  -0.031749
0.556  -0.0314877
0.557  -0.0312189
0.558  -0.0309589
0.559  -0.0307019
0.56  -0.0304288
0.561  -0.0301468
0.562  -0.0298565
0.563  -0.0295947
0.564  -0.0293133
0.565  -0.029034
0.566  -0.0287454
0.567  -0.0284842
0.568  -0.028201
0.569  -0.0279016
0.57  -0.027627
0.571  -0.0273442
0.572  -0.0270714
0.573  -0.0267972
0.574  -0.0265048
0.575  -0.0262277
0.576  -0.025956
0.577  -0.0256614
0.578  -0.0253808
0.579  -0.0251152
0.58  -0.0248444
0.581  -0.0245732
0.582  -0.0243134
0.583  -0.0240618
0.584  -0.0238092
0.585  -0.0235623
0.586  -0.0233183
0.587  -0.0230827
0.588  -0.0228536
0.589  -0.0226278
0.59  -0.0223925
0.591  -0.0221413
0.592  -0.0219127
0.593  -0.021701
0.594  -0.0214829
0.595  -0.0212454
0.596  -0.0210403
0.597  -0.0208306
0.598  -0.0206092
0.599  -0.0203888
0.6  -0.0201882
0.601  -0.0199787
0.602  -0.0197813
0.603  -0.0195948
0.604  -0.0194074
0.605  -0.0192332
0.606  -0.019057
0.607  -0.0188824
0.608  -0.0187109
0.609  -0.018567
0.61  -0.018419
0.611  -0.018253
0.612  -0.0181073
0.613  -0.0179652
0.614  -0.0178384
0.615  -0.0176984
0.616  -0.0175765
0.617  -0.0174617
0.618  -0.0173525
0.619  -0.017248
0.62  -0.0171409
0.621  -0.0170307
0.622  -0.0169309
0.623  -0.0168367
0.624  -0.0167408
0.625  -0.0166319
0.626  -0.0165504
0.627  -0.0164579
0.628  -0.0163464
0.629  -0.0162649
0.63  -0.0161836
0.631  -0.0160903
0.632  -0.016
0.633  -0.0159372
0.634  -0.0158723
0.635  -0.0158003
0.636  -0.0157347
0.637  -0.0156529
0.638  -0.015588
0.639  -0.0155314
0.64  -0.0154727
0.641  -0.0153921
0.642  -0.0153219
0.643  -0.015261
0.644  -0.0152064
0.645  -0.0151329
0.646  -0.0150821
0.647  -0.0150292
0.648  -0.0149502
0.649  -0.014907
0.65  -0.0148607
0.651  -0.0148004
0.652  -0.0147401
0.653  -0.0146774
0.654  -0.0146226
0.655  -0.0145453
0.656  -0.0144984
0.657  -0.0144339
0.658  -0.0143607
0.659  -0.014291
0.66  -0.0142296
0.661  -0.0141542
0.662  -0.014068
0.663  -0.0140071
0.664  -0.0139437
0.665  -0.0138715
0.666  -0.0138055
0.667  -0.0137511
0.668  -0.0136781
0.669  -0.0136028
0.67  -0.0135431
0.671  -0.0134623
0.672  -0.013383
0.673  -0.0133062
0.674  -0.0132338
0.675  -0.0131527
0.676  -0.0130765
0.677  -0.0129925
0.678  -0.0129017
0.679  -0.0128387
0.68  -0.012779
0.681  -0.0127059
0.682  -0.0126259
0.683  -0.0125343
0.684  -0.0124484
0.685  -0.0123431
0.686  -0.0122539
0.687  -0.0121739
0.688  -0.0120865
0.689  -0.0119893
0.69  -0.0119017
0.691  -0.0118099
0.692  -0.0117034
0.693  -0.0116275
0.694  -0.0115319
0.695  -0.0114374
0.696  -0.0113612
0.697  -0.0112969
0.698  -0.0112065
0.699  -0.0111027
0.7  -0.0110277
0.701  -0.0109364
0.702  -0.0108574
0.703  -0.0107832
0.704  -0.0107221
0.705  -0.0106477
0.706  -0.010565
0.707  -0.010494
0.708  -0.0104292
0.709  -0.0103806
0.71  -0.0103263
0.711  -0.010274
0.712  -0.0102223
0.713  -0.0101635
0.714  -0.0101045
0.715  -0.0100386
0.716  -0.0099731
0.717  -0.0099422
0.718  -0.00990977
0.719  -0.00985377
0.72  -0.009821
0.721  -0.00978683
0.722  -0.00974209
0.723  -0.00972677
0.724  -0.00968573
0.725  -0.00965136
0.726  -0.00963092
0.727  -0.00961862
0.728  -0.00958833
0.729  -0.00955958
0.73  -0.00955076
0.731  -0.00951841
0.732  -0.00951823
0.733  -0.00951803
0.734  -0.00952742
0.735  -0.00953649
0.736  -0.00952217
0.737  -0.00953537
0.738  -0.00955211
0.739  -0.00956824
0.74  -0.00958714
0.741  -0.00960408
0.742  -0.00961288
0.743  -0.00964343
0.744  -0.00966018
0.745  -0.00967558
0.746  -0.00968235
0.747  -0.00972104
0.748  -0.00975862
0.749  -0.00978494
0.75  -0.00982426
0.751  -0.00985453
0.752  -0.00988643
0.753  -0.00993686
0.754  -0.00996454
0.755  -0.0100095
0.756  -0.0100442
0.757  -0.0100998
0.758  -0.0101365
0.759  -0.0101778
0.76  -0.0102318
0.761  -0.0102711
0.762  -0.010322
0.763  -0.0103822
0.764  -0.0104361
0.765  -0.0105009
0.766  -0.0105398
0.767  -0.0105976
0.768  -0.0106487
0.769  -0.0107003
0.77  -0.0107604
0.771  -0.0108203
0.772  -0.0108632
0.773  -0.0109219
0.774  -0.0109558
0.775  -0.0110069
0.776  -0.011032
0.777  -0.0110878
0.778  -0.0111367
0.779  -0.0111799
0.78  -0.011227
0.781  -0.0112639
0.782  -0.0113018
0.783  -0.0113622
0.784  -0.0113886
0.785  -0.0114364
0.786  -0.0114632
0.787  -0.0115165
0.788  -0.0115527
0.789  -0.01159
0.79  -0.0116242
0.791  -0.0116542
0.792  -0.01169
0.793  -0.0117296
0.794  -0.0117628
0.795  -0.0118208
0.796  -0.0118406
0.797  -0.0118645
0.798  -0.011887
0.799  -0.0119075
0.8  -0.0119466
0.801  -0.0119879
0.802  -0.0119957
0.803  -0.0120254
0.804  -0.0120352
0.805  -0.0120538
0.806  -0.0120506
0.807  -0.0120702
0.808  -0.0120768
0.809  -0.0120891
0.81  -0.0120907
0.811  -0.0120961
0.812  -0.0120958
0.813  -0.0121129
0.814  -0.0120946
0.815  -0.0120989
0.816  -0.0121017
0.817  -0.0121153
0.818  -0.0121256
0.819  -0.0121201
0.82  -0.0121155
0.821  -0.0121167
0.822  -0.0121187
0.823  -0.0121159
0.824  -0.0121297
0.825  -0.0121616
0.826  -0.012161
0.827  -0.0121678
0.828  -0.0121707
0.829  -0.0121826
0.83  -0.0121973
0.831  -0.0122299
0.832  -0.0122376
0.833  -0.0122429
0.834  -0.0122581
0.835  -0.0122693
0.836  -0.0122639
0.837  -0.0122718
0.838  -0.0122838
0.839  -0.0122921
0.84  -0.012307
0.841  -0.0123122
0.842  -0.0123228
0.843  -0.0123439
0.844  -0.0123292
0.845  -0.0123386
0.846  -0.0123493
0.847  -0.0123641
0.848  -0.0123892
0.849  -0.0123975
0.85  -0.0124054
0.851  -0.0124168
0.852  -0.012448
0.853  -0.0124599
0.854  -0.0124829
0.855  -0.012529
0.856  -0.0125543
0.857  -0.0125897
0.858  -0.0126165
0.859  -0.0126431
0.86  -0.0126812
0.861  -0.012737
0.862  -0.012764
0.863  -0.0128063
0.864  -0.0128434
0.865  -0.0128853
0.866  -0.0129183
0.867  -0.0129475
0.868  -0.0130041
0.869  -0.0130379
0.87  -0.0130812
0.871  -0.0131195
0.872  -0.0131625
0.873  -0.0132195
0.874  -0.0132476
0.875  -0.0132856
0.876  -0.0133224
0.877  -0.0133721
0.878  -0.0134233
0.879  -0.013475
0.88  -0.0135174
0.881  -0.0135639
0.882  -0.0136245
0.883  -0.0136692
0.884  -0.0137242
0.885  -0.0137921
0.886  -0.0138432
0.887  -0.0138899
0.888  -0.0139405
0.889  -0.0139804
0.89  -0.0140372
0.891  -0.0141032
0.892  -0.014152
0.893  -0.014201
0.894  -0.0142613
0.895  -0.0143036
0.896  -0.0143384
0.897  -0.0143805
0.898  -0.0144341
0.899  -0.0144635
0.9  -0.0145145
0.901  -0.0145536
0.902  -0.0146048
0.903  -0.0146542
0.904  -0.0146808
0.905  -0.014716
0.906  -0.0147525
0.907  -0.0147931
0.908  -0.0148439
0.909  -0.0148816
0.91  -0.01491
0.911  -0.0149347
0.912  -0.014984
0.913  -0.014999
0.914  -0.0150355
0.915  -0.0150833
0.916  -0.0151164
0.917  -0.0151373
0.918  -0.0151622
0.919  -0.0151676
0.92  -0.0151853
0.921  -0.0152139
0.922  -0.0152227
0.923  -0.0152388
0.924  -0.0152603
0.925  -0.0152613
0.926  -0.0152612
0.927  -0.0152617
0.928  -0.015268
0.929  -0.0152675
0.93  -0.0152768
0.931  -0.0152769
0.932  -0.015293
0.933  -0.0153023
0.934  -0.0152901
0.935  -0.0152786
0.936  -0.0152766
0.937  -0.0152819
0.938  -0.0152928
0.939  -0.0153012
0.94  -0.0152943
0.941  -0.0152853
0.942  -0.0152905
0.943  -0.0152676
0.944  -0.0152682
0.945  -0.0152689
0.946  -0.0152578
0.947  -0.015246
0.948  -0.0152311
0.949  -0.0152106
0.95  -0.0151883
0.951  -0.0151774
0.952  -0.0151511
0.953  -0.0151368
0.954  -0.0151259
0.955  -0.0150927
0.956  -0.0150679
0.957  -0.0150429
0.958  -0.0150089
0.959  -0.0149781
0.96  -0.0149628
0.961  -0.0149401
0.962  -0.0149282
0.963  -0.014906
0.964  -0.0148851
0.965  -0.0148637
0.966  -0.0148404
0.967  -0.0148215
0.968  -0.0148141
0.969  -0.0148084
0.97  -0.0147977
0.971  -0.0147787
0.972  -0.0147641
0.973  -0.0147337
0.974  -0.0147282
0.975  -0.0147027
0.976  -0.0146878
0.977  -0.0146694
0.978  -0.0146502
0.979  -0.0146341
0.98  -0.0146112
0.981  -0.0146016
0.982  -0.0145858
0.983  -0.0145694
0.984  -0.0145576
0.985  -0.0145347
0.986  -0.0145293
0.987  -0.0145045
0.988  -0.0144742
0.989  -0.0144395
0.99  -0.0144327
0.991  -0.0144346
0.992  -0.0144312
0.993  -0.0144133
0.994  -0.0144042
0.995  -0.0143871
0.996  -0.0143698
0.997  -0.0143743
0.998  -0.0143675
0.999  -0.014362
1  -0.014356
1.001  -0.0143416
1.002  -0.0143319
1.003  -0.0143174
1.004  -0.0143153
1.005  -0.014294
1.006  -0.0142866
1.007  -0.0142728
1.008  -0.01426
1.009  -0.0142466
1.01  -0.0142144
1.011  -0.0142103
1.012  -0.0141956
1.013  -0.0141956
1.014  -0.0141825
1.015  -0.0141741
1.016  -0.0141554
1.017  -0.0141328
1.018  -0.0141155
1.019  -0.0140901
1.02  -0.0140772
1.021  -0.0140734
1.022  -0.0140584
1.023  -0.0140377
1.024  -0.014018
1.025  -0.0139931
1.026  -0.0139695
1.027  -0.0139683
1.028  -0.0139515
1.029  -0.0139355
1.03  -0.0139019
1.031  -0.0138832
1.032  -0.0138444
1.033  -0.0138223
1.034  -0.013798
1.035  -0.0137622
1.036  -0.013734
1.037  -0.0137026
1.038  -0.0136621
1.039  -0.0136364
1.04  -0.0135884
1.041  -0.0135615
1.042  -0.0135203
1.043  -0.0134905
1.044  -0.0134478
1.045  -0.0134273
1.046  -0.0133815
1.047  -0.0133345
1.048  -0.0132968
1.049  -0.0132557
1.05  -0.0132083
1.051  -0.0131836
1.052  -0.0131303
1.053  -0.0130829
1.054  -0.013041
1.055  -0.0129884
1.056  -0.0129325
1.057  -0.0129125
1.058  -0.0128574
1.059  -0.0128124
1.06  -0.0127472
1.061  -0.012706
1.062  -0.0126461
1.063  -0.0126066
1.064  -0.0125516
1.065  -0.0124911
1.066  -0.0124385
1.067  -0.0123794
1.068  -0.0123182
1.069  -0.0122647
1.07  -0.0121885
1.071  -0.012148
1.072  -0.0120895
1.073  -0.0120313
1.074  -0.0119691
1.075  -0.0119284
1.076  -0.0118609
1.077  -0.0118025
1.078  -0.0117489
1.079  -0.0116905
1.08  -0.0116223
1.081  -0.0115762
1.082  -0.0115123
1.083  -0.0114524
1.084  -0.0113991
1.085  -0.0113343
1.086  -0.0112693
1.087  -0.011232
1.088  -0.0111745
1.089  -0.0111294
1.09  -0.0110576
1.091  -0.011005
1.092  -0.0109447
1.093  -0.0108978
1.094  -0.0108335
1.095  -0.0107693
1.096  -0.0107162
1.097  -0.0106485
1.098  -0.0105898
1.099  -0.0105382
1.1  -0.0104695
1.101  -0.0104202
1.102  -0.0103612
1.103  -0.0103019
1.104  -0.0102494
1.105  -0.0102085
1.106  -0.0101433
1.107  -0.0100871
1.108  -0.0100245
1.109  -0.00996927
1.11  -0.00990671
1.111  -0.00985413
1.112  -0.00980407
1.113  -0.00974973
1.114  -0.00969931
1.115  -0.0096385
1.116  -0.00958614
1.117  -0.0095522
1.118  -0.00950806
1.119  -0.00947121
1.12  -0.00941939
1.121  -0.00937274
1.122  -0.00932454
1.123  -0.00927408
1.124  -0.00921769
1.125  -0.00916434
1.126  -0.00911511
1.127  -0.00906733
1.128  -0.00901699
1.129  -0.0089788
1.13  -0.00893234
1.131  -0.00888379
1.132  -0.00883207
1.133  -0.00878878
1.134  -0.00874867
1.135  -0.00871562
1.136  -0.00866309
1.137  -0.00861015
1.138  -0.00854807
1.139  -0.00848925
1.14  -0.00842895
1.141  -0.00837368
1.142  -0.00832393
1.143  -0.00827412
1.144  -0.00822877
1.145  -0.00817931
1.146  -0.00813893
1.147  -0.00810618
1.148  -0.00805512
1.149  -0.00800842
1.15  -0.00796645
1.151  -0.0079169
1.152  -0.00785331
1.153  -0.00779789
1.154  -0.00774447
1.155  -0.00768705
1.156  -0.00763253
1.157  -0.00758575
1.158  -0.00753642
1.159  -0.00749378
1.16  -0.00744781
1.161  -0.00740474
1.162  -0.00734718
1.163  -0.00729621
1.164  -0.00724537
1.165  -0.00718743
1.166  -0.00712701
1.167  -0.00706612
1.168  -0.00700313
1.169  -0.00693496
1.17  -0.00687456
1.171  -0.00682332
1.172  -0.00675469
1.173  -0.00668767
1.174  -0.00662886
1.175  -0.00656473
1.176  -0.00651134
1.177  -0.00646161
1.178  -0.00639957
1.179  -0.00633099
1.18  -0.00627696
1.181  -0.00621501
1.182  -0.00614104
1.183  -0.00607906
1.184  -0.00602016
1.185  -0.00594978
1.186  -0.0058863
1.187  -0.00582096
1.188  -0.00575192
1.189  -0.00569122
1.19  -0.00562935
1.191  -0.0055772
1.192  -0.00550808
1.193  -0.00544144
1.194  -0.00537058
1.195  -0.00530043
1.196  -0.00523133
1.197  -0.00516143
1.198  -0.00509484
1.199  -0.00501608
1.2  -0.00494872
1.201  -0.00488171
1.202  -0.00479632
1.203  -0.00472485
1.204  -0.00465508
1.205  -0.00458299
1.206  -0.00452351
1.207  -0.00446976
1.208  -0.00440312
1.209  -0.00433711
1.21  -0.00427682
1.211  -0.00420857
1.212  -0.00414114
1.213  -0.00409068
1.214  -0.00402644
1.215  -0.0039559
1.216  -0.00389754
1.217  -0.0038398
1.218  -0.00376554
1.219  -0.00371131
1.22  -0.00365766
1.221  -0.00361191
1.222  -0.00354756
1.223  -0.00349083
1.224  -0.00342669
1.225  -0.00336517
1.226  -0.0032998
1.227  -0.00323164
1.228  -0.00317369
1.229  -0.00310114
1.23  -0.00304065
1.231  -0.0029751
1.232  -0.00290361
1.233  -0.00284626
1.234  -0.00277945
1.235  -0.00271274
1.236  -0.00265604
1.237  -0.00261497
1.238  -0.00255344
1.239  -0.00250228
1.24  -0.00245081
1.241  -0.00238971
1.242  -0.00233877
1.243  -0.00229434
1.244  -0.00223919
1.245  -0.00218931
1.246  -0.00214668
1.247  -0.00209014
1.248  -0.00203351
1.249  -0.00198768
1.25  -0.00194773
1.251  -0.00190927
1.252  -0.00186142
1.253  -0.00183315
1.254  -0.0017869
1.255  -0.00174315
1.256  -0.00169577
1.257  -0.00164387
1.258  -0.00160558
1.259  -0.00155561
1.26  -0.00151625
1.261  -0.00146095
1.262  -0.00141316
1.263  -0.00137743
1.264  -0.00131947
1.265  -0.00127336
1.266  -0.00122386
1.267  -0.00120388
1.268  -0.00116446
1.269  -0.00113536
1.27  -0.00109444
1.271  -0.00105245
1.272  -0.000998877
1.273  -0.000956583
1.274  -0.000915835
1.275  -0.000879667
1.276  -0.000839076
1.277  -0.000781018
1.278  -0.000736596
1.279  -0.000696953
1.28  -0.000666572
1.281  -0.000633962
1.282  -0.000585709
1.283  -0.000559957
1.284  -0.000527132
1.285  -0.000505317
1.286  -0.000459818
1.287  -0.000414669
1.288  -0.000370435
1.289  -0.000325496
1.29  -0.000286327
1.291  -0.000249233
1.292  -0.000217441
1.293  -0.000184476
1.294  -0.000136293
1.295  -0.000100742
1.296  -5.77971e-05
1.297  -3.34486e-05
1.298  6.99346e-06
1.299  4.68752e-05
1.3  8.79974e-05
1.301  0.000123793
1.302  0.000163818
1.303  0.000212413
1.304  0.0002556
1.305  0.000288034
1.306  0.000321971
1.307  0.000361313
1.308  0.00040026
1.309  0.000441463
1.31  0.000476721
1.311  0.000515317
1.312  0.000565746
1.313  0.000602805
1.314  0.000631956
1.315  0.000652684
1.316  0.000699077
1.317  0.000735662
1.318  0.000773586
1.319  0.000810257
1.32  0.000839807
1.321  0.000882447
1.322  0.000907522
1.323  0.000930369
1.324  0.0009675
1.325  0.000998154
1.326  0.00102583
1.327  0.00104746
1.328  0.00107475
1.329  0.00110522
1.33  0.00112548
1.331  0.00115519
1.332  0.00118822
1.333  0.0012288
1.334  0.00125599
1.335  0.00126567
1.336  0.00129389
1.337  0.00131568
1.338  0.00133829
1.339  0.00136344
1.34  0.00138448
1.341  0.00141487
1.342  0.00144666
1.343  0.00147427
1.344  0.00149082
1.345  0.00151554
1.346  0.00153836
1.347  0.00156574
1.348  0.00159783
1.349  0.00162666
1.35  0.00163277
1.351  0.00165051
1.352  0.00166248
1.353  0.00167478
1.354  0.00169564
1.355  0.00170271
1.356  0.00171201
1.357  0.00171944
1.358  0.00174232
1.359  0.00174901
1.36  0.00175482
1.361  0.00176866
1.362  0.00178312
1.363  0.00179707
1.364  0.00180183
1.365  0.00179229
1.366  0.0017925
1.367  0.00179777
1.368  0.00180502
1.369  0.00182039
1.37  0.00181821
1.371  0.00182313
1.372  0.00182994
1.373  0.00184577
1.374  0.00184331
1.375  0.00185601
1.376  0.00185969
1.377  0.00186334
1.378  0.00186976
1.379  0.00186993
1.38  0.00186526
1.381  0.001863
1.382  0.00186445
1.383  0.0018588
1.384  0.00186967
1.385  0.00186025
1.386  0.00184156
1.387  0.00182996
1.388  0.00182104
1.389  0.00181523
1.39  0.0018014
1.391  0.0017909
1.392  0.0017841
1.393  0.00178122
1.394  0.00176383
1.395  0.00174962
1.396  0.00172656
1.397  0.00171682
1.398  0.00170731
1.399  0.00170058
1.4  0.00168884
1.401  0.00166932
1.402  0.00165597
1.403  0.0016505
1.404  0.00163944
1.405  0.00163705
1.406  0.00161807
1.407  0.00160394
1.408  0.00158767
1.409  0.00157689
1.41  0.00156633
1.411  0.0015458
1.412  0.00153338
1.413  0.00150372
1.414  0.00149702
1.415  0.00147646
1.416  0.00145493
1.417  0.001429
1.418  0.00141012
1.419  0.00138842
1.42  0.00137013
1.421  0.0013557
1.422  0.00134277
1.423  0.00132371
1.424  0.00129342
1.425  0.0012764
1.426  0.00124932
1.427  0.0012323
1.428  0.00121411
1.429  0.00119805
1.43  0.00117904
1.431  0.00114626
1.432  0.00112785
1.433  0.00110573
1.434  0.00108949
1.435  0.00107423
1.436  0.00105199
1.437  0.00102814
1.438  0.000999453
1.439  0.000976476
1.44  0.000957073
1.441  0.000925762
1.442  0.000907548
1.443  0.000871072
1.444  0.000850572
1.445  0.000825833
1.446  0.000796294
1.447  0.000746238
1.448  0.000715394
1.449  0.000687052
1.45  0.000664871
1.451  0.000643822
1.452  0.000620281
1.453  0.000586148
1.454  0.00054958
1.455  0.000520273
1.456  0.000479258
1.457  0.000446731
1.458  0.000422999
1.459  0.000397786
1.46  0.000365291
1.461  0.000320716
1.462  0.000290941
1.463  0.000257391
1.464  0.000222922
1.465  0.000203746
1.466  0.00018149
1.467  0.000150614
1.468  0.000112837
1.469  7.32058e-05
1.47  3.90025e-05
1.471  -9.03962e-06
1.472  -4.82456e-05
1.473  -9.51858e-05
1.474  -0.000136058
1.475  -0.000168571
1.476  -0.000207263
1.477  -0.000268844
1.478  -0.000317254
1.479  -0.00035731
1.48  -0.000395768
1.481  -0.000432167
1.482  -0.000466158
1.483  -0.000512628
1.484  -0.000566155
1.485  -0.000602524
1.486  -0.000653194
1.487  -0.000696813
1.488  -0.000731661
1.489  -0.000766102
1.49  -0.000800842
1.491  -0.000847661
1.492  -0.000887163
1.493  -0.000916182
1.494  -0.000959931
1.495  -0.00099004
1.496  -0.00101692
1.497  -0.00105754
1.498  -0.00110813
1.499  -0.00115099
1.5  -0.00118781
1.501  -0.00124092
1.502  -0.00128837
1.503  -0.00133997
1.504  -0.00138875
1.505  -0.00143453
1.506  -0.00148383
1.507  -0.00153972
1.508  -0.00160141
1.509  -0.00164877
1.51  -0.0016878
1.511  -0.00173439
1.512  -0.00179042
1.513  -0.00184086
1.514  -0.00190132
1.515  -0.00194527
1.516  -0.00199201
1.517  -0.00203645
1.518  -0.00208152
1.519  -0.00213158
1.52  -0.00217688
1.521  -0.0022259
1.522  -0.00228132
1.523  -0.00232979
1.524  -0.00238216
1.525  -0.00242147
1.526  -0.00246083
1.527  -0.00250421
1.528  -0.00256496
1.529  -0.00261051
1.53  -0.00265238
1.531  -0.00269604
1.532  -0.0027461
1.533  -0.00279201
1.534  -0.00285397
1.535  -0.00290684
1.536  -0.00295257
1.537  -0.00299892
1.538  -0.00305472
1.539  -0.00309498
1.54  -0.00313197
1.541  -0.00317147
1.542  -0.00321654
1.543  -0.00326397
1.544  -0.00331298
1.545  -0.00335979
1.546  -0.00340094
1.547  -0.00344066
1.548  -0.00348445
1.549  -0.00353266
1.55  -0.00357476
1.551  -0.00362455
1.552  -0.00367919
1.553  -0.00371523
1.554  -0.00375814
1.555  -0.00379668
1.556  -0.00384952
1.557  -0.00388602
1.558  -0.00394478
1.559  -0.00399642
1.56  -0.00402581
1.561  -0.0040654
1.562  -0.00409889
1.563  -0.00414393
1.564  -0.00419248
1.565  -0.00424203
1.566  -0.00428664
1.567  -0.00432502
1.568  -0.00436942
1.569  -0.00442706
1.57  -0.00445925
1.571  -0.00450391
1.572  -0.00454928
1.573  -0.00460346
1.574  -0.0046566
1.575  -0.00468344
1.576  -0.00473102
1.577  -0.00477522
1.578  -0.0048088
1.579  -0.00486773
1.58  -0.00492098
1.581  -0.00496129
1.582  -0.00501046
1.583  -0.00505926
1.584  -0.00510586
1.585  -0.00513495
1.586  -0.00519607
1.587  -0.00523849
1.588  -0.00526843
1.589  -0.00530966
1.59  -0.00533339
1.591  -0.00536655
1.592  -0.00538857
1.593  -0.00542118
1.594  -0.00546913
1.595  -0.00549396
1.596  -0.00552776
1.597  -0.00556017
1.598  -0.00559363
1.599  -0.00562766
1.6  -0.00566907
1.601  -0.00570549
1.602  -0.0057254
1.603  -0.00575332
1.604  -0.00579765
1.605  -0.0058143
1.606  -0.00585661
1.607  -0.00590595
1.608  -0.00593534
1.609  -0.00596561
1.61  -0.0060123
1.611  -0.00605017
1.612  -0.00608031
1.613  -0.00610935
1.614  -0.00615518
1.615  -0.00618242
1.616  -0.00622379
1.617  -0.00625053
1.618  -0.00627366
1.619  -0.00630619
1.62  -0.00632263
1.621  -0.00636269
1.622  -0.00639469
1.623  -0.00642442
1.624  -0.00646192
1.625  -0.00647325
1.626  -0.00649367
1.627  -0.00651569
1.628  -0.00653884
1.629  -0.00655196
1.63  -0.00657663
1.631  -0.00660982
1.632  -0.00661957
1.633  -0.00664487
1.634  -0.00665853
1.635  -0.00666939
1.636  -0.00670201
1.637  -0.00673236
1.638  -0.00673612
1.639  -0.00675826
1.64  -0.00676824
1.641  -0.00678575
1.642  -0.00679806
1.643  -0.00681752
1.644  -0.00684797
1.645  -0.0068572
1.646  -0.00688859
1.647  -0.00691261
1.648  -0.00692711
1.649  -0.00694621
1.65  -0.00695911
1.651  -0.00700053
1.652  -0.00701528
1.653  -0.00704124
1.654  -0.00705464
1.655  -0.00705675
1.656  -0.0070644
1.657  -0.00707618
1.658  -0.00709972
1.659  -0.00710787
1.66  -0.00712231
1.661  -0.00713518
1.662  -0.00714858
1.663  -0.00715842
1.664  -0.00716195
1.665  -0.00716555
1.666  -0.00716915
1.667  -0.00717644
1.668  -0.00717302
1.669  -0.00716582
1.67  -0.00715572
1.671  -0.00716586
1.672  -0.00714672
1.673  -0.00717151
1.674  -0.00718224
1.675  -0.00717763
1.676  -0.00719955
1.677  -0.00719422
1.678  -0.00721056
1.679  -0.00720184
1.68  -0.00720702
1.681  -0.00719094
1.682  -0.0071786
1.683  -0.00718036
1.684  -0.00715279
1.685  -0.00716197
1.686  -0.00719472
1.687  -0.0071904
1.688  -0.00718015
1.689  -0.00715796
1.69  -0.00714752
1.691  -0.0071701
1.692  -0.00714389
1.693  -0.00710145
1.694  -0.00709549
1.695  -0.00707603
1.696  -0.00702991
1.697  -0.00700456
1.698  -0.00699061
1.699  -0.00697089
1.7  -0.00695967
1.701  -0.00696116
1.702  -0.00696324
1.703  -0.00698072
1.704  -0.00697321
1.705  -0.00688693
1.706  -0.00683964
1.707  -0.00680513
1.708  -0.00677316
1.709  -0.00671393
1.71  -0.00665423
1.711  -0.00660693
1.712  -0.00658605
1.713  -0.00653877
1.714  -0.00649149
1.715  -0.00647937
1.716  -0.00643899
1.717  -0.00639862
1.718  -0.00635824
1.719  -0.00631786
1.72  -0.00626355
1.721  -0.00620924
1.722  -0.00615493
1.723  -0.00610062
1.724  -0.00610062
1.725  -0.00610062
1.726  -0.00610062
1.727  -0.00610062
1.728  -0.00610062
1.729  -0.00610062
1.73  -0.00610062
1.731  -0.00610062
1.732  -0.00610062
1.733  -0.00610062
1.734  -0.00610062
1.735  -0.00610062
1.736  -0.00610062
1.737  -0.00610062
1.738  -0.00610062
1.739  -0.00610062
1.74  -0.00610062
1.741  -0.00610062
1.742  -0.00610062
1.743  -0.00610062
1.744  -0.00610062
1.745  -0.00610062
1.746  -0.00610062
1.747  -0.00610062
1.748  -0.00610062
1.749  -0.00610062
1.75  -0.00610062
1.751  -0.00610062
1.752  -0.00610062
1.753  -0.00610062
1.754  -0.00610062
1.755  -0.00610062
1.756  -0.00610062
1.757  -0.00610062
1.758  -0.00610062
1.759  -0.00610062
1.76  -0.00610062
1.761  -0.00610062
1.762  -0.00610062
1.763  -0.00610062
1.764  -0.00610062
1.765  -0.00610062
1.766  -0.00610062
1.767  -0.00610062
1.768  -0.00610062
1.769  -0.00610062
1.77  -0.00610062
1.771  -0.00610062
1.772  -0.00610062
1.773  -0.00610062
1.774  -0.00610062
1.775  -0.00610062
1.776  -0.00610062
1.777  -0.00610062
1.778  -0.00610062
1.779  -0.00610062
1.78  -0.00610062
1.781  -0.00610062
1.782  -0.00610062
1.783  -0.00610062
1.784  -0.00610062
1.785  -0.00610062
1.786  -0.00610062
1.787  -0.00610062
1.788  -0.00610062
1.789  -0.00610062
1.79  -0.00610062
1.791  -0.00610062
1.792  -0.00610062
1.793  -0.00610062
1.794  -0.00610062
1.795  -0.00610062
1.796  -0.00610062
1.797  -0.00610062
1.798  -0.00610062
1.799  -0.00610062
1.8  -0.00610062
1.801  -0.00610062
1.802  -0.00610062
1.803  -0.00610062
1.804  -0.00610062
1.805  -0.00610062
1.806  -0.00610062
1.807  -0.00610062
1.808  -0.00610062
1.809  -0.00610062
1.81  -0.00610062
1.811  -0.00610062
1.812  -0.00610062
1.813  -0.00610062
1.814  -0.00610062
1.815  -0.00610062
1.816  -0.00610062
1.817  -0.00610062
1.818  -0.00610062
1.819  -0.00610062
1.82  -0.00610062
1.821  -0.00610062
1.822  -0.00610062
1.823  -0.00610062
1.824  -0.00610062
1.825  -0.00610062
1.826  -0.00610062
1.827  -0.00610062
1.828  -0.00610062
1.829  -0.00610062
1.83  -0.00610062
1.831  -0.00610062
1.832  -0.00610062
1.833  -0.00610062
1.834  -0.00610062
1.835  -0.00610062
1.836  -0.00610062
1.837  -0.00610062
1.838  -0.00610062
1.839  -0.00610062
1.84  -0.00610062
1.841  -0.00610062
1.842  -0.00610062
1.843  -0.00610062
1.844  -0.00610062
1.845  -0.00610062
1.846  -0.00610062
1.847  -0.00610062
1.848  -0.00610062
1.849  -0.00610062
1.85  -0.00610062
1.851  -0.00610062
1.852  -0.00610062
1.853  -0.00610062
1.854  -0.00610062
1.855  -0.00610062
1.856  -0.00610062
1.857  -0.00610062
1.858  -0.00610062
1.859  -0.00610062
1.86  -0.00610062
1.861  -0.00610062
1.862  -0.00610062
1.863  -0.00610062
1.864  -0.00610062
1.865  -0.00610062
1.866  -0.00610062
1.867  -0.00610062
1.868  -0.00610062
1.869  -0.00610062
1.87  -0.00610062
1.871  -0.00610062
1.872  -0.00610062
1.873  -0.00610062
1.874  -0.00610062
1.875  -0.00610062
1.876  -0.00610062
1.877  -0.00610062
1.878  -0.00610062
1.879  -0.00610062
1.88  -0.00610062
1.881  -0.00610062
1.882  -0.00610062
1.883  -0.00610062
1.884  -0.00610062
1.885  -0.00610062
1.886  -0.00610062
1.887  -0.00610062
1.888  -0.00610062
1.889  -0.00610062
1.89  -0.00610062
1.891  -0.00610062
1.892  -0.00610062
1.893  -0.00610062
1.894  -0.00610062
1.895  -0.00610062
1.896  -0.00610062
1.897  -0.00610062
1.898  -0.00610062
1.899  -0.00610062
1.9  -0.00610062
1.901  -0.00610062
1.902  -0.00610062
1.903  -0.00610062
1.904  -0.00610062
1.905  -0.00610062
1.906  -0.00610062
1.907  -0.00610062
1.908  -0.00610062
1.909  -0.00610062
1.91  -0.00610062
1.911  -0.00610062
1.912  -0.00610062
1.913  -0.00610062
1.914  -0.00610062
1.915  -0.00610062
1.916  -0.00610062
1.917  -0.00610062
1.918  -0.00610062
1.919  -0.00610062
1.92  -0.00610062
1.921  -0.00610062
1.922  -0.00610062
1.923  -0.00610062
1.924  -0.00610062
1.925  -0.00610062
1.926  -0.00610062
1.927  -0.00610062
1.928  -0.00610062
1.929  -0.00610062
1.93  -0.00610062
1.931  -0.00610062
1.932  -0.00610062
1.933  -0.00610062
1.934  -0.00610062
1.935  -0.00610062
1.936  -0.00610062
1.937  -0.00610062
1.938  -0.00610062
1.939  -0.00610062
1.94  -0.00610062
1.941  -0.00610062
1.942  -0.00610062
1.943  -0.00610062
1.944  -0.00610062
1.945  -0.00610062
1.946  -0.00610062
1.947  -0.00610062
1.948  -0.00610062
1.949  -0.00610062
1.95  -0.00610062
1.951  -0.00610062
1.952  -0.00610062
1.953  -0.00610062
1.954  -0.00610062
1.955  -0.00610062
1.956  -0.00610062
1.957  -0.00610062
1.958  -0.00610062
1.959  -0.00610062
1.96  -0.00610062
1.961  -0.00610062
1.962  -0.00610062
1.963  -0.00610062
1.964  -0.00610062
1.965  -0.00610062
1.966  -0.00610062
1.967  -0.00610062
1.968  -0.00610062
1.969  -0.00610062
1.97  -0.00610062
1.971  -0.00610062
1.972  -0.00610062
1.973  -0.00610062
1.974  -0.00610062
1.975  -0.00610062
1.976  -0.00610062
1.977  -0.00610062
1.978  -0.00610062
1.979  -0.00610062
1.98  -0.00610062
1.981  -0.00610062
1.982  -0.00610062
1.983  -0.00610062
1.984  -0.00610062
1.985  -0.00610062
1.986  -0.00610062
1.987  -0.00610062
1.988  -0.00610062
1.989  -0.00610062
1.99  -0.00610062
1.991  -0.00610062
1.992  -0.00610062
1.993  -0.00610062
1.994  -0.00610062
1.995  -0.00610062
1.996  -0.00610062
1.997  -0.00610062
1.998  -0.00610062
1.999  -0.00610062
2  -0.00610062
2.001  -0.00610062
2.002  -0.00610062
2.003  -0.00610062
2.004  -0.00610062
2.005  -0.00610062
2.006  -0.00610062
2.007  -0.00610062
2.008  -0.00610062
2.009  -0.00610062
2.01  -0.00610062
2.011  -0.00610062
2.012  -0.00610062
2.013  -0.00610062
2.014  -0.00610062
2.015  -0.00610062
2.016  -0.00610062
2.017  -0.00610062
2.018  -0.00610062
2.019  -0.00610062
2.02  -0.00610062
2.021  -0.00610062
2.022  -0.00610062
2.023  -0.00610062
2.024  -0.00610062
2.025  -0.00610062
2.026  -0.00610062
2.027  -0.00610062
2.028  -0.00610062
2.029  -0.00610062
2.03  -0.00610062
2.031  -0.00610062
2.032  -0.00610062
2.033  -0.00610062
2.034  -0.00610062
2.035  -0.00610062
2.036  -0.00610062
2.037  -0.00610062
2.038  -0.00610062
2.039  -0.00610062
2.04  -0.00610062
2.041  -0.00610062
2.042  -0.00610062
2.043  -0.00610062
2.044  -0.00610062
2.045  -0.00610062
2.046  -0.00610062
2.047  -0.00610062
2.048  -0.00610062
2.049  -0.00610062
2.05  -0.00610062
2.051  -0.00610062
2.052  -0.00610062
2.053  -0.00610062
2.054  -0.00610062
2.055  -0.00610062
2.056  -0.00610062
2.057  -0.00610062
2.058  -0.00610062
2.059  -0.00610062
2.06  -0.00610062
2.061  -0.00610062
2.062  -0.00610062
2.063  -0.00610062
2.064  -0.00610062
2.065  -0.00610062
2.066  -0.00610062
2.067  -0.00610062
2.068  -0.00610062
2.069  -0.00610062
2.07  -0.00610062
2.071  -0.00610062
2.072  -0.00610062
2.073  -0.00610062
2.074  -0.00610062
2.075  -0.00610062
2.076  -0.00610062
2.077  -0.00610062
2.078  -0.00610062
2.079  -0.00610062
2.08  -0.00610062
2.081  -0.00610062
2.082  -0.00610062
2.083  -0.00610062
2.084  -0.00610062
2.085  -0.00610062
2.086  -0.00610062
2.087  -0.00610062
2.088  -0.00610062
2.089  -0.00610062
2.09  -0.00610062
2.091  -0.00610062
2.092  -0.00610062
2.093  -0.00610062
2.094  -0.00610062
2.095  -0.00610062
2.096  -0.00610062
2.097  -0.00610062
2.098  -0.00610062
2.099  -0.00610062
2.1  -0.00610062
2.101  -0.00610062
2.102  -0.00610062
2.103  -0.00610062
2.104  -0.00610062
2.105  -0.00610062
2.106  -0.00610062
2.107  -0.00610062
2.108  -0.00610062
2.109  -0.00610062
2.11  -0.00610062
2.111  -0.00610062
2.112  -0.00610062
2.113  -0.00610062
2.114  -0.00610062
2.115  -0.00610062
2.116  -0.00610062
2.117  -0.00610062
2.118  -0.00610062
2.119  -0.00610062
2.12  -0.00610062
2.121  -0.00610062
2.122  -0.00610062
2.123  -0.00610062
2.124  -0.00610062
2.125  -0.00610062
2.126  -0.00610062
2.127  -0.00610062
2.128  -0.00610062
2.129  -0.00610062
2.13  -0.00610062
2.131  -0.00610062
2.132  -0.00610062
2.133  -0.00610062
2.134  -0.00610062
2.135  -0.00610062
2.136  -0.00610062
2.137  -0.00610062
2.138  -0.00610062
2.139  -0.00610062
2.14  -0.00610062
2.141  -0.00610062
2.142  -0.00610062
2.143  -0.00610062
2.144  -0.00610062
2.145  -0.00610062
2.146  -0.00610062
2.147  -0.00610062
2.148  -0.00610062
2.149  -0.00610062
2.15  -0.00610062
2.151  -0.00610062
2.152  -0.00610062
2.153  -0.00610062
2.154  -0.00610062
2.155  -0.00610062
2.156  -0.00610062
2.157  -0.00610062
2.158  -0.00610062
2.159  -0.00610062
2.16  -0.00610062
2.161  -0.00610062
2.162  -0.00610062
2.163  -0.00610062
2.164  -0.00610062
2.165  -0.00610062
2.166  -0.00610062
2.167  -0.00610062
2.168  -0.00610062
2.169  -0.00610062
2.17  -0.00610062
2.171  -0.00610062
2.172  -0.00610062
2.173  -0.00610062
2.174  -0.00610062
2.175  -0.00610062
2.176  -0.00610062
2.177  -0.00610062
2.178  -0.00610062
2.179  -0.00610062
2.18  -0.00610062
2.181  -0.00610062
2.182  -0.00610062
2.183  -0.00610062
2.184  -0.00610062
2.185  -0.00610062
2.186  -0.00610062
2.187  -0.00610062
2.188  -0.00610062
2.189  -0.00610062
2.19  -0.00610062
2.191  -0.00610062
2.192  -0.00610062
2.193  -0.00610062
2.194  -0.00610062
2.195  -0.00610062
2.196  -0.00610062
2.197  -0.00610062
2.198  -0.00610062
2.199  -0.00610062
2.2  -0.00610062
2.201  -0.00610062
2.202  -0.00610062
2.203  -0.00610062
2.204  -0.00610062
2.205  -0.00610062
2.206  -0.00610062
2.207  -0.00610062
2.208  -0.00610062
2.209  -0.00610062
2.21  -0.00610062
2.211  -0.00610062
2.212  -0.00610062
2.213  -0.00610062
2.214  -0.00610062
2.215  -0.00610062
2.216  -0.00610062
2.217  -0.00610062
2.218  -0.00610062
2.219  -0.00610062
2.22  -0.00610062
2.221  -0.00610062
2.222  -0.00610062
2.223  -0.00610062
2.224  -0.00610062
2.225  -0.00610062
2.226  -0.00610062
2.227  -0.00610062
2.228  -0.00610062
2.229  -0.00610062
2.23  -0.00610062
2.231  -0.00610062
2.232  -0.00610062
2.233  -0.00610062
2.234  -0.00610062
2.235  -0.00610062
2.236  -0.00610062
2.237  -0.00610062
2.238  -0.00610062
2.239  -0.00610062
2.24  -0.00610062
2.241  -0.00610062
2.242  -0.00610062
2.243  -0.00610062
2.244  -0.00610062
2.245  -0.00610062
2.246  -0.00610062
2.247  -0.00610062
2.248  -0.00610062
2.249  -0.00610062
2.25  -0.00610062
2.251  -0.00610062
2.252  -0.00610062
2.253  -0.00610062
2.254  -0.00610062
2.255  -0.00610062
2.256  -0.00610062
2.257  -0.00610062
2.258  -0.00610062
2.259  -0.00610062
2.26  -0.00610062
2.261  -0.00610062
2.262  -0.00610062
2.263  -0.00610062
2.264  -0.00610062
2.265  -0.00610062
2.266  -0.00610062
2.267  -0.00610062
2.268  -0.00610062
2.269  -0.00610062
2.27  -0.00610062
2.271  -0.00610062
2.272  -0.00610062
2.273  -0.00610062
2.274  -0.00610062
2.275  -0.00610062
2.276  -0.00610062
2.277  -0.00610062
2.278  -0.00610062
2.279  -0.00610062
2.28  -0.00610062
2.281  -0.00610062
2.282  -0.00610062
2.283  -0.00610062
2.284  -0.00610062
2.285  -0.00610062
2.286  -0.00610062
2.287  -0.00610062
2.288  -0.00610062
2.289  -0.00610062
2.29  -0.00610062
2.291  -0.00610062
2.292  -0.00610062
2.293  -0.00610062
2.294  -0.00610062
2.295  -0.00610062
2.296  -0.00610062
2.297  -0.00610062
2.298  -0.00610062
2.299  -0.00610062
2.3  -0.00610062
2.301  -0.00610062
2.302  -0.00610062
2.303  -0.00610062
2.304  -0.00610062
2.305  -0.00610062
2.306  -0.00610062
2.307  -0.00610062
2.308  -0.00610062
2.309  -0.00610062
2.31  -0.00610062
2.311  -0.00610062
2.312  -0.00610062
2.313  -0.00610062
2.314  -0.00610062
2.315  -0.00610062
2.316  -0.00610062
2.317  -0.00610062
2.318  -0.00610062
2.319  -0.00610062
2.32  -0.00610062
2.321  -0.00610062
2.322  -0.00610062
2.323  -0.00610062
2.324  -0.00610062
2.325  -0.00610062
2.326  -0.00610062
2.327  -0.00610062
2.328  -0.00610062
2.329  -0.00610062
2.33  -0.00610062
2.331  -0.00610062
2.332  -0.00610062
2.333  -0.00610062
2.334  -0.00610062
2.335  -0.00610062
2.336  -0.00610062
2.337  -0.00610062
2.338  -0.00610062
2.339  -0.00610062
2.34  -0.00610062
2.341  -0.00610062
2.342  -0.00610062
2.343  -0.00610062
2.344  -0.00610062
2.345  -0.00610062
2.346  -0.00610062
2.347  -0.00610062
2.348  -0.00610062
2.349  -0.00610062
2.35  -0.00610062
2.351  -0.00610062
2.352  -0.00610062
2.353  -0.00610062
2.354  -0.00610062
2.355  -0.00610062
2.356  -0.00610062
2.357  -0.00610062
2.358  -0.00610062
2.359  -0.00610062
2.36  -0.00610062
2.361  -0.00610062
2.362  -0.00610062
2.363  -0.00610062
2.364  -0.00610062
2.365  -0.00610062
2.366  -0.00610062
2.367  -0.00610062
2.368  -0.00610062
2.369  -0.00610062
2.37  -0.00610062
2.371  -0.00610062
2.372  -0.00610062
2.373  -0.00610062
2.374  -0.00610062
2.375  -0.00610062
2.376  -0.00610062
2.377  -0.00610062
2.378  -0.00610062
2.379  -0.00610062
2.38  -0.00610062
2.381  -0.00610062
2.382  -0.00610062
2.383  -0.00610062
2.384  -0.00610062
2.385  -0.00610062
2.386  -0.00610062
2.387  -0.00610062
2.388  -0.00610062
2.389  -0.00610062
2.39  -0.00610062
2.391  -0.00610062
2.392  -0.00610062
2.393  -0.00610062
2.394  -0.00610062
2.395  -0.00610062
2.396  -0.00610062
2.397  -0.00610062
2.398  -0.00610062
2.399  -0.00610062
2.4  -0.00610062
2.401  -0.00610062
2.402  -0.00610062
2.403  -0.00610062
2.404  -0.00610062
2.405  -0.00610062
2.406  -0.00610062
2.407  -0.00610062
2.408  -0.00610062
2.409  -0.00610062
2.41  -0.00610062
2.411  -0.00610062
2.412  -0.00610062
2.413  -0.00610062
2.414  -0.00610062
2.415  -0.00610062
2.416  -0.00610062
2.417  -0.00610062
2.418  -0.00610062
2.419  -0.00610062
2.42  -0.00610062
2.421  -0.00610062
2.422  -0.00610062
2.423  -0.00610062
2.424  -0.00610062
2.425  -0.00610062
2.426  -0.00610062
2.427  -0.00610062
2.428  -0.00610062
2.429  -0.00610062
2.43  -0.00610062
2.431  -0.00610062
2.432  -0.00610062
2.433  -0.00610062
2.434  -0.00610062
2.435  -0.00610062
2.436  -0.00610062
2.437  -0.00610062
2.438  -0.00610062
2.439  -0.00610062
2.44  -0.00610062
2.441  -0.00610062
2.442  -0.00610062
2.443  -0.00610062
2.444  -0.00610062
2.445  -0.00610062
2.446  -0.00610062
2.447  -0.00610062
2.448  -0.00610062
2.449  -0.00610062
2.45  -0.00610062
2.451  -0.00610062
2.452  -0.00610062
2.453  -0.00610062
2.454  -0.00610062
2.455  -0.00610062
2.456  -0.00610062
2.457  -0.00610062
2.458  -0.00610062
2.459  -0.00610062
2.46  -0.00610062
2.461  -0.00610062
2.462  -0.00610062
2.463  -0.00610062
2.464  -0.00610062
2.465  -0.00610062
2.466  -0.00610062
2.467  -0.00610062
2.468  -0.00610062
2.469  -0.00610062
2.47  -0.00610062
2.471  -0.00610062
2.472  -0.00610062
2.473  -0.00610062
2.474  -0.00610062
2.475  -0.00610062
2.476  -0.00610062
2.477  -0.00610062
2.478  -0.00610062
2.479  -0.00610062
2.48  -0.00610062
2.481  -0.00610062
2.482  -0.00610062
2.483  -0.00610062
2.484  -0.00610062
2.485  -0.00610062
2.486  -0.00610062
2.487  -0.00610062
2.488  -0.00610062
2.489  -0.00610062
2.49  -0.00610062
2.491  -0.00610062
2.492  -0.00610062
2.493  -0.00610062
2.494  -0.00610062
2.495  -0.00610062
2.496  -0.00610062
2.497  -0.00610062
2.498  -0.00610062
2.499  -0.00610062
