-1.5  0
-1.499  0
-1.498  0
-1.497  0
-1.496  0
-1.495  0
-1.494  0
-1.493  0
-1.492  0
-1.491  0
-1.49  0
-1.489  0
-1.488  0
-1.487  0
-1.486  0
-1.485  0
-1.484  0
-1.483  0
-1.482  0
-1.481  0
-1.48  0
-1.479  0
-1.478  0
-1.477  0
-1.476  0
-1.475  0
-1.474  0
-1.473  0
-1.472  0
-1.471  0
-1.47  0
-1.469  0
-1.468  0
-1.467  0
-1.466  0
-1.465  0
-1.464  0
-1.463  0
-1.462  0
-1.461  0
-1.46  0
-1.459  0
-1.458  0
-1.457  0
-1.456  0
-1.455  0
-1.454  0
-1.453  0
-1.452  0
-1.451  0
-1.45  0
-1.449  0
-1.448  0
-1.447  0
-1.446  0
-1.445  0
-1.444  0
-1.443  0
-1.442  0
-1.441  0
-1.44  0
-1.439  0
-1.438  0
-1.437  0
-1.436  0
-1.435  0
-1.434  0
-1.433  0
-1.432  0
-1.431  0
-1.43  0
-1.429  0
-1.428  0
-1.427  0
-1.426  0
-1.425  0
-1.424  0
-1.423  0
-1.422  0
-1.421  0
-1.42  0
-1.419  0
-1.418  0
-1.417  0
-1.416  0
-1.415  0
-1.414  0
-1.413  0
-1.412  0
-1.411  0
-1.41  0
-1.409  0
-1.408  0
-1.407  0
-1.406  0
-1.405  0
-1.404  0
-1.403  0
-1.402  0
-1.401  0
-1.4  0
-1.399  0
-1.398  0
-1.397  0
-1.396  0
-1.395  0
-1.394  0
-1.393  0
-1.392  0
-1.391  0
-1.39  0
-1.389  0
-1.388  0
-1.387  0
-1.386  0
-1.385  0
-1.384  0
-1.383  0
-1.382  0
-1.381  0
-1.38  0
-1.379  0
-1.378  0
-1.377  0
-1.376  0
-1.375  0
-1.374  0
-1.373  0
-1.372  0
-1.371  0
-1.37  0
-1.369  0
-1.368  0
-1.367  0
-1.366  0
-1.365  0
-1.364  0
-1.363  0
-1.362  0
-1.361  0
-1.36  0
-1.359  0
-1.358  0
-1.357  0
-1.356  0
-1.355  0
-1.354  0
-1.353  0
-1.352  0
-1.351  0
-1.35  0
-1.349  0
-1.348  0
-1.347  0
-1.346  0
-1.345  0
-1.344  0
-1.343  0
-1.342  0
-1.341  2.15281e-06
-1.34  -4.36566e-06
-1.339  -1.03674e-05
-1.338  -1.54505e-05
-1.337  -2.26667e-05
-1.336  -3.14209e-05
-1.335  -4.14449e-05
-1.334  -4.80792e-05
-1.333  -5.5247e-05
-1.332  -6.2732e-05
-1.331  -7.44672e-05
-1.33  -8.04544e-05
-1.329  -8.74028e-05
-1.328  -9.2861e-05
-1.327  -0.000105189
-1.326  -0.000109648
-1.325  -0.000120849
-1.324  -0.000125118
-1.323  -0.000138015
-1.322  -0.000148481
-1.321  -0.00014684
-1.32  -0.000150609
-1.319  -0.000157496
-1.318  -0.000155578
-1.317  -0.000155064
-1.316  -0.000153879
-1.315  -0.000160202
-1.314  -0.000161994
-1.313  -0.000166376
-1.312  -0.000159448
-1.311  -0.000160503
-1.31  -0.000163402
-1.309  -0.000167407
-1.308  -0.000163046
-1.307  -0.000167489
-1.306  -0.000161507
-1.305  -0.00016445
-1.304  -0.000158821
-1.303  -0.000156597
-1.302  -0.000155512
-1.301  -0.000152951
-1.3  -0.000147117
-1.299  -0.000149942
-1.298  -0.000149462
-1.297  -0.000146207
-1.296  -0.000139557
-1.295  -0.000136543
-1.294  -0.000128982
-1.293  -0.000129883
-1.292  -0.000128245
-1.291  -0.000122881
-1.29  -0.000119062
-1.289  -0.000117342
-1.288  -0.000111635
-1.287  -0.000112977
-1.286  -0.000112006
-1.285  -0.000112086
-1.284  -0.000110397
-1.283  -0.000115372
-1.282  -0.000113575
-1.281  -0.000113424
-1.28  -0.000109287
-1.279  -0.00011126
-1.278  -0.000111803
-1.277  -0.000113627
-1.276  -0.000112373
-1.275  -0.000114536
-1.274  -0.000117944
-1.273  -0.000117926
-1.272  -0.000116849
-1.271  -0.000119288
-1.27  -0.000122226
-1.269  -0.000128071
-1.268  -0.00012844
-1.267  -0.000125175
-1.266  -0.000122058
-1.265  -0.000125267
-1.264  -0.000118316
-1.263  -0.000117937
-1.262  -0.000116995
-1.261  -0.000117613
-1.26  -0.000113378
-1.259  -0.000113364
-1.258  -0.000110198
-1.257  -0.000113662
-1.256  -0.000112651
-1.255  -0.000111866
-1.254  -0.000109379
-1.253  -0.000113878
-1.252  -0.000112612
-1.251  -0.000111626
-1.25  -0.000107753
-1.249  -0.000110271
-1.248  -0.000110063
-1.247  -0.000111888
-1.246  -0.000109601
-1.245  -0.000112628
-1.244  -0.000115645
-1.243  -0.000115262
-1.242  -0.000114932
-1.241  -0.000114801
-1.24  -0.000116466
-1.239  -0.000118598
-1.238  -0.000115157
-1.237  -0.000112405
-1.236  -0.000107438
-1.235  -0.000112477
-1.234  -0.000105861
-1.233  -0.000104548
-1.232  -0.000104645
-1.231  -0.000103125
-1.23  -9.97558e-05
-1.229  -0.000104726
-1.228  -0.000104259
-1.227  -0.000105918
-1.226  -0.000107652
-1.225  -0.000107067
-1.224  -0.000104529
-1.223  -0.000106981
-1.222  -0.000107796
-1.221  -0.000107284
-1.22  -0.000105929
-1.219  -0.000108733
-1.218  -0.000108788
-1.217  -0.00011185
-1.216  -0.000110295
-1.215  -0.000115297
-1.214  -0.000117174
-1.213  -0.000114498
-1.212  -0.000113003
-1.211  -0.000110902
-1.21  -0.000108917
-1.209  -0.000109656
-1.208  -0.000107804
-1.207  -0.000102957
-1.206  -9.77991e-05
-1.205  -0.000102689
-1.204  -9.70507e-05
-1.203  -9.6824e-05
-1.202  -9.37609e-05
-1.201  -9.14539e-05
-1.2  -9.26482e-05
-1.199  -9.64088e-05
-1.198  -9.51464e-05
-1.197  -9.64372e-05
-1.196  -9.65712e-05
-1.195  -9.44451e-05
-1.194  -9.23154e-05
-1.193  -9.686e-05
-1.192  -9.71405e-05
-1.191  -9.83025e-05
-1.19  -9.71799e-05
-1.189  -0.000100297
-1.188  -0.000102448
-1.187  -0.000105896
-1.186  -0.000104704
-1.185  -0.000110287
-1.184  -0.000112254
-1.183  -0.000112372
-1.182  -0.000111751
-1.181  -0.000108786
-1.18  -0.000108442
-1.179  -0.000110616
-1.178  -0.000107137
-1.177  -0.00010555
-1.176  -0.000102431
-1.175  -0.000107591
-1.174  -0.000101121
-1.173  -9.8973e-05
-1.172  -9.69239e-05
-1.171  -9.36515e-05
-1.17  -9.43582e-05
-1.169  -9.77084e-05
-1.168  -9.66311e-05
-1.167  -9.80779e-05
-1.166  -9.87123e-05
-1.165  -9.87417e-05
-1.164  -9.91914e-05
-1.163  -0.00010298
-1.162  -0.000101228
-1.161  -0.000100964
-1.16  -9.60952e-05
-1.159  -9.99072e-05
-1.158  -9.86035e-05
-1.157  -0.000101185
-1.156  -9.92123e-05
-1.155  -0.00010552
-1.154  -0.000109962
-1.153  -0.000112745
-1.152  -0.000116653
-1.151  -0.000113396
-1.15  -0.000113555
-1.149  -0.000114882
-1.148  -0.000113023
-1.147  -0.000113055
-1.146  -0.000108053
-1.145  -0.000109405
-1.144  -0.000102779
-1.143  -0.000101518
-1.142  -9.931e-05
-1.141  -0.000101312
-1.14  -0.000102726
-1.139  -0.000105784
-1.138  -0.000105057
-1.137  -0.000107425
-1.136  -0.000108412
-1.135  -0.00010983
-1.134  -0.00010796
-1.133  -0.000109854
-1.132  -0.00010992
-1.131  -0.000105974
-1.13  -0.000104467
-1.129  -0.000106062
-1.128  -0.000100024
-1.127  -0.000101883
-1.126  -0.000104162
-1.125  -0.000111391
-1.124  -0.000113605
-1.123  -0.000117846
-1.122  -0.000119176
-1.121  -0.000114769
-1.12  -0.000115574
-1.119  -0.00011804
-1.118  -0.000111988
-1.117  -0.000111316
-1.116  -0.000107862
-1.115  -0.000107418
-1.114  -0.000103678
-1.113  -0.000100762
-1.112  -0.000101231
-1.111  -0.000104501
-1.11  -0.000103332
-1.109  -0.000106627
-1.108  -0.00010738
-1.107  -0.000106689
-1.106  -0.000107102
-1.105  -0.000110124
-1.104  -0.000108777
-1.103  -0.000109495
-1.102  -0.000108822
-1.101  -0.000107617
-1.1  -0.000106321
-1.099  -0.000112002
-1.098  -0.000107792
-1.097  -0.000107234
-1.096  -0.000109797
-1.095  -0.000112525
-1.094  -0.000116146
-1.093  -0.000116564
-1.092  -0.000114998
-1.091  -0.00011634
-1.09  -0.00011961
-1.089  -0.000121779
-1.088  -0.000118377
-1.087  -0.000117534
-1.086  -0.000112673
-1.085  -0.000110432
-1.084  -0.000105257
-1.083  -0.000102645
-1.082  -9.98357e-05
-1.081  -0.000102407
-1.08  -0.000101319
-1.079  -0.00010454
-1.078  -0.000105601
-1.077  -0.000103018
-1.076  -0.000102541
-1.075  -0.000104408
-1.074  -0.000106692
-1.073  -0.000105036
-1.072  -0.000105042
-1.071  -0.000103696
-1.07  -0.000100985
-1.069  -0.000105088
-1.068  -9.9542e-05
-1.067  -9.88579e-05
-1.066  -0.000101846
-1.065  -0.000106513
-1.064  -0.000112237
-1.063  -0.000115137
-1.062  -0.000111778
-1.061  -0.000110308
-1.06  -0.000114182
-1.059  -0.000113687
-1.058  -0.000115005
-1.057  -0.000115644
-1.056  -0.000108428
-1.055  -0.000107962
-1.054  -0.00010633
-1.053  -0.000102281
-1.052  -9.71582e-05
-1.051  -0.000102267
-1.05  -0.000103007
-1.049  -0.000107982
-1.048  -0.000111429
-1.047  -0.000110214
-1.046  -0.000109951
-1.045  -0.000110572
-1.044  -0.000110765
-1.043  -0.000112112
-1.042  -0.000112308
-1.041  -0.000109682
-1.04  -0.000109231
-1.039  -0.000110727
-1.038  -0.000108833
-1.037  -0.000112228
-1.036  -0.000112716
-1.035  -0.000115757
-1.034  -0.000118257
-1.033  -0.000122846
-1.032  -0.000117566
-1.031  -0.000113831
-1.03  -0.000115458
-1.029  -0.000115218
-1.028  -0.000116617
-1.027  -0.000116538
-1.026  -0.000110086
-1.025  -0.000109665
-1.024  -0.000107393
-1.023  -0.000105903
-1.022  -0.000103262
-1.021  -0.000107646
-1.02  -0.000108538
-1.019  -0.000108639
-1.018  -0.000107345
-1.017  -0.000108223
-1.016  -0.000107351
-1.015  -0.000110322
-1.014  -0.000110283
-1.013  -0.000111006
-1.012  -0.000108723
-1.011  -0.000107459
-1.01  -0.000107256
-1.009  -0.000108767
-1.008  -0.000108061
-1.007  -0.00011333
-1.006  -0.000115379
-1.005  -0.000117346
-1.004  -0.000117993
-1.003  -0.000118499
-1.002  -0.00011491
-1.001  -0.000112363
-1  -0.000116455
-0.999  -0.000116984
-0.998  -0.000115392
-0.997  -0.000115917
-0.996  -0.000112318
-0.995  -0.000113755
-0.994  -0.000115408
-0.993  -0.000118409
-0.992  -0.000117018
-0.991  -0.000119251
-0.99  -0.000118531
-0.989  -0.000115947
-0.988  -0.000112688
-0.987  -0.000109144
-0.986  -0.000111374
-0.985  -0.000113702
-0.984  -0.000115655
-0.983  -0.000117361
-0.982  -0.000115965
-0.981  -0.000112813
-0.98  -0.000115641
-0.979  -0.000117489
-0.978  -0.00011859
-0.977  -0.000118888
-0.976  -0.000119096
-0.975  -0.000118392
-0.974  -0.000117589
-0.973  -0.000116277
-0.972  -0.000114254
-0.971  -0.000112675
-0.97  -0.000118558
-0.969  -0.000118793
-0.968  -0.000121094
-0.967  -0.000119186
-0.966  -0.000115462
-0.965  -0.000115386
-0.964  -0.000117133
-0.963  -0.000117803
-0.962  -0.000115425
-0.961  -0.000117499
-0.96  -0.000116971
-0.959  -0.000114222
-0.958  -0.000112603
-0.957  -0.000111281
-0.956  -0.000110877
-0.955  -0.000111518
-0.954  -0.000115341
-0.953  -0.000116316
-0.952  -0.000116538
-0.951  -0.000112941
-0.95  -0.000114975
-0.949  -0.000115712
-0.948  -0.000116885
-0.947  -0.000115048
-0.946  -0.000113193
-0.945  -0.000110194
-0.944  -0.00010804
-0.943  -0.000109316
-0.942  -0.000107781
-0.941  -0.000106343
-0.94  -0.000108769
-0.939  -0.000110381
-0.938  -0.000109605
-0.937  -0.000109481
-0.936  -0.000107562
-0.935  -0.000105029
-0.934  -0.000105665
-0.933  -0.000105067
-0.932  -0.000105608
-0.931  -0.000109141
-0.93  -0.00010917
-0.929  -0.000103075
-0.928  -0.00010517
-0.927  -0.000108889
-0.926  -0.000109735
-0.925  -0.000113758
-0.924  -0.000115492
-0.923  -0.000115194
-0.922  -0.000114659
-0.921  -0.000112763
-0.92  -0.000111459
-0.919  -0.000112733
-0.918  -0.000114426
-0.917  -0.000111685
-0.916  -0.000111254
-0.915  -0.000108764
-0.914  -0.000108115
-0.913  -0.000108116
-0.912  -0.000105211
-0.911  -0.000103446
-0.91  -0.000110034
-0.909  -0.000108607
-0.908  -0.000105695
-0.907  -0.00010608
-0.906  -0.000102971
-0.905  -0.000100184
-0.904  -0.00010042
-0.903  -9.96638e-05
-0.902  -0.000102545
-0.901  -0.000106066
-0.9  -0.00010923
-0.899  -0.000105847
-0.898  -0.000109573
-0.897  -0.000112817
-0.896  -0.000112732
-0.895  -0.000114343
-0.894  -0.00011365
-0.893  -0.0001131
-0.892  -0.00011048
-0.891  -0.000106566
-0.89  -0.000108847
-0.889  -0.000108613
-0.888  -0.000109164
-0.887  -0.000104858
-0.886  -0.000106738
-0.885  -0.0001039
-0.884  -0.000105519
-0.883  -0.000103102
-0.882  -0.000101847
-0.881  -9.74849e-05
-0.88  -0.000101087
-0.879  -0.000100569
-0.878  -0.000100711
-0.877  -0.000101207
-0.876  -0.000100524
-0.875  -0.000100085
-0.874  -0.000100385
-0.873  -0.000100033
-0.872  -0.000103619
-0.871  -0.000107905
-0.87  -0.000111663
-0.869  -0.000105666
-0.868  -0.00011217
-0.867  -0.00011439
-0.866  -0.000114898
-0.865  -0.000114545
-0.864  -0.000115514
-0.863  -0.000115684
-0.862  -0.000113813
-0.861  -0.000109897
-0.86  -0.000113216
-0.859  -0.000109657
-0.858  -0.000110565
-0.857  -0.000103083
-0.856  -0.000104902
-0.855  -0.000103683
-0.854  -0.000108123
-0.853  -0.000106699
-0.852  -0.000104568
-0.851  -0.000102815
-0.85  -0.000105901
-0.849  -0.000102105
-0.848  -0.000103177
-0.847  -0.000105645
-0.846  -0.000107115
-0.845  -0.000107355
-0.844  -0.000104348
-0.843  -0.000105607
-0.842  -0.000106782
-0.841  -0.000109189
-0.84  -0.000111145
-0.839  -0.000107222
-0.838  -0.000112976
-0.837  -0.000115101
-0.836  -0.000115006
-0.835  -0.000114309
-0.834  -0.000114219
-0.833  -0.000111553
-0.832  -0.000110768
-0.831  -0.000112034
-0.83  -0.000114693
-0.829  -0.000109252
-0.828  -0.000108373
-0.827  -0.000102095
-0.826  -0.000102939
-0.825  -0.000105506
-0.824  -0.000108329
-0.823  -0.000110088
-0.822  -0.000105801
-0.821  -0.000105198
-0.82  -0.000106877
-0.819  -0.00010589
-0.818  -0.000106061
-0.817  -0.00010788
-0.816  -0.000108015
-0.815  -0.000107746
-0.814  -0.000109535
-0.813  -0.000107424
-0.812  -0.000106306
-0.811  -0.000110412
-0.81  -0.000111015
-0.809  -0.000106888
-0.808  -0.000112059
-0.807  -0.00011286
-0.806  -0.000112292
-0.805  -0.000109457
-0.804  -0.000108558
-0.803  -0.000107289
-0.802  -0.000107797
-0.801  -0.000110363
-0.8  -0.000112343
-0.799  -0.000108556
-0.798  -0.000107441
-0.797  -0.000102682
-0.796  -0.000104645
-0.795  -0.000105945
-0.794  -0.000106728
-0.793  -0.000109911
-0.792  -0.000108182
-0.791  -0.000107166
-0.79  -0.00010925
-0.789  -0.000106561
-0.788  -0.000105497
-0.787  -0.000106162
-0.786  -0.000107612
-0.785  -0.000104156
-0.784  -0.000107388
-0.783  -0.000103662
-0.782  -0.000101183
-0.781  -0.000103211
-0.78  -0.00010347
-0.779  -9.99452e-05
-0.778  -0.00010218
-0.777  -0.000103013
-0.776  -9.98872e-05
-0.775  -9.79199e-05
-0.774  -9.78311e-05
-0.773  -9.43125e-05
-0.772  -9.72412e-05
-0.771  -0.00010253
-0.77  -0.000105164
-0.769  -0.000103951
-0.768  -0.000102271
-0.767  -0.0001006
-0.766  -0.000106423
-0.765  -0.000103798
-0.764  -0.00010679
-0.763  -0.00011039
-0.762  -0.000109596
-0.761  -0.000108833
-0.76  -0.000111155
-0.759  -0.000111268
-0.758  -0.000109637
-0.757  -0.000113515
-0.756  -0.000117443
-0.755  -0.000115118
-0.754  -0.000117303
-0.753  -0.000116689
-0.752  -0.000109618
-0.751  -0.000111539
-0.75  -0.000111412
-0.749  -0.000108548
-0.748  -0.000108173
-0.747  -0.000108265
-0.746  -0.000108092
-0.745  -0.00010806
-0.744  -0.000107022
-0.743  -0.000101529
-0.742  -0.000104134
-0.741  -0.000108135
-0.74  -0.00010932
-0.739  -0.000108131
-0.738  -0.000105166
-0.737  -0.000104736
-0.736  -0.000110061
-0.735  -0.000108051
-0.734  -0.000109166
-0.733  -0.000111284
-0.732  -0.000111356
-0.731  -0.00011198
-0.73  -0.000117062
-0.729  -0.000117572
-0.728  -0.00011603
-0.727  -0.000119426
-0.726  -0.000118955
-0.725  -0.000120062
-0.724  -0.000125909
-0.723  -0.00012466
-0.722  -0.00012195
-0.721  -0.000125434
-0.72  -0.000126046
-0.719  -0.000123055
-0.718  -0.000120299
-0.717  -0.000115945
-0.716  -0.000116978
-0.715  -0.000116355
-0.714  -0.000115664
-0.713  -0.000109923
-0.712  -0.000111198
-0.711  -0.000111533
-0.71  -0.000113118
-0.709  -0.000113066
-0.708  -0.000109356
-0.707  -0.000107961
-0.706  -0.000109536
-0.705  -0.000106676
-0.704  -0.000108818
-0.703  -0.000107295
-0.702  -0.000105861
-0.701  -0.000103975
-0.7  -0.000106611
-0.699  -0.000107738
-0.698  -0.000108107
-0.697  -0.000108342
-0.696  -0.000107942
-0.695  -0.000108082
-0.694  -0.000112233
-0.693  -0.000111155
-0.692  -0.000111527
-0.691  -0.000112303
-0.69  -0.000112306
-0.689  -0.000110824
-0.688  -0.000112622
-0.687  -0.000111212
-0.686  -0.000113088
-0.685  -0.000111477
-0.684  -0.000111781
-0.683  -0.000107543
-0.682  -0.000110762
-0.681  -0.000113762
-0.68  -0.000115103
-0.679  -0.000113506
-0.678  -0.000112238
-0.677  -0.000112567
-0.676  -0.000116714
-0.675  -0.000117402
-0.674  -0.000116786
-0.673  -0.000114425
-0.672  -0.000114572
-0.671  -0.000113871
-0.67  -0.000116528
-0.669  -0.000117909
-0.668  -0.000116425
-0.667  -0.000114671
-0.666  -0.000116012
-0.665  -0.00011634
-0.664  -0.000119865
-0.663  -0.000119288
-0.662  -0.000117105
-0.661  -0.000118424
-0.66  -0.000120313
-0.659  -0.00012099
-0.658  -0.000122362
-0.657  -0.000122927
-0.656  -0.00012165
-0.655  -0.00012317
-0.654  -0.000123097
-0.653  -0.000119695
-0.652  -0.000119017
-0.651  -0.000118375
-0.65  -0.000116029
-0.649  -0.000114845
-0.648  -0.000116409
-0.647  -0.000114681
-0.646  -0.000116739
-0.645  -0.000115625
-0.644  -0.000112236
-0.643  -0.000112073
-0.642  -0.000109151
-0.641  -0.000111391
-0.64  -0.000113299
-0.639  -0.000112051
-0.638  -0.000111369
-0.637  -0.000109956
-0.636  -0.000108644
-0.635  -0.000108992
-0.634  -0.000112225
-0.633  -0.000113865
-0.632  -0.000111792
-0.631  -0.000114
-0.63  -0.000113165
-0.629  -0.000111895
-0.628  -0.000114755
-0.627  -0.000114094
-0.626  -0.000115472
-0.625  -0.000119844
-0.624  -0.000118082
-0.623  -0.000115766
-0.622  -0.000111886
-0.621  -0.000108179
-0.62  -0.0001097
-0.619  -0.000105379
-0.618  -0.000107869
-0.617  -0.000108412
-0.616  -0.000110609
-0.615  -0.000107894
-0.614  -0.00010593
-0.613  -0.000108438
-0.612  -0.000106854
-0.611  -0.000110051
-0.61  -0.000109681
-0.609  -0.000107327
-0.608  -0.000107967
-0.607  -0.000104397
-0.606  -0.00010098
-0.605  -0.000103209
-0.604  -0.000107861
-0.603  -0.000109209
-0.602  -0.000109616
-0.601  -0.000108505
-0.6  -0.000109188
-0.599  -0.00011006
-0.598  -0.000110291
-0.597  -0.000108554
-0.596  -0.000107899
-0.595  -0.000110375
-0.594  -0.000109854
-0.593  -0.000105216
-0.592  -0.000102897
-0.591  -0.00010222
-0.59  -0.000102169
-0.589  -0.000100897
-0.588  -0.000102732
-0.587  -0.000105524
-0.586  -0.000108506
-0.585  -0.000105235
-0.584  -0.000104135
-0.583  -0.000106705
-0.582  -0.000106671
-0.581  -0.000110622
-0.58  -0.000109518
-0.579  -0.000108934
-0.578  -0.000112277
-0.577  -0.000112677
-0.576  -0.000112625
-0.575  -0.000113944
-0.574  -0.000121731
-0.573  -0.000122008
-0.572  -0.000121222
-0.571  -0.000124637
-0.57  -0.000122101
-0.569  -0.000121448
-0.568  -0.000121826
-0.567  -0.000117292
-0.566  -0.000118274
-0.565  -0.000120932
-0.564  -0.000118476
-0.563  -0.000114734
-0.562  -0.000109304
-0.561  -0.000109154
-0.56  -0.000108407
-0.559  -0.000103715
-0.558  -0.000104571
-0.557  -0.00010476
-0.556  -0.000105862
-0.555  -0.000101761
-0.554  -0.000102794
-0.553  -0.000105505
-0.552  -0.000104315
-0.551  -0.000109586
-0.55  -0.000110612
-0.549  -0.000108979
-0.548  -0.000113686
-0.547  -0.000113439
-0.546  -0.000112715
-0.545  -0.000113475
-0.544  -0.000118432
-0.543  -0.000120442
-0.542  -0.00011863
-0.541  -0.000121026
-0.54  -0.000120145
-0.539  -0.000119934
-0.538  -0.00011951
-0.537  -0.000115648
-0.536  -0.000116491
-0.535  -0.000118051
-0.534  -0.000116242
-0.533  -0.000112119
-0.532  -0.000107708
-0.531  -0.000106773
-0.53  -0.000107422
-0.529  -0.000104894
-0.528  -0.000104695
-0.527  -0.000103445
-0.526  -0.000102803
-0.525  -9.80686e-05
-0.524  -9.78812e-05
-0.523  -9.82473e-05
-0.522  -9.76367e-05
-0.521  -0.000102889
-0.52  -0.000105892
-0.519  -0.000104521
-0.518  -0.000110322
-0.517  -0.00010938
-0.516  -0.000106348
-0.515  -0.000107009
-0.514  -0.000109847
-0.513  -0.000110132
-0.512  -0.000108873
-0.511  -0.000111074
-0.51  -0.000108513
-0.509  -0.000108942
-0.508  -0.000112136
-0.507  -0.000112558
-0.506  -0.000113986
-0.505  -0.000118243
-0.504  -0.000115867
-0.503  -0.000111
-0.502  -0.000107582
-0.501  -0.000105282
-0.5  -0.000104523
-0.499  -0.000102362
-0.498  -0.000102948
-0.497  -0.000106942
-0.496  -0.000106933
-0.495  -0.000105229
-0.494  -0.000104199
-0.493  -0.000104983
-0.492  -0.00010296
-0.491  -0.000106107
-0.49  -0.00010903
-0.489  -0.000108828
-0.488  -0.000112603
-0.487  -0.000112629
-0.486  -0.00010732
-0.485  -0.000107551
-0.484  -0.000109693
-0.483  -0.000111326
-0.482  -0.000111565
-0.481  -0.000114506
-0.48  -0.000110969
-0.479  -0.000110695
-0.478  -0.000110083
-0.477  -0.000111175
-0.476  -0.000110943
-0.475  -0.000114444
-0.474  -0.000112842
-0.473  -0.000109305
-0.472  -0.000107018
-0.471  -0.000105425
-0.47  -0.000102108
-0.469  -0.000100374
-0.468  -0.000103428
-0.467  -0.000108098
-0.466  -0.000110619
-0.465  -0.000108742
-0.464  -0.000105045
-0.463  -0.000103271
-0.462  -0.000102298
-0.461  -0.000104738
-0.46  -0.000107101
-0.459  -0.00010527
-0.458  -0.000106317
-0.457  -0.000103495
-0.456  -0.000101349
-0.455  -0.000102884
-0.454  -0.00010649
-0.453  -0.000108449
-0.452  -0.000106768
-0.451  -0.000107359
-0.45  -0.000104939
-0.449  -0.000102209
-0.448  -0.000101139
-0.447  -0.000101393
-0.446  -0.000104608
-0.445  -0.000105253
-0.444  -0.000104534
-0.443  -0.000102135
-0.442  -0.000101817
-0.441  -9.98484e-05
-0.44  -9.94398e-05
-0.439  -9.93205e-05
-0.438  -0.000103184
-0.437  -0.000107145
-0.436  -0.000108927
-0.435  -0.000104779
-0.434  -0.000103872
-0.433  -0.000102972
-0.432  -0.00010345
-0.431  -0.000105819
-0.43  -0.000108797
-0.429  -0.000106552
-0.428  -0.000108995
-0.427  -0.000107067
-0.426  -0.000108835
-0.425  -0.000107758
-0.424  -0.000110229
-0.423  -0.000111255
-0.422  -0.000109705
-0.421  -0.000108006
-0.42  -0.000104439
-0.419  -0.000105069
-0.418  -0.000100626
-0.417  -0.000101379
-0.416  -0.000104521
-0.415  -0.000102658
-0.414  -0.000102454
-0.413  -0.000101474
-0.412  -0.000103095
-0.411  -0.000101843
-0.41  -0.00010313
-0.409  -0.000100861
-0.408  -0.000104219
-0.407  -0.000109303
-0.406  -0.000112913
-0.405  -0.000110735
-0.404  -0.000110327
-0.403  -0.000111111
-0.402  -0.000112205
-0.401  -0.00011477
-0.4  -0.000116922
-0.399  -0.000118323
-0.398  -0.000120818
-0.397  -0.000118479
-0.396  -0.000119085
-0.395  -0.000120265
-0.394  -0.00012051
-0.393  -0.000119539
-0.392  -0.000119198
-0.391  -0.00011729
-0.39  -0.000114884
-0.389  -0.000113642
-0.388  -0.000107325
-0.387  -0.000107355
-0.386  -0.000107655
-0.385  -0.000103197
-0.384  -0.000102871
-0.383  -0.000103516
-0.382  -0.000105811
-0.381  -0.000105723
-0.38  -0.000107907
-0.379  -0.000103961
-0.378  -0.000106559
-0.377  -0.000110341
-0.376  -0.000114515
-0.375  -0.000113563
-0.374  -0.000111007
-0.373  -0.000108954
-0.372  -0.00010943
-0.371  -0.000114148
-0.37  -0.000115764
-0.369  -0.000117825
-0.368  -0.000120965
-0.367  -0.000119225
-0.366  -0.000119083
-0.365  -0.00012063
-0.364  -0.000121166
-0.363  -0.000118372
-0.362  -0.000116065
-0.361  -0.000114707
-0.36  -0.000115161
-0.359  -0.000116204
-0.358  -0.00011106
-0.357  -0.000106482
-0.356  -0.000105077
-0.355  -0.000105807
-0.354  -0.000106112
-0.353  -0.000107887
-0.352  -0.000108269
-0.351  -0.000110244
-0.35  -0.000109761
-0.349  -0.000108322
-0.348  -0.00010995
-0.347  -0.000114884
-0.346  -0.000120203
-0.345  -0.000122394
-0.344  -0.000123556
-0.343  -0.000120881
-0.342  -0.000120903
-0.341  -0.000121836
-0.34  -0.000120107
-0.339  -0.000121749
-0.338  -0.000123287
-0.337  -0.00012278
-0.336  -0.000119886
-0.335  -0.000122545
-0.334  -0.000121191
-0.333  -0.000116475
-0.332  -0.000113316
-0.331  -0.000113544
-0.33  -0.000112829
-0.329  -0.000112729
-0.328  -0.000111515
-0.327  -0.000104843
-0.326  -0.000100256
-0.325  -0.000100357
-0.324  -0.000101619
-0.323  -0.000101103
-0.322  -0.000101663
-0.321  -0.000104747
-0.32  -0.000106475
-0.319  -0.000108262
-0.318  -0.000111964
-0.317  -0.000117483
-0.316  -0.000117377
-0.315  -0.000121857
-0.314  -0.000124735
-0.313  -0.000122576
-0.312  -0.000120272
-0.311  -0.000118417
-0.31  -0.000119681
-0.309  -0.000119509
-0.308  -0.000119687
-0.307  -0.000120534
-0.306  -0.000116805
-0.305  -0.000119278
-0.304  -0.000120042
-0.303  -0.000117816
-0.302  -0.000114697
-0.301  -0.000115804
-0.3  -0.000113614
-0.299  -0.000111147
-0.298  -0.000111538
-0.297  -0.000110901
-0.296  -0.000105238
-0.295  -0.000105032
-0.294  -0.000105688
-0.293  -0.000107333
-0.292  -0.000109772
-0.291  -0.000110636
-0.29  -0.000112421
-0.289  -0.000116683
-0.288  -0.000117398
-0.287  -0.000123652
-0.286  -0.00012556
-0.285  -0.000124167
-0.284  -0.000125725
-0.283  -0.000122988
-0.282  -0.000119541
-0.281  -0.000120131
-0.28  -0.000120925
-0.279  -0.000122429
-0.278  -0.000123249
-0.277  -0.000123679
-0.276  -0.000121035
-0.275  -0.000124213
-0.274  -0.00012865
-0.273  -0.000127516
-0.272  -0.00012551
-0.271  -0.000124427
-0.27  -0.00012145
-0.269  -0.000120252
-0.268  -0.000117461
-0.267  -0.000113718
-0.266  -0.000115131
-0.265  -0.000117056
-0.264  -0.000119043
-0.263  -0.000120319
-0.262  -0.000119722
-0.261  -0.000120453
-0.26  -0.000116622
-0.259  -0.000117939
-0.258  -0.00012035
-0.257  -0.00012448
-0.256  -0.000123878
-0.255  -0.00011903
-0.254  -0.00011858
-0.253  -0.000115973
-0.252  -0.000113285
-0.251  -0.000115096
-0.25  -0.000116161
-0.249  -0.000118147
-0.248  -0.000121689
-0.247  -0.000120627
-0.246  -0.000116853
-0.245  -0.00011845
-0.244  -0.000122062
-0.243  -0.000123176
-0.242  -0.000122483
-0.241  -0.000123478
-0.24  -0.000121311
-0.239  -0.000118792
-0.238  -0.000116375
-0.237  -0.000114346
-0.236  -0.000118129
-0.235  -0.000118675
-0.234  -0.000122278
-0.233  -0.000127719
-0.232  -0.000126547
-0.231  -0.000126196
-0.23  -0.000125332
-0.229  -0.000125018
-0.228  -0.00012513
-0.227  -0.000127814
-0.226  -0.000127028
-0.225  -0.000123655
-0.224  -0.000123438
-0.223  -0.000122225
-0.222  -0.000118308
-0.221  -0.00011986
-0.22  -0.000122668
-0.219  -0.000125542
-0.218  -0.000127287
-0.217  -0.00012239
-0.216  -0.000119236
-0.215  -0.000119705
-0.214  -0.000121597
-0.213  -0.00012081
-0.212  -0.000121293
-0.211  -0.000116448
-0.21  -0.000112795
-0.209  -0.000110063
-0.208  -0.000108451
-0.207  -0.000110973
-0.206  -0.000115152
-0.205  -0.000113673
-0.204  -0.000113355
-0.203  -0.000119329
-0.202  -0.000119556
-0.201  -0.000117627
-0.2  -0.000114726
-0.199  -0.000115701
-0.198  -0.000116912
-0.197  -0.000119053
-0.196  -0.00012102
-0.195  -0.000117232
-0.194  -0.000118678
-0.193  -0.000118417
-0.192  -0.000123227
-0.191  -0.000123377
-0.19  -0.000125
-0.189  -0.000127464
-0.188  -0.000125051
-0.187  -0.000118496
-0.186  -0.000118324
-0.185  -0.000119712
-0.184  -0.000120825
-0.183  -0.000119124
-0.182  -0.000120423
-0.181  -0.000118801
-0.18  -0.000113254
-0.179  -0.000109425
-0.178  -0.000110919
-0.177  -0.000109593
-0.176  -0.000109821
-0.175  -0.000107099
-0.174  -0.000107478
-0.173  -0.000107517
-0.172  -0.000113213
-0.171  -0.000116251
-0.17  -0.00011418
-0.169  -0.00011655
-0.168  -0.000116981
-0.167  -0.000115656
-0.166  -0.000119572
-0.165  -0.000119743
-0.164  -0.000119856
-0.163  -0.000118849
-0.162  -0.000121086
-0.161  -0.000124768
-0.16  -0.000128613
-0.159  -0.000128336
-0.158  -0.000126549
-0.157  -0.000123236
-0.156  -0.00012403
-0.155  -0.00012602
-0.154  -0.000129571
-0.153  -0.000122775
-0.152  -0.000119341
-0.151  -0.000120736
-0.15  -0.000116728
-0.149  -0.000116108
-0.148  -0.000119925
-0.147  -0.000117945
-0.146  -0.000114215
-0.145  -0.000115945
-0.144  -0.000115108
-0.143  -0.000117651
-0.142  -0.000123588
-0.141  -0.00012518
-0.14  -0.000127255
-0.139  -0.000128775
-0.138  -0.000130028
-0.137  -0.000131475
-0.136  -0.000131838
-0.135  -0.000128344
-0.134  -0.000129554
-0.133  -0.000130787
-0.132  -0.000129545
-0.131  -0.000130947
-0.13  -0.000133835
-0.129  -0.000135244
-0.128  -0.000135292
-0.127  -0.000133882
-0.126  -0.000131641
-0.125  -0.000132901
-0.124  -0.000132828
-0.123  -0.000126343
-0.122  -0.000128103
-0.121  -0.000134787
-0.12  -0.000148574
-0.119  -0.000178578
-0.118  -0.000230112
-0.117  -0.000302955
-0.116  -0.000409994
-0.115  -0.000568705
-0.114  -0.000785845
-0.113  -0.00108599
-0.112  -0.00148631
-0.111  -0.00200602
-0.11  -0.00267045
-0.109  -0.00351706
-0.108  -0.00455862
-0.107  -0.00583979
-0.106  -0.00738226
-0.105  -0.00922126
-0.104  -0.011399
-0.103  -0.0139271
-0.102  -0.0168494
-0.101  -0.0202093
-0.1  -0.0240234
-0.099  -0.0283078
-0.098  -0.0330971
-0.097  -0.0384129
-0.096  -0.0442542
-0.095  -0.0506484
-0.094  -0.0575899
-0.093  -0.0650895
-0.092  -0.0731462
-0.091  -0.0817514
-0.09  -0.0909073
-0.089  -0.100578
-0.088  -0.11078
-0.087  -0.121484
-0.086  -0.132664
-0.085  -0.144301
-0.084  -0.156377
-0.083  -0.168866
-0.082  -0.181731
-0.081  -0.194969
-0.08  -0.208551
-0.079  -0.222452
-0.078  -0.236629
-0.077  -0.251079
-0.076  -0.265775
-0.075  -0.280688
-0.074  -0.295797
-0.073  -0.311058
-0.072  -0.326469
-0.071  -0.341993
-0.07  -0.357638
-0.069  -0.373324
-0.068  -0.389063
-0.067  -0.404829
-0.066  -0.420603
-0.065  -0.436369
-0.064  -0.452084
-0.063  -0.467749
-0.062  -0.483313
-0.061  -0.498782
-0.06  -0.514124
-0.059  -0.529335
-0.058  -0.544408
-0.057  -0.559313
-0.056  -0.574041
-0.055  -0.58858
-0.054  -0.602931
-0.053  -0.617078
-0.052  -0.63101
-0.051  -0.644717
-0.05  -0.658217
-0.049  -0.671484
-0.048  -0.684527
-0.047  -0.697333
-0.046  -0.709901
-0.045  -0.72224
-0.044  -0.734319
-0.043  -0.746174
-0.042  -0.757775
-0.041  -0.769138
-0.04  -0.780262
-0.039  -0.79112
-0.038  -0.801728
-0.037  -0.812073
-0.036  -0.822161
-0.035  -0.831979
-0.034  -0.841531
-0.033  -0.850819
-0.032  -0.859843
-0.031  -0.868595
-0.03  -0.877062
-0.029  -0.885275
-0.028  -0.893177
-0.027  -0.900817
-0.026  -0.908171
-0.025  -0.915284
-0.024  -0.922106
-0.023  -0.928654
-0.022  -0.934927
-0.021  -0.940926
-0.02  -0.946653
-0.019  -0.952092
-0.018  -0.957274
-0.017  -0.962179
-0.016  -0.966833
-0.015  -0.971216
-0.014  -0.975316
-0.013  -0.979163
-0.012  -0.982737
-0.011  -0.986061
-0.01  -0.989093
-0.009  -0.991912
-0.008  -0.994462
-0.007  -0.996756
-0.006  -0.998776
-0.005  -1.00053
-0.004  -1.00205
-0.003  -1.00332
-0.002  -1.00433
-0.001  -1.00511
0  -1.00565
0.001  -1.00597
0.002  -1.00602
0.003  -1.00586
0.004  -1.00548
0.005  -1.00489
0.006  -1.00409
0.007  -1.0031
0.008  -1.00191
0.009  -1.00055
0.01  -0.998971
0.011  -0.9972
0.012  -0.995288
0.013  -0.993187
0.014  -0.990946
0.015  -0.988539
0.016  -0.985988
0.017  -0.983298
0.018  -0.980475
0.019  -0.977529
0.02  -0.974452
0.021  -0.97129
0.022  -0.968012
0.023  -0.964631
0.024  -0.961156
0.025  -0.957569
0.026  -0.953894
0.027  -0.950128
0.028  -0.946284
0.029  -0.94236
0.03  -0.938402
0.031  -0.934343
0.032  -0.930219
0.033  -0.926042
0.034  -0.921805
0.035  -0.917496
0.036  -0.913133
0.037  -0.908722
0.038  -0.904276
0.039  -0.899781
0.04  -0.895238
0.041  -0.89064
0.042  -0.88602
0.043  -0.881358
0.044  -0.87666
0.045  -0.871924
0.046  -0.867159
0.047  -0.86236
0.048  -0.857553
0.049  -0.852698
0.05  -0.847837
0.051  -0.84295
0.052  -0.838041
0.053  -0.833124
0.054  -0.828208
0.055  -0.823294
0.056  -0.818368
0.057  -0.81342
0.058  -0.808469
0.059  -0.803516
0.06  -0.798593
0.061  -0.793631
0.062  -0.788683
0.063  -0.783757
0.064  -0.778847
0.065  -0.77392
0.066  -0.769004
0.067  -0.764087
0.068  -0.759188
0.069  -0.754298
0.07  -0.749435
0.071  -0.744595
0.072  -0.739755
0.073  -0.734936
0.074  -0.730119
0.075  -0.725322
0.076  -0.720557
0.077  -0.715795
0.078  -0.71107
0.079  -0.706351
0.08  -0.701684
0.081  -0.697022
0.082  -0.692379
0.083  -0.68777
0.084  -0.683215
0.085  -0.678714
0.086  -0.674233
0.087  -0.669786
0.088  -0.665375
0.089  -0.661018
0.09  -0.656686
0.091  -0.652389
0.092  -0.648162
0.093  -0.643965
0.094  -0.639803
0.095  -0.63568
0.096  -0.631606
0.097  -0.627555
0.098  -0.623549
0.099  -0.619564
0.1  -0.615641
0.101  -0.611768
0.102  -0.607894
0.103  -0.604068
0.104  -0.600248
0.105  -0.596488
0.106  -0.592769
0.107  -0.589079
0.108  -0.585407
0.109  -0.581766
0.11  -0.578167
0.111  -0.574581
0.112  -0.571023
0.113  -0.567517
0.114  -0.564022
0.115  -0.5606
0.116  -0.557215
0.117  -0.553843
0.118  -0.55053
0.119  -0.547243
0.12  -0.543962
0.121  -0.540732
0.122  -0.537557
0.123  -0.53441
0.124  -0.53129
0.125  -0.528189
0.126  -0.525114
0.127  -0.522064
0.128  -0.519045
0.129  -0.516053
0.13  -0.513066
0.131  -0.510143
0.132  -0.507185
0.133  -0.50428
0.134  -0.501364
0.135  -0.498463
0.136  -0.495602
0.137  -0.492752
0.138  -0.489912
0.139  -0.487098
0.14  -0.484296
0.141  -0.481499
0.142  -0.478704
0.143  -0.475924
0.144  -0.473137
0.145  -0.470395
0.146  -0.467668
0.147  -0.464948
0.148  -0.46224
0.149  -0.459572
0.15  -0.456873
0.151  -0.454214
0.152  -0.45158
0.153  -0.448939
0.154  -0.446317
0.155  -0.443703
0.156  -0.441071
0.157  -0.438462
0.158  -0.435834
0.159  -0.433228
0.16  -0.430589
0.161  -0.427997
0.162  -0.425381
0.163  -0.422785
0.164  -0.420185
0.165  -0.417582
0.166  -0.41497
0.167  -0.412368
0.168  -0.40974
0.169  -0.407118
0.17  -0.404516
0.171  -0.401911
0.172  -0.399308
0.173  -0.3967
0.174  -0.394061
0.175  -0.391458
0.176  -0.388842
0.177  -0.386257
0.178  -0.383664
0.179  -0.381101
0.18  -0.378505
0.181  -0.375935
0.182  -0.37339
0.183  -0.370799
0.184  -0.368237
0.185  -0.365693
0.186  -0.363124
0.187  -0.360594
0.188  -0.358037
0.189  -0.355484
0.19  -0.352913
0.191  -0.350363
0.192  -0.347822
0.193  -0.345302
0.194  -0.342785
0.195  -0.34027
0.196  -0.337749
0.197  -0.33524
0.198  -0.332731
0.199  -0.330244
0.2  -0.32776
0.201  -0.325302
0.202  -0.32288
0.203  -0.320454
0.204  -0.318017
0.205  -0.315623
0.206  -0.313224
0.207  -0.310892
0.208  -0.308547
0.209  -0.306233
0.21  -0.303942
0.211  -0.301631
0.212  -0.29938
0.213  -0.297117
0.214  -0.294897
0.215  -0.292708
0.216  -0.290552
0.217  -0.288419
0.218  -0.286262
0.219  -0.284134
0.22  -0.282
0.221  -0.279906
0.222  -0.277836
0.223  -0.275825
0.224  -0.273833
0.225  -0.271836
0.226  -0.269851
0.227  -0.267905
0.228  -0.265969
0.229  -0.264065
0.23  -0.262222
0.231  -0.260384
0.232  -0.258592
0.233  -0.256818
0.234  -0.255056
0.235  -0.253305
0.236  -0.251573
0.237  -0.249906
0.238  -0.248268
0.239  -0.246658
0.24  -0.245065
0.241  -0.243451
0.242  -0.241885
0.243  -0.240338
0.244  -0.238834
0.245  -0.237371
0.246  -0.235936
0.247  -0.23452
0.248  -0.23308
0.249  -0.231659
0.25  -0.230266
0.251  -0.228894
0.252  -0.227516
0.253  -0.226192
0.254  -0.22489
0.255  -0.223588
0.256  -0.222299
0.257  -0.221026
0.258  -0.219757
0.259  -0.218511
0.26  -0.21733
0.261  -0.216133
0.262  -0.214944
0.263  -0.213776
0.264  -0.212615
0.265  -0.211466
0.266  -0.210325
0.267  -0.209225
0.268  -0.208127
0.269  -0.20704
0.27  -0.205963
0.271  -0.204879
0.272  -0.203797
0.273  -0.202742
0.274  -0.201707
0.275  -0.200686
0.276  -0.199673
0.277  -0.198662
0.278  -0.197644
0.279  -0.196603
0.28  -0.195569
0.281  -0.194559
0.282  -0.19352
0.283  -0.192501
0.284  -0.191477
0.285  -0.190466
0.286  -0.189451
0.287  -0.188431
0.288  -0.1874
0.289  -0.186366
0.29  -0.185365
0.291  -0.184344
0.292  -0.183305
0.293  -0.182266
0.294  -0.181238
0.295  -0.180204
0.296  -0.179173
0.297  -0.178148
0.298  -0.177133
0.299  -0.17612
0.3  -0.175086
0.301  -0.17406
0.302  -0.173016
0.303  -0.171987
0.304  -0.170936
0.305  -0.169891
0.306  -0.168869
0.307  -0.167832
0.308  -0.166769
0.309  -0.16572
0.31  -0.164663
0.311  -0.163617
0.312  -0.162549
0.313  -0.161484
0.314  -0.160412
0.315  -0.15935
0.316  -0.158278
0.317  -0.1572
0.318  -0.156111
0.319  -0.155041
0.32  -0.153972
0.321  -0.152888
0.322  -0.151802
0.323  -0.150731
0.324  -0.149668
0.325  -0.148611
0.326  -0.147535
0.327  -0.1465
0.328  -0.145454
0.329  -0.144415
0.33  -0.143374
0.331  -0.142358
0.332  -0.14132
0.333  -0.140312
0.334  -0.139275
0.335  -0.138259
0.336  -0.137264
0.337  -0.136276
0.338  -0.135262
0.339  -0.134286
0.34  -0.133323
0.341  -0.132377
0.342  -0.131421
0.343  -0.130474
0.344  -0.129516
0.345  -0.128593
0.346  -0.127667
0.347  -0.126734
0.348  -0.125821
0.349  -0.124926
0.35  -0.124022
0.351  -0.123141
0.352  -0.122266
0.353  -0.121419
0.354  -0.120566
0.355  -0.119743
0.356  -0.118915
0.357  -0.118124
0.358  -0.117326
0.359  -0.11654
0.36  -0.115765
0.361  -0.115017
0.362  -0.114262
0.363  -0.113533
0.364  -0.112809
0.365  -0.112101
0.366  -0.111403
0.367  -0.11071
0.368  -0.110018
0.369  -0.109353
0.37  -0.108708
0.371  -0.108077
0.372  -0.107453
0.373  -0.106841
0.374  -0.106225
0.375  -0.105633
0.376  -0.105031
0.377  -0.104439
0.378  -0.103876
0.379  -0.103306
0.38  -0.102736
0.381  -0.102181
0.382  -0.101642
0.383  -0.1011
0.384  -0.10057
0.385  -0.10007
0.386  -0.0995608
0.387  -0.0990643
0.388  -0.0985721
0.389  -0.0980723
0.39  -0.0975824
0.391  -0.097104
0.392  -0.0966302
0.393  -0.0961524
0.394  -0.0956838
0.395  -0.0952397
0.396  -0.094775
0.397  -0.0943038
0.398  -0.0938406
0.399  -0.093388
0.4  -0.0929483
0.401  -0.0925083
0.402  -0.0920862
0.403  -0.0916355
0.404  -0.0911824
0.405  -0.0907483
0.406  -0.0902981
0.407  -0.0898421
0.408  -0.0894068
0.409  -0.0889494
0.41  -0.0884907
0.411  -0.0880236
0.412  -0.087575
0.413  -0.0870992
0.414  -0.0866296
0.415  -0.0861752
0.416  -0.0857043
0.417  -0.0852344
0.418  -0.084759
0.419  -0.0842643
0.42  -0.0837731
0.421  -0.0832811
0.422  -0.0828068
0.423  -0.0823084
0.424  -0.0818087
0.425  -0.0813224
0.426  -0.0808233
0.427  -0.0803082
0.428  -0.0797893
0.429  -0.0792711
0.43  -0.0787621
0.431  -0.07825
0.432  -0.0777541
0.433  -0.0772171
0.434  -0.0766909
0.435  -0.0761689
0.436  -0.0756308
0.437  -0.075082
0.438  -0.0745475
0.439  -0.0739968
0.44  -0.0734352
0.441  -0.072859
0.442  -0.0723147
0.443  -0.0717384
0.444  -0.0711627
0.445  -0.0705964
0.446  -0.0700235
0.447  -0.0694566
0.448  -0.0688893
0.449  -0.0683074
0.45  -0.0677244
0.451  -0.0671469
0.452  -0.0665878
0.453  -0.066013
0.454  -0.0654469
0.455  -0.0648897
0.456  -0.0643324
0.457  -0.0637713
0.458  -0.0631963
0.459  -0.0626514
0.46  -0.0621013
0.461  -0.0615457
0.462  -0.0610135
0.463  -0.0604668
0.464  -0.059938
0.465  -0.0594142
0.466  -0.0588822
0.467  -0.0583423
0.468  -0.0578251
0.469  -0.0573037
0.47  -0.0567805
0.471  -0.0562659
0.472  -0.0557604
0.473  -0.055244
0.474  -0.0547431
0.475  -0.0542528
0.476  -0.0537651
0.477  -0.0532924
0.478  -0.0528135
0.479  -0.0523516
0.48  -0.0518888
0.481  -0.0514359
0.482  -0.0510058
0.483  -0.0505626
0.484  -0.0501328
0.485  -0.0497088
0.486  -0.0493072
0.487  -0.0489023
0.488  -0.0484967
0.489  -0.0481147
0.49  -0.0477213
0.491  -0.0473429
0.492  -0.0469839
0.493  -0.0466185
0.494  -0.0462702
0.495  -0.0459257
0.496  -0.0455802
0.497  -0.0452397
0.498  -0.0449086
0.499  -0.0445906
0.5  -0.044274
0.501  -0.0439607
0.502  -0.0436555
0.503  -0.0433504
0.504  -0.0430701
0.505  -0.0427805
0.506  -0.0425069
0.507  -0.0422302
0.508  -0.0419606
0.509  -0.0417066
0.51  -0.041464
0.511  -0.0412126
0.512  -0.0409704
0.513  -0.0407157
0.514  -0.0404731
0.515  -0.0402374
0.516  -0.0400021
0.517  -0.0397724
0.518  -0.0395327
0.519  -0.0393073
0.52  -0.0390726
0.521  -0.038849
0.522  -0.0386347
0.523  -0.0384083
0.524  -0.038197
0.525  -0.0379716
0.526  -0.037758
0.527  -0.0375328
0.528  -0.0373094
0.529  -0.0370861
0.53  -0.0368627
0.531  -0.0366471
0.532  -0.0364301
0.533  -0.0362114
0.534  -0.0360039
0.535  -0.0357932
0.536  -0.0355782
0.537  -0.0353615
0.538  -0.035141
0.539  -0.034924
0.54  -0.0347248
0.541  -0.0344996
0.542  -0.0342815
0.543  -0.034039
0.544  -0.0338102
0.545  -0.0335835
0.546  -0.0333462
0.547  -0.0331191
0.548  -0.032873
0.549  -0.0326323
0.55  -0.0323812
0.551  -0.0321388
0.552  -0.0318917
0.553  -0.031637
0.554  -0.031384
0.555  -0.0311241
0.556  -0.0308593
0.557  -0.0305991
0.558  -0.0303384
0.559  -0.0300533
0.56  -0.0297774
0.561  -0.029508
0.562  -0.0292418
0.563  -0.0289642
0.564  -0.0286799
0.565  -0.028408
0.566  -0.0281141
0.567  -0.0278283
0.568  -0.0275481
0.569  -0.0272585
0.57  -0.0269845
0.571  -0.0266965
0.572  -0.0264113
0.573  -0.0261057
0.574  -0.0258061
0.575  -0.0255264
0.576  -0.0252279
0.577  -0.0249333
0.578  -0.0246425
0.579  -0.024356
0.58  -0.0240539
0.581  -0.023769
0.582  -0.0234818
0.583  -0.0231957
0.584  -0.0229134
0.585  -0.0226323
0.586  -0.0223455
0.587  -0.0220658
0.588  -0.0217907
0.589  -0.0214974
0.59  -0.0212195
0.591  -0.0209473
0.592  -0.0206854
0.593  -0.0204212
0.594  -0.0201437
0.595  -0.0198835
0.596  -0.0196161
0.597  -0.0193572
0.598  -0.0191007
0.599  -0.0188567
0.6  -0.018614
0.601  -0.0183701
0.602  -0.0181364
0.603  -0.0178933
0.604  -0.0176626
0.605  -0.0174445
0.606  -0.0172132
0.607  -0.0169943
0.608  -0.0167895
0.609  -0.0165836
0.61  -0.0163799
0.611  -0.0161928
0.612  -0.0160036
0.613  -0.0158303
0.614  -0.0156598
0.615  -0.0154924
0.616  -0.0153259
0.617  -0.0151602
0.618  -0.0150065
0.619  -0.0148438
0.62  -0.0146977
0.621  -0.0145566
0.622  -0.0144123
0.623  -0.0142837
0.624  -0.0141468
0.625  -0.0140287
0.626  -0.0139151
0.627  -0.0137971
0.628  -0.0136911
0.629  -0.0135871
0.63  -0.0134831
0.631  -0.013386
0.632  -0.013286
0.633  -0.0131872
0.634  -0.013098
0.635  -0.013017
0.636  -0.0129444
0.637  -0.0128698
0.638  -0.0128045
0.639  -0.0127399
0.64  -0.0126774
0.641  -0.0126329
0.642  -0.0125734
0.643  -0.0125347
0.644  -0.0124874
0.645  -0.0124286
0.646  -0.012391
0.647  -0.0123457
0.648  -0.0123061
0.649  -0.0122518
0.65  -0.0122153
0.651  -0.0121839
0.652  -0.0121401
0.653  -0.0121172
0.654  -0.0120808
0.655  -0.0120468
0.656  -0.0120121
0.657  -0.0119764
0.658  -0.0119435
0.659  -0.0119023
0.66  -0.0118641
0.661  -0.0118268
0.662  -0.0117866
0.663  -0.0117503
0.664  -0.0117206
0.665  -0.0116798
0.666  -0.0116492
0.667  -0.0116105
0.668  -0.0115821
0.669  -0.0115423
0.67  -0.0115044
0.671  -0.0114755
0.672  -0.0114255
0.673  -0.0113888
0.674  -0.0113478
0.675  -0.0113003
0.676  -0.0112595
0.677  -0.011216
0.678  -0.011172
0.679  -0.0111136
0.68  -0.0110666
0.681  -0.0110137
0.682  -0.0109545
0.683  -0.0109087
0.684  -0.0108517
0.685  -0.0107884
0.686  -0.0107259
0.687  -0.0106736
0.688  -0.0106139
0.689  -0.0105362
0.69  -0.0104672
0.691  -0.0103942
0.692  -0.0103115
0.693  -0.0102436
0.694  -0.0101725
0.695  -0.0100918
0.696  -0.0100205
0.697  -0.00995258
0.698  -0.00988848
0.699  -0.00981669
0.7  -0.00974031
0.701  -0.00966481
0.702  -0.00957716
0.703  -0.00950145
0.704  -0.00943101
0.705  -0.00936293
0.706  -0.00927604
0.707  -0.0092008
0.708  -0.00913222
0.709  -0.00905571
0.71  -0.00898682
0.711  -0.00891761
0.712  -0.00883744
0.713  -0.00877356
0.714  -0.00870423
0.715  -0.00862642
0.716  -0.00856042
0.717  -0.00849941
0.718  -0.00843488
0.719  -0.00836802
0.72  -0.00830547
0.721  -0.00824759
0.722  -0.00817488
0.723  -0.0081187
0.724  -0.00805651
0.725  -0.00800538
0.726  -0.0079597
0.727  -0.00792279
0.728  -0.00788973
0.729  -0.00785346
0.73  -0.00782118
0.731  -0.00778147
0.732  -0.00774425
0.733  -0.00772083
0.734  -0.00770703
0.735  -0.00769074
0.736  -0.00766888
0.737  -0.00765321
0.738  -0.00764804
0.739  -0.00764396
0.74  -0.00763956
0.741  -0.00764827
0.742  -0.00764237
0.743  -0.00765282
0.744  -0.00765814
0.745  -0.00766384
0.746  -0.00767529
0.747  -0.00768738
0.748  -0.00770713
0.749  -0.00773201
0.75  -0.00777216
0.751  -0.00780044
0.752  -0.00782845
0.753  -0.00786175
0.754  -0.00788887
0.755  -0.0079218
0.756  -0.00797193
0.757  -0.00801645
0.758  -0.00807377
0.759  -0.00813261
0.76  -0.00819875
0.761  -0.00825261
0.762  -0.0083146
0.763  -0.00838451
0.764  -0.00845489
0.765  -0.00853049
0.766  -0.00860548
0.767  -0.00867581
0.768  -0.00874957
0.769  -0.00882528
0.77  -0.00890148
0.771  -0.00898026
0.772  -0.00905292
0.773  -0.00913453
0.774  -0.00921735
0.775  -0.0092921
0.776  -0.00937708
0.777  -0.00944876
0.778  -0.00952646
0.779  -0.00960099
0.78  -0.00969858
0.781  -0.00977815
0.782  -0.0098523
0.783  -0.00993377
0.784  -0.0100026
0.785  -0.0100685
0.786  -0.0101528
0.787  -0.0102274
0.788  -0.010304
0.789  -0.0103833
0.79  -0.0104657
0.791  -0.010544
0.792  -0.0106226
0.793  -0.0106995
0.794  -0.0107746
0.795  -0.010853
0.796  -0.0109334
0.797  -0.0110082
0.798  -0.011076
0.799  -0.011135
0.8  -0.0111962
0.801  -0.0112685
0.802  -0.0113348
0.803  -0.0114037
0.804  -0.011469
0.805  -0.0115221
0.806  -0.0115842
0.807  -0.0116347
0.808  -0.0116888
0.809  -0.0117348
0.81  -0.0117884
0.811  -0.0118376
0.812  -0.0118785
0.813  -0.0119195
0.814  -0.0119488
0.815  -0.0119749
0.816  -0.0120148
0.817  -0.0120522
0.818  -0.0120927
0.819  -0.0121302
0.82  -0.0121588
0.821  -0.012189
0.822  -0.0122167
0.823  -0.0122498
0.824  -0.0122775
0.825  -0.0123071
0.826  -0.0123375
0.827  -0.0123613
0.828  -0.0123895
0.829  -0.0124106
0.83  -0.0124282
0.831  -0.0124547
0.832  -0.0124812
0.833  -0.0125113
0.834  -0.0125364
0.835  -0.0125516
0.836  -0.0125688
0.837  -0.0125771
0.838  -0.0125909
0.839  -0.0126055
0.84  -0.0126158
0.841  -0.012637
0.842  -0.0126518
0.843  -0.012671
0.844  -0.0126773
0.845  -0.0126813
0.846  -0.0126983
0.847  -0.0127142
0.848  -0.012731
0.849  -0.0127439
0.85  -0.0127563
0.851  -0.0127712
0.852  -0.01279
0.853  -0.0128145
0.854  -0.0128267
0.855  -0.0128482
0.856  -0.0128731
0.857  -0.0128934
0.858  -0.0129227
0.859  -0.0129491
0.86  -0.0129694
0.861  -0.012993
0.862  -0.0130192
0.863  -0.0130528
0.864  -0.0130869
0.865  -0.0131196
0.866  -0.0131519
0.867  -0.0131766
0.868  -0.0132127
0.869  -0.0132493
0.87  -0.0132812
0.871  -0.0133216
0.872  -0.0133573
0.873  -0.0134031
0.874  -0.0134428
0.875  -0.0134759
0.876  -0.0135202
0.877  -0.0135672
0.878  -0.013616
0.879  -0.0136602
0.88  -0.0137121
0.881  -0.0137655
0.882  -0.0138199
0.883  -0.0138803
0.884  -0.0139225
0.885  -0.0139748
0.886  -0.0140331
0.887  -0.0140865
0.888  -0.0141481
0.889  -0.0142105
0.89  -0.014267
0.891  -0.0143231
0.892  -0.0143838
0.893  -0.0144481
0.894  -0.0145231
0.895  -0.0145923
0.896  -0.0146511
0.897  -0.014706
0.898  -0.0147729
0.899  -0.0148323
0.9  -0.0148902
0.901  -0.0149586
0.902  -0.0150169
0.903  -0.0150847
0.904  -0.0151469
0.905  -0.0152031
0.906  -0.0152654
0.907  -0.0153256
0.908  -0.0153861
0.909  -0.0154419
0.91  -0.0155093
0.911  -0.0155691
0.912  -0.0156262
0.913  -0.0156782
0.914  -0.0157275
0.915  -0.0157801
0.916  -0.0158349
0.917  -0.0158811
0.918  -0.0159375
0.919  -0.0159886
0.92  -0.0160299
0.921  -0.0160746
0.922  -0.0161227
0.923  -0.0161662
0.924  -0.0162221
0.925  -0.0162701
0.926  -0.0163119
0.927  -0.0163483
0.928  -0.0163893
0.929  -0.0164171
0.93  -0.0164422
0.931  -0.0164742
0.932  -0.0164985
0.933  -0.0165263
0.934  -0.0165506
0.935  -0.0165736
0.936  -0.0165953
0.937  -0.0166034
0.938  -0.0166167
0.939  -0.0166293
0.94  -0.0166484
0.941  -0.0166597
0.942  -0.0166672
0.943  -0.0166662
0.944  -0.0166665
0.945  -0.016658
0.946  -0.0166551
0.947  -0.0166447
0.948  -0.0166401
0.949  -0.0166385
0.95  -0.016629
0.951  -0.0166188
0.952  -0.0166083
0.953  -0.0165959
0.954  -0.0165821
0.955  -0.0165725
0.956  -0.0165626
0.957  -0.0165454
0.958  -0.0165289
0.959  -0.0165055
0.96  -0.016472
0.961  -0.0164483
0.962  -0.0164231
0.963  -0.0163934
0.964  -0.0163711
0.965  -0.0163443
0.966  -0.0163165
0.967  -0.0162839
0.968  -0.0162512
0.969  -0.0162179
0.97  -0.0161876
0.971  -0.016152
0.972  -0.0161178
0.973  -0.0160834
0.974  -0.0160488
0.975  -0.0160063
0.976  -0.015969
0.977  -0.0159292
0.978  -0.0158862
0.979  -0.0158541
0.98  -0.0158175
0.981  -0.0157737
0.982  -0.0157394
0.983  -0.0157024
0.984  -0.0156622
0.985  -0.0156312
0.986  -0.0156004
0.987  -0.0155675
0.988  -0.0155334
0.989  -0.0155057
0.99  -0.0154674
0.991  -0.0154285
0.992  -0.0153897
0.993  -0.0153523
0.994  -0.0153261
0.995  -0.0152956
0.996  -0.0152634
0.997  -0.0152312
0.998  -0.0152045
0.999  -0.0151783
1  -0.0151552
1.001  -0.0151262
1.002  -0.0151038
1.003  -0.0150757
1.004  -0.0150492
1.005  -0.0150241
1.006  -0.015002
1.007  -0.0149802
1.008  -0.0149566
1.009  -0.0149337
1.01  -0.0149197
1.011  -0.0148978
1.012  -0.014874
1.013  -0.0148531
1.014  -0.014831
1.015  -0.0148109
1.016  -0.0147971
1.017  -0.0147842
1.018  -0.014761
1.019  -0.0147481
1.02  -0.0147314
1.021  -0.0147087
1.022  -0.0146965
1.023  -0.0146746
1.024  -0.0146556
1.025  -0.0146352
1.026  -0.0146111
1.027  -0.0145865
1.028  -0.0145772
1.029  -0.0145591
1.03  -0.0145472
1.031  -0.0145276
1.032  -0.0145117
1.033  -0.0144912
1.034  -0.0144719
1.035  -0.0144559
1.036  -0.0144292
1.037  -0.0144131
1.038  -0.0143954
1.039  -0.0143675
1.04  -0.0143519
1.041  -0.0143277
1.042  -0.0143007
1.043  -0.0142692
1.044  -0.0142406
1.045  -0.0142191
1.046  -0.0141944
1.047  -0.0141708
1.048  -0.0141403
1.049  -0.0141118
1.05  -0.0140879
1.051  -0.0140506
1.052  -0.0140201
1.053  -0.0139865
1.054  -0.0139442
1.055  -0.0139078
1.056  -0.0138665
1.057  -0.0138213
1.058  -0.0137921
1.059  -0.0137456
1.06  -0.0137053
1.061  -0.0136638
1.062  -0.013623
1.063  -0.013574
1.064  -0.0135215
1.065  -0.0134717
1.066  -0.0134156
1.067  -0.013364
1.068  -0.0133109
1.069  -0.0132469
1.07  -0.0131908
1.071  -0.0131307
1.072  -0.0130721
1.073  -0.0130029
1.074  -0.0129371
1.075  -0.0128739
1.076  -0.0128094
1.077  -0.0127403
1.078  -0.0126711
1.079  -0.0125991
1.08  -0.0125294
1.081  -0.0124574
1.082  -0.0123898
1.083  -0.0123193
1.084  -0.0122441
1.085  -0.0121687
1.086  -0.0120933
1.087  -0.0120145
1.088  -0.0119521
1.089  -0.0118807
1.09  -0.0118114
1.091  -0.0117338
1.092  -0.0116629
1.093  -0.0115863
1.094  -0.0115038
1.095  -0.0114215
1.096  -0.0113413
1.097  -0.0112646
1.098  -0.0111885
1.099  -0.0111094
1.1  -0.0110304
1.101  -0.0109505
1.102  -0.0108715
1.103  -0.0107885
1.104  -0.010705
1.105  -0.0106259
1.106  -0.0105466
1.107  -0.0104573
1.108  -0.0103723
1.109  -0.0102873
1.11  -0.0102055
1.111  -0.0101302
1.112  -0.0100537
1.113  -0.00998253
1.114  -0.00990355
1.115  -0.00982299
1.116  -0.00974573
1.117  -0.00966869
1.118  -0.00959714
1.119  -0.00952518
1.12  -0.00945442
1.121  -0.0093815
1.122  -0.00931021
1.123  -0.00923875
1.124  -0.00916153
1.125  -0.00908238
1.126  -0.00901227
1.127  -0.00894399
1.128  -0.00887449
1.129  -0.00880233
1.13  -0.00873076
1.131  -0.00866005
1.132  -0.00858791
1.133  -0.00852031
1.134  -0.0084495
1.135  -0.00838602
1.136  -0.00832034
1.137  -0.00825053
1.138  -0.00818517
1.139  -0.00811789
1.14  -0.00805413
1.141  -0.00799541
1.142  -0.00793333
1.143  -0.00788095
1.144  -0.00782566
1.145  -0.00776628
1.146  -0.00770053
1.147  -0.00764392
1.148  -0.0075933
1.149  -0.00753581
1.15  -0.00748231
1.151  -0.00742959
1.152  -0.00737473
1.153  -0.00732343
1.154  -0.00726057
1.155  -0.00719998
1.156  -0.00714554
1.157  -0.00708935
1.158  -0.00703507
1.159  -0.00697807
1.16  -0.00691531
1.161  -0.00686132
1.162  -0.00680206
1.163  -0.00674691
1.164  -0.00668181
1.165  -0.00663245
1.166  -0.00657535
1.167  -0.00651627
1.168  -0.00646144
1.169  -0.00640585
1.17  -0.00634751
1.171  -0.00629477
1.172  -0.0062372
1.173  -0.00618411
1.174  -0.00613123
1.175  -0.00607589
1.176  -0.00601672
1.177  -0.00595842
1.178  -0.00590575
1.179  -0.00584798
1.18  -0.00579135
1.181  -0.00573879
1.182  -0.005678
1.183  -0.00562804
1.184  -0.00556347
1.185  -0.00549748
1.186  -0.00543587
1.187  -0.00537466
1.188  -0.00530951
1.189  -0.00524608
1.19  -0.00517737
1.191  -0.00512051
1.192  -0.00505491
1.193  -0.00498456
1.194  -0.00490999
1.195  -0.00484424
1.196  -0.00477857
1.197  -0.00470289
1.198  -0.00464091
1.199  -0.00456983
1.2  -0.00449516
1.201  -0.004425
1.202  -0.00435222
1.203  -0.00428838
1.204  -0.0042267
1.205  -0.00415778
1.206  -0.00408439
1.207  -0.00401474
1.208  -0.00394499
1.209  -0.00387383
1.21  -0.00379826
1.211  -0.003733
1.212  -0.00366813
1.213  -0.00360133
1.214  -0.00352784
1.215  -0.00345076
1.216  -0.00338049
1.217  -0.00330433
1.218  -0.00323107
1.219  -0.00315276
1.22  -0.00307925
1.221  -0.00300939
1.222  -0.00292802
1.223  -0.00284996
1.224  -0.00276727
1.225  -0.00269655
1.226  -0.0026187
1.227  -0.0025375
1.228  -0.00246432
1.229  -0.0023883
1.23  -0.00231086
1.231  -0.00222995
1.232  -0.0021542
1.233  -0.00208459
1.234  -0.00201499
1.235  -0.00194503
1.236  -0.00187006
1.237  -0.00179509
1.238  -0.00172501
1.239  -0.001652
1.24  -0.00158157
1.241  -0.00151993
1.242  -0.00145785
1.243  -0.00140282
1.244  -0.00133277
1.245  -0.00126716
1.246  -0.00120205
1.247  -0.00113413
1.248  -0.00107307
1.249  -0.00100593
1.25  -0.000947209
1.251  -0.000895074
1.252  -0.000830169
1.253  -0.000771774
1.254  -0.000709045
1.255  -0.000656586
1.256  -0.000598977
1.257  -0.000539603
1.258  -0.000488354
1.259  -0.000431893
1.26  -0.000375882
1.261  -0.000313984
1.262  -0.000251492
1.263  -0.000208727
1.264  -0.00016236
1.265  -0.000121842
1.266  -7.31321e-05
1.267  -2.20509e-05
1.268  2.44048e-05
1.269  7.58009e-05
1.27  0.000125901
1.271  0.000170266
1.272  0.000212766
1.273  0.000247934
1.274  0.000290683
1.275  0.00033002
1.276  0.000372159
1.277  0.000412008
1.278  0.000450222
1.279  0.000492845
1.28  0.00052439
1.281  0.000551872
1.282  0.000598663
1.283  0.00063376
1.284  0.00067496
1.285  0.000707775
1.286  0.000743964
1.287  0.000783886
1.288  0.000814881
1.289  0.000851302
1.29  0.000882543
1.291  0.000920557
1.292  0.000961308
1.293  0.000983795
1.294  0.00101278
1.295  0.00103405
1.296  0.00106832
1.297  0.00109968
1.298  0.00112919
1.299  0.00116534
1.3  0.00119987
1.301  0.00122972
1.302  0.00126212
1.303  0.00128431
1.304  0.00131436
1.305  0.00134336
1.306  0.00137173
1.307  0.00140134
1.308  0.00142512
1.309  0.00145627
1.31  0.0014805
1.311  0.00150037
1.312  0.00154119
1.313  0.0015685
1.314  0.00160127
1.315  0.00162478
1.316  0.00165326
1.317  0.00168367
1.318  0.00171186
1.319  0.00174297
1.32  0.00177037
1.321  0.00180118
1.322  0.00183826
1.323  0.0018597
1.324  0.00188649
1.325  0.00191221
1.326  0.00194119
1.327  0.00197267
1.328  0.00199995
1.329  0.00202838
1.33  0.00206161
1.331  0.0020919
1.332  0.00212029
1.333  0.00214282
1.334  0.00217198
1.335  0.00219807
1.336  0.0022232
1.337  0.00225114
1.338  0.00227627
1.339  0.00230183
1.34  0.0023231
1.341  0.00233953
1.342  0.00237158
1.343  0.00239337
1.344  0.00241541
1.345  0.00243546
1.346  0.0024621
1.347  0.00248755
1.348  0.00251661
1.349  0.00254022
1.35  0.00255802
1.351  0.00258052
1.352  0.00260738
1.353  0.00262476
1.354  0.00264849
1.355  0.00267024
1.356  0.00268836
1.357  0.00270617
1.358  0.00272808
1.359  0.0027464
1.36  0.00277176
1.361  0.00279054
1.362  0.00281062
1.363  0.00282326
1.364  0.00283971
1.365  0.00285721
1.366  0.00286879
1.367  0.00288436
1.368  0.00289615
1.369  0.00291082
1.37  0.00291966
1.371  0.00292408
1.372  0.00293928
1.373  0.00294416
1.374  0.00294693
1.375  0.0029535
1.376  0.00296171
1.377  0.00296246
1.378  0.00297037
1.379  0.00297376
1.38  0.00297297
1.381  0.00297633
1.382  0.00298117
1.383  0.00297779
1.384  0.00297431
1.385  0.00297548
1.386  0.00296606
1.387  0.00296101
1.388  0.00295379
1.389  0.00294719
1.39  0.00295136
1.391  0.00294806
1.392  0.00294327
1.393  0.00293962
1.394  0.00293064
1.395  0.00292623
1.396  0.00291854
1.397  0.00290559
1.398  0.00289683
1.399  0.00288957
1.4  0.0028759
1.401  0.00285608
1.402  0.00284907
1.403  0.00282675
1.404  0.00280512
1.405  0.00278687
1.406  0.0027704
1.407  0.00274887
1.408  0.00273237
1.409  0.00270481
1.41  0.00267957
1.411  0.00266119
1.412  0.00263762
1.413  0.00261316
1.414  0.00258529
1.415  0.00255977
1.416  0.00253239
1.417  0.00249744
1.418  0.00246925
1.419  0.00243378
1.42  0.00241271
1.421  0.00238443
1.422  0.00235756
1.423  0.00233213
1.424  0.00230606
1.425  0.00228324
1.426  0.00225829
1.427  0.00222853
1.428  0.00220024
1.429  0.00216886
1.43  0.00213698
1.431  0.00209888
1.432  0.00207156
1.433  0.00203468
1.434  0.00199761
1.435  0.00196357
1.436  0.00193739
1.437  0.00190016
1.438  0.00186779
1.439  0.00183046
1.44  0.00179186
1.441  0.00176141
1.442  0.0017266
1.443  0.0016909
1.444  0.00164668
1.445  0.00161088
1.446  0.00157644
1.447  0.00154493
1.448  0.0015086
1.449  0.00146634
1.45  0.00143353
1.451  0.00139335
1.452  0.00135699
1.453  0.00132452
1.454  0.00128807
1.455  0.00125212
1.456  0.00121462
1.457  0.00117836
1.458  0.0011418
1.459  0.00110249
1.46  0.00106811
1.461  0.00102335
1.462  0.000984979
1.463  0.000946877
1.464  0.000902103
1.465  0.000858803
1.466  0.000815112
1.467  0.000774388
1.468  0.000732101
1.469  0.000697253
1.47  0.000659175
1.471  0.000623802
1.472  0.000584251
1.473  0.000550425
1.474  0.000507181
1.475  0.000465164
1.476  0.000429313
1.477  0.000392078
1.478  0.000354783
1.479  0.000306397
1.48  0.000271621
1.481  0.000229698
1.482  0.00019137
1.483  0.000156268
1.484  0.000113889
1.485  7.34916e-05
1.486  3.06468e-05
1.487  -8.24377e-06
1.488  -5.71431e-05
1.489  -0.000100588
1.49  -0.000147182
1.491  -0.00019519
1.492  -0.000241281
1.493  -0.0002877
1.494  -0.000333702
1.495  -0.000380875
1.496  -0.000428416
1.497  -0.000476373
1.498  -0.000527208
1.499  -0.000572077
1.5  -0.000614926
1.501  -0.000662692
1.502  -0.000708943
1.503  -0.000751488
1.504  -0.000801124
1.505  -0.000848521
1.506  -0.000893899
1.507  -0.000943103
1.508  -0.000988285
1.509  -0.00103793
1.51  -0.00108552
1.511  -0.00113825
1.512  -0.00118541
1.513  -0.00123136
1.514  -0.00128653
1.515  -0.00133813
1.516  -0.00139233
1.517  -0.00143583
1.518  -0.00149275
1.519  -0.00154738
1.52  -0.00159923
1.521  -0.00166033
1.522  -0.00171625
1.523  -0.00176723
1.524  -0.00182335
1.525  -0.0018802
1.526  -0.00193587
1.527  -0.00199682
1.528  -0.00205684
1.529  -0.0021057
1.53  -0.00215945
1.531  -0.00221934
1.532  -0.00227946
1.533  -0.0023299
1.534  -0.00238772
1.535  -0.00243994
1.536  -0.00249683
1.537  -0.0025545
1.538  -0.00260782
1.539  -0.00266419
1.54  -0.00271768
1.541  -0.00277201
1.542  -0.00282993
1.543  -0.00288654
1.544  -0.00294516
1.545  -0.00299868
1.546  -0.00306022
1.547  -0.00311241
1.548  -0.00317436
1.549  -0.00323025
1.55  -0.00328212
1.551  -0.00334223
1.552  -0.00340443
1.553  -0.00345975
1.554  -0.00351955
1.555  -0.00357859
1.556  -0.00363159
1.557  -0.00369236
1.558  -0.00375584
1.559  -0.00380669
1.56  -0.00386398
1.561  -0.00392216
1.562  -0.00397508
1.563  -0.00402936
1.564  -0.00408768
1.565  -0.0041371
1.566  -0.00419572
1.567  -0.00425259
1.568  -0.00431026
1.569  -0.00436655
1.57  -0.00441928
1.571  -0.00446765
1.572  -0.00452114
1.573  -0.00457364
1.574  -0.0046273
1.575  -0.00468282
1.576  -0.00473944
1.577  -0.00478876
1.578  -0.0048491
1.579  -0.00490009
1.58  -0.00495107
1.581  -0.00500727
1.582  -0.0050622
1.583  -0.00511379
1.584  -0.00516477
1.585  -0.00521405
1.586  -0.00526252
1.587  -0.00530942
1.588  -0.00536161
1.589  -0.00540571
1.59  -0.00545476
1.591  -0.00550728
1.592  -0.0055526
1.593  -0.00559947
1.594  -0.00564671
1.595  -0.00568587
1.596  -0.00573011
1.597  -0.00577285
1.598  -0.00582191
1.599  -0.00586271
1.6  -0.00590147
1.601  -0.00593581
1.602  -0.00597612
1.603  -0.00601569
1.604  -0.00605559
1.605  -0.00609526
1.606  -0.00613436
1.607  -0.0061651
1.608  -0.00620719
1.609  -0.006244
1.61  -0.00627834
1.611  -0.0063161
1.612  -0.00635348
1.613  -0.00639348
1.614  -0.00643617
1.615  -0.00647093
1.616  -0.00650815
1.617  -0.00653782
1.618  -0.00657501
1.619  -0.00660964
1.62  -0.00664637
1.621  -0.00668067
1.622  -0.00671128
1.623  -0.00674219
1.624  -0.00677683
1.625  -0.0068104
1.626  -0.0068467
1.627  -0.00687346
1.628  -0.00690912
1.629  -0.00694133
1.63  -0.00696928
1.631  -0.00699813
1.632  -0.00702399
1.633  -0.00704438
1.634  -0.00707422
1.635  -0.0070991
1.636  -0.00712678
1.637  -0.00714794
1.638  -0.00717876
1.639  -0.00720023
1.64  -0.00722585
1.641  -0.00725266
1.642  -0.00727975
1.643  -0.00730381
1.644  -0.00733063
1.645  -0.0073554
1.646  -0.00738701
1.647  -0.00740551
1.648  -0.00742635
1.649  -0.00745201
1.65  -0.00747291
1.651  -0.00749658
1.652  -0.00752651
1.653  -0.0075482
1.654  -0.00756759
1.655  -0.00759098
1.656  -0.00761794
1.657  -0.00763278
1.658  -0.00765556
1.659  -0.0076747
1.66  -0.00769387
1.661  -0.00771311
1.662  -0.00773078
1.663  -0.00774256
1.664  -0.00776491
1.665  -0.00777282
1.666  -0.00779193
1.667  -0.00780465
1.668  -0.00782596
1.669  -0.00783902
1.67  -0.00785103
1.671  -0.00785958
1.672  -0.00786876
1.673  -0.00789233
1.674  -0.00790062
1.675  -0.00791483
1.676  -0.00792864
1.677  -0.00794631
1.678  -0.00795702
1.679  -0.00796792
1.68  -0.00797868
1.681  -0.00799127
1.682  -0.00800334
1.683  -0.00800818
1.684  -0.00802009
1.685  -0.00802197
1.686  -0.0080338
1.687  -0.0080367
1.688  -0.00804485
1.689  -0.00805479
1.69  -0.00805903
1.691  -0.00807086
1.692  -0.00806101
1.693  -0.0080618
1.694  -0.00806163
1.695  -0.00806477
1.696  -0.00806542
1.697  -0.0080609
1.698  -0.00806407
1.699  -0.00805223
1.7  -0.00804956
1.701  -0.0080437
1.702  -0.00804311
1.703  -0.00804461
1.704  -0.00804729
1.705  -0.0080497
1.706  -0.00803258
1.707  -0.00803837
1.708  -0.00803579
1.709  -0.00802557
1.71  -0.00802134
1.711  -0.00801932
1.712  -0.00801516
1.713  -0.00799943
1.714  -0.00799146
1.715  -0.00797827
1.716  -0.0079661
1.717  -0.00796235
1.718  -0.00794827
1.719  -0.00792281
1.72  -0.00790716
1.721  -0.00789179
1.722  -0.00785603
1.723  -0.00783782
1.724  -0.00781404
1.725  -0.00779836
1.726  -0.00776641
1.727  -0.00773659
1.728  -0.00772206
1.729  -0.00769154
1.73  -0.00765532
1.731  -0.00761302
1.732  -0.00760951
1.733  -0.00759034
1.734  -0.00755141
1.735  -0.00753744
1.736  -0.00748539
1.737  -0.00746345
1.738  -0.00743986
1.739  -0.00741578
1.74  -0.00738071
1.741  -0.00736241
1.742  -0.00733617
1.743  -0.00728766
1.744  -0.00725559
1.745  -0.00722211
1.746  -0.0071847
1.747  -0.00717767
1.748  -0.00713383
1.749  -0.0071159
1.75  -0.00708371
1.751  -0.00704267
1.752  -0.00699772
1.753  -0.0069628
1.754  -0.00690911
1.755  -0.00689933
1.756  -0.00687854
1.757  -0.00686325
1.758  -0.00684327
1.759  -0.00682427
1.76  -0.00680155
1.761  -0.00677317
1.762  -0.00676716
1.763  -0.00675571
1.764  -0.00674103
1.765  -0.00673164
1.766  -0.00669203
1.767  -0.00669137
1.768  -0.00667797
1.769  -0.00668755
1.77  -0.00667395
1.771  -0.00667087
1.772  -0.00668066
1.773  -0.00669046
1.774  -0.00668198
1.775  -0.0066735
1.776  -0.00666502
1.777  -0.00665653
1.778  -0.0066516
1.779  -0.0066516
1.78  -0.0066516
1.781  -0.0066516
1.782  -0.0066516
1.783  -0.0066516
1.784  -0.0066516
1.785  -0.0066516
1.786  -0.0066516
1.787  -0.0066516
1.788  -0.0066516
1.789  -0.0066516
1.79  -0.0066516
1.791  -0.0066516
1.792  -0.0066516
1.793  -0.0066516
1.794  -0.0066516
1.795  -0.0066516
1.796  -0.0066516
1.797  -0.0066516
1.798  -0.0066516
1.799  -0.0066516
1.8  -0.0066516
1.801  -0.0066516
1.802  -0.0066516
1.803  -0.0066516
1.804  -0.0066516
1.805  -0.0066516
1.806  -0.0066516
1.807  -0.0066516
1.808  -0.0066516
1.809  -0.0066516
1.81  -0.0066516
1.811  -0.0066516
1.812  -0.0066516
1.813  -0.0066516
1.814  -0.0066516
1.815  -0.0066516
1.816  -0.0066516
1.817  -0.0066516
1.818  -0.0066516
1.819  -0.0066516
1.82  -0.0066516
1.821  -0.0066516
1.822  -0.0066516
1.823  -0.0066516
1.824  -0.0066516
1.825  -0.0066516
1.826  -0.0066516
1.827  -0.0066516
1.828  -0.0066516
1.829  -0.0066516
1.83  -0.0066516
1.831  -0.0066516
1.832  -0.0066516
1.833  -0.0066516
1.834  -0.0066516
1.835  -0.0066516
1.836  -0.0066516
1.837  -0.0066516
1.838  -0.0066516
1.839  -0.0066516
1.84  -0.0066516
1.841  -0.0066516
1.842  -0.0066516
1.843  -0.0066516
1.844  -0.0066516
1.845  -0.0066516
1.846  -0.0066516
1.847  -0.0066516
1.848  -0.0066516
1.849  -0.0066516
1.85  -0.0066516
1.851  -0.0066516
1.852  -0.0066516
1.853  -0.0066516
1.854  -0.0066516
1.855  -0.0066516
1.856  -0.0066516
1.857  -0.0066516
1.858  -0.0066516
1.859  -0.0066516
1.86  -0.0066516
1.861  -0.0066516
1.862  -0.0066516
1.863  -0.0066516
1.864  -0.0066516
1.865  -0.0066516
1.866  -0.0066516
1.867  -0.0066516
1.868  -0.0066516
1.869  -0.0066516
1.87  -0.0066516
1.871  -0.0066516
1.872  -0.0066516
1.873  -0.0066516
1.874  -0.0066516
1.875  -0.0066516
1.876  -0.0066516
1.877  -0.0066516
1.878  -0.0066516
1.879  -0.0066516
1.88  -0.0066516
1.881  -0.0066516
1.882  -0.0066516
1.883  -0.0066516
1.884  -0.0066516
1.885  -0.0066516
1.886  -0.0066516
1.887  -0.0066516
1.888  -0.0066516
1.889  -0.0066516
1.89  -0.0066516
1.891  -0.0066516
1.892  -0.0066516
1.893  -0.0066516
1.894  -0.0066516
1.895  -0.0066516
1.896  -0.0066516
1.897  -0.0066516
1.898  -0.0066516
1.899  -0.0066516
1.9  -0.0066516
1.901  -0.0066516
1.902  -0.0066516
1.903  -0.0066516
1.904  -0.0066516
1.905  -0.0066516
1.906  -0.0066516
1.907  -0.0066516
1.908  -0.0066516
1.909  -0.0066516
1.91  -0.0066516
1.911  -0.0066516
1.912  -0.0066516
1.913  -0.0066516
1.914  -0.0066516
1.915  -0.0066516
1.916  -0.0066516
1.917  -0.0066516
1.918  -0.0066516
1.919  -0.0066516
1.92  -0.0066516
1.921  -0.0066516
1.922  -0.0066516
1.923  -0.0066516
1.924  -0.0066516
1.925  -0.0066516
1.926  -0.0066516
1.927  -0.0066516
1.928  -0.0066516
1.929  -0.0066516
1.93  -0.0066516
1.931  -0.0066516
1.932  -0.0066516
1.933  -0.0066516
1.934  -0.0066516
1.935  -0.0066516
1.936  -0.0066516
1.937  -0.0066516
1.938  -0.0066516
1.939  -0.0066516
1.94  -0.0066516
1.941  -0.0066516
1.942  -0.0066516
1.943  -0.0066516
1.944  -0.0066516
1.945  -0.0066516
1.946  -0.0066516
1.947  -0.0066516
1.948  -0.0066516
1.949  -0.0066516
1.95  -0.0066516
1.951  -0.0066516
1.952  -0.0066516
1.953  -0.0066516
1.954  -0.0066516
1.955  -0.0066516
1.956  -0.0066516
1.957  -0.0066516
1.958  -0.0066516
1.959  -0.0066516
1.96  -0.0066516
1.961  -0.0066516
1.962  -0.0066516
1.963  -0.0066516
1.964  -0.0066516
1.965  -0.0066516
1.966  -0.0066516
1.967  -0.0066516
1.968  -0.0066516
1.969  -0.0066516
1.97  -0.0066516
1.971  -0.0066516
1.972  -0.0066516
1.973  -0.0066516
1.974  -0.0066516
1.975  -0.0066516
1.976  -0.0066516
1.977  -0.0066516
1.978  -0.0066516
1.979  -0.0066516
1.98  -0.0066516
1.981  -0.0066516
1.982  -0.0066516
1.983  -0.0066516
1.984  -0.0066516
1.985  -0.0066516
1.986  -0.0066516
1.987  -0.0066516
1.988  -0.0066516
1.989  -0.0066516
1.99  -0.0066516
1.991  -0.0066516
1.992  -0.0066516
1.993  -0.0066516
1.994  -0.0066516
1.995  -0.0066516
1.996  -0.0066516
1.997  -0.0066516
1.998  -0.0066516
1.999  -0.0066516
2  -0.0066516
2.001  -0.0066516
2.002  -0.0066516
2.003  -0.0066516
2.004  -0.0066516
2.005  -0.0066516
2.006  -0.0066516
2.007  -0.0066516
2.008  -0.0066516
2.009  -0.0066516
2.01  -0.0066516
2.011  -0.0066516
2.012  -0.0066516
2.013  -0.0066516
2.014  -0.0066516
2.015  -0.0066516
2.016  -0.0066516
2.017  -0.0066516
2.018  -0.0066516
2.019  -0.0066516
2.02  -0.0066516
2.021  -0.0066516
2.022  -0.0066516
2.023  -0.0066516
2.024  -0.0066516
2.025  -0.0066516
2.026  -0.0066516
2.027  -0.0066516
2.028  -0.0066516
2.029  -0.0066516
2.03  -0.0066516
2.031  -0.0066516
2.032  -0.0066516
2.033  -0.0066516
2.034  -0.0066516
2.035  -0.0066516
2.036  -0.0066516
2.037  -0.0066516
2.038  -0.0066516
2.039  -0.0066516
2.04  -0.0066516
2.041  -0.0066516
2.042  -0.0066516
2.043  -0.0066516
2.044  -0.0066516
2.045  -0.0066516
2.046  -0.0066516
2.047  -0.0066516
2.048  -0.0066516
2.049  -0.0066516
2.05  -0.0066516
2.051  -0.0066516
2.052  -0.0066516
2.053  -0.0066516
2.054  -0.0066516
2.055  -0.0066516
2.056  -0.0066516
2.057  -0.0066516
2.058  -0.0066516
2.059  -0.0066516
2.06  -0.0066516
2.061  -0.0066516
2.062  -0.0066516
2.063  -0.0066516
2.064  -0.0066516
2.065  -0.0066516
2.066  -0.0066516
2.067  -0.0066516
2.068  -0.0066516
2.069  -0.0066516
2.07  -0.0066516
2.071  -0.0066516
2.072  -0.0066516
2.073  -0.0066516
2.074  -0.0066516
2.075  -0.0066516
2.076  -0.0066516
2.077  -0.0066516
2.078  -0.0066516
2.079  -0.0066516
2.08  -0.0066516
2.081  -0.0066516
2.082  -0.0066516
2.083  -0.0066516
2.084  -0.0066516
2.085  -0.0066516
2.086  -0.0066516
2.087  -0.0066516
2.088  -0.0066516
2.089  -0.0066516
2.09  -0.0066516
2.091  -0.0066516
2.092  -0.0066516
2.093  -0.0066516
2.094  -0.0066516
2.095  -0.0066516
2.096  -0.0066516
2.097  -0.0066516
2.098  -0.0066516
2.099  -0.0066516
2.1  -0.0066516
2.101  -0.0066516
2.102  -0.0066516
2.103  -0.0066516
2.104  -0.0066516
2.105  -0.0066516
2.106  -0.0066516
2.107  -0.0066516
2.108  -0.0066516
2.109  -0.0066516
2.11  -0.0066516
2.111  -0.0066516
2.112  -0.0066516
2.113  -0.0066516
2.114  -0.0066516
2.115  -0.0066516
2.116  -0.0066516
2.117  -0.0066516
2.118  -0.0066516
2.119  -0.0066516
2.12  -0.0066516
2.121  -0.0066516
2.122  -0.0066516
2.123  -0.0066516
2.124  -0.0066516
2.125  -0.0066516
2.126  -0.0066516
2.127  -0.0066516
2.128  -0.0066516
2.129  -0.0066516
2.13  -0.0066516
2.131  -0.0066516
2.132  -0.0066516
2.133  -0.0066516
2.134  -0.0066516
2.135  -0.0066516
2.136  -0.0066516
2.137  -0.0066516
2.138  -0.0066516
2.139  -0.0066516
2.14  -0.0066516
2.141  -0.0066516
2.142  -0.0066516
2.143  -0.0066516
2.144  -0.0066516
2.145  -0.0066516
2.146  -0.0066516
2.147  -0.0066516
2.148  -0.0066516
2.149  -0.0066516
2.15  -0.0066516
2.151  -0.0066516
2.152  -0.0066516
2.153  -0.0066516
2.154  -0.0066516
2.155  -0.0066516
2.156  -0.0066516
2.157  -0.0066516
2.158  -0.0066516
2.159  -0.0066516
2.16  -0.0066516
2.161  -0.0066516
2.162  -0.0066516
2.163  -0.0066516
2.164  -0.0066516
2.165  -0.0066516
2.166  -0.0066516
2.167  -0.0066516
2.168  -0.0066516
2.169  -0.0066516
2.17  -0.0066516
2.171  -0.0066516
2.172  -0.0066516
2.173  -0.0066516
2.174  -0.0066516
2.175  -0.0066516
2.176  -0.0066516
2.177  -0.0066516
2.178  -0.0066516
2.179  -0.0066516
2.18  -0.0066516
2.181  -0.0066516
2.182  -0.0066516
2.183  -0.0066516
2.184  -0.0066516
2.185  -0.0066516
2.186  -0.0066516
2.187  -0.0066516
2.188  -0.0066516
2.189  -0.0066516
2.19  -0.0066516
2.191  -0.0066516
2.192  -0.0066516
2.193  -0.0066516
2.194  -0.0066516
2.195  -0.0066516
2.196  -0.0066516
2.197  -0.0066516
2.198  -0.0066516
2.199  -0.0066516
2.2  -0.0066516
2.201  -0.0066516
2.202  -0.0066516
2.203  -0.0066516
2.204  -0.0066516
2.205  -0.0066516
2.206  -0.0066516
2.207  -0.0066516
2.208  -0.0066516
2.209  -0.0066516
2.21  -0.0066516
2.211  -0.0066516
2.212  -0.0066516
2.213  -0.0066516
2.214  -0.0066516
2.215  -0.0066516
2.216  -0.0066516
2.217  -0.0066516
2.218  -0.0066516
2.219  -0.0066516
2.22  -0.0066516
2.221  -0.0066516
2.222  -0.0066516
2.223  -0.0066516
2.224  -0.0066516
2.225  -0.0066516
2.226  -0.0066516
2.227  -0.0066516
2.228  -0.0066516
2.229  -0.0066516
2.23  -0.0066516
2.231  -0.0066516
2.232  -0.0066516
2.233  -0.0066516
2.234  -0.0066516
2.235  -0.0066516
2.236  -0.0066516
2.237  -0.0066516
2.238  -0.0066516
2.239  -0.0066516
2.24  -0.0066516
2.241  -0.0066516
2.242  -0.0066516
2.243  -0.0066516
2.244  -0.0066516
2.245  -0.0066516
2.246  -0.0066516
2.247  -0.0066516
2.248  -0.0066516
2.249  -0.0066516
2.25  -0.0066516
2.251  -0.0066516
2.252  -0.0066516
2.253  -0.0066516
2.254  -0.0066516
2.255  -0.0066516
2.256  -0.0066516
2.257  -0.0066516
2.258  -0.0066516
2.259  -0.0066516
2.26  -0.0066516
2.261  -0.0066516
2.262  -0.0066516
2.263  -0.0066516
2.264  -0.0066516
2.265  -0.0066516
2.266  -0.0066516
2.267  -0.0066516
2.268  -0.0066516
2.269  -0.0066516
2.27  -0.0066516
2.271  -0.0066516
2.272  -0.0066516
2.273  -0.0066516
2.274  -0.0066516
2.275  -0.0066516
2.276  -0.0066516
2.277  -0.0066516
2.278  -0.0066516
2.279  -0.0066516
2.28  -0.0066516
2.281  -0.0066516
2.282  -0.0066516
2.283  -0.0066516
2.284  -0.0066516
2.285  -0.0066516
2.286  -0.0066516
2.287  -0.0066516
2.288  -0.0066516
2.289  -0.0066516
2.29  -0.0066516
2.291  -0.0066516
2.292  -0.0066516
2.293  -0.0066516
2.294  -0.0066516
2.295  -0.0066516
2.296  -0.0066516
2.297  -0.0066516
2.298  -0.0066516
2.299  -0.0066516
2.3  -0.0066516
2.301  -0.0066516
2.302  -0.0066516
2.303  -0.0066516
2.304  -0.0066516
2.305  -0.0066516
2.306  -0.0066516
2.307  -0.0066516
2.308  -0.0066516
2.309  -0.0066516
2.31  -0.0066516
2.311  -0.0066516
2.312  -0.0066516
2.313  -0.0066516
2.314  -0.0066516
2.315  -0.0066516
2.316  -0.0066516
2.317  -0.0066516
2.318  -0.0066516
2.319  -0.0066516
2.32  -0.0066516
2.321  -0.0066516
2.322  -0.0066516
2.323  -0.0066516
2.324  -0.0066516
2.325  -0.0066516
2.326  -0.0066516
2.327  -0.0066516
2.328  -0.0066516
2.329  -0.0066516
2.33  -0.0066516
2.331  -0.0066516
2.332  -0.0066516
2.333  -0.0066516
2.334  -0.0066516
2.335  -0.0066516
2.336  -0.0066516
2.337  -0.0066516
2.338  -0.0066516
2.339  -0.0066516
2.34  -0.0066516
2.341  -0.0066516
2.342  -0.0066516
2.343  -0.0066516
2.344  -0.0066516
2.345  -0.0066516
2.346  -0.0066516
2.347  -0.0066516
2.348  -0.0066516
2.349  -0.0066516
2.35  -0.0066516
2.351  -0.0066516
2.352  -0.0066516
2.353  -0.0066516
2.354  -0.0066516
2.355  -0.0066516
2.356  -0.0066516
2.357  -0.0066516
2.358  -0.0066516
2.359  -0.0066516
2.36  -0.0066516
2.361  -0.0066516
2.362  -0.0066516
2.363  -0.0066516
2.364  -0.0066516
2.365  -0.0066516
2.366  -0.0066516
2.367  -0.0066516
2.368  -0.0066516
2.369  -0.0066516
2.37  -0.0066516
2.371  -0.0066516
2.372  -0.0066516
2.373  -0.0066516
2.374  -0.0066516
2.375  -0.0066516
2.376  -0.0066516
2.377  -0.0066516
2.378  -0.0066516
2.379  -0.0066516
2.38  -0.0066516
2.381  -0.0066516
2.382  -0.0066516
2.383  -0.0066516
2.384  -0.0066516
2.385  -0.0066516
2.386  -0.0066516
2.387  -0.0066516
2.388  -0.0066516
2.389  -0.0066516
2.39  -0.0066516
2.391  -0.0066516
2.392  -0.0066516
2.393  -0.0066516
2.394  -0.0066516
2.395  -0.0066516
2.396  -0.0066516
2.397  -0.0066516
2.398  -0.0066516
2.399  -0.0066516
2.4  -0.0066516
2.401  -0.0066516
2.402  -0.0066516
2.403  -0.0066516
2.404  -0.0066516
2.405  -0.0066516
2.406  -0.0066516
2.407  -0.0066516
2.408  -0.0066516
2.409  -0.0066516
2.41  -0.0066516
2.411  -0.0066516
2.412  -0.0066516
2.413  -0.0066516
2.414  -0.0066516
2.415  -0.0066516
2.416  -0.0066516
2.417  -0.0066516
2.418  -0.0066516
2.419  -0.0066516
2.42  -0.0066516
2.421  -0.0066516
2.422  -0.0066516
2.423  -0.0066516
2.424  -0.0066516
2.425  -0.0066516
2.426  -0.0066516
2.427  -0.0066516
2.428  -0.0066516
2.429  -0.0066516
2.43  -0.0066516
2.431  -0.0066516
2.432  -0.0066516
2.433  -0.0066516
2.434  -0.0066516
2.435  -0.0066516
2.436  -0.0066516
2.437  -0.0066516
2.438  -0.0066516
2.439  -0.0066516
2.44  -0.0066516
2.441  -0.0066516
2.442  -0.0066516
2.443  -0.0066516
2.444  -0.0066516
2.445  -0.0066516
2.446  -0.0066516
2.447  -0.0066516
2.448  -0.0066516
2.449  -0.0066516
2.45  -0.0066516
2.451  -0.0066516
2.452  -0.0066516
2.453  -0.0066516
2.454  -0.0066516
2.455  -0.0066516
2.456  -0.0066516
2.457  -0.0066516
2.458  -0.0066516
2.459  -0.0066516
2.46  -0.0066516
2.461  -0.0066516
2.462  -0.0066516
2.463  -0.0066516
2.464  -0.0066516
2.465  -0.0066516
2.466  -0.0066516
2.467  -0.0066516
2.468  -0.0066516
2.469  -0.0066516
2.47  -0.0066516
2.471  -0.0066516
2.472  -0.0066516
2.473  -0.0066516
2.474  -0.0066516
2.475  -0.0066516
2.476  -0.0066516
2.477  -0.0066516
2.478  -0.0066516
2.479  -0.0066516
2.48  -0.0066516
2.481  -0.0066516
2.482  -0.0066516
2.483  -0.0066516
2.484  -0.0066516
2.485  -0.0066516
2.486  -0.0066516
2.487  -0.0066516
2.488  -0.0066516
2.489  -0.0066516
2.49  -0.0066516
2.491  -0.0066516
2.492  -0.0066516
2.493  -0.0066516
2.494  -0.0066516
2.495  -0.0066516
2.496  -0.0066516
2.497  -0.0066516
2.498  -0.0066516
2.499  -0.0066516
