-1.5  0
-1.499  0
-1.498  0
-1.497  0
-1.496  0
-1.495  0
-1.494  0
-1.493  0
-1.492  0
-1.491  0
-1.49  0
-1.489  0
-1.488  0
-1.487  0
-1.486  0
-1.485  0
-1.484  0
-1.483  0
-1.482  0
-1.481  0
-1.48  0
-1.479  0
-1.478  0
-1.477  0
-1.476  0
-1.475  0
-1.474  0
-1.473  0
-1.472  0
-1.471  0
-1.47  0
-1.469  0
-1.468  0
-1.467  0
-1.466  0
-1.465  0
-1.464  0
-1.463  0
-1.462  0
-1.461  0
-1.46  0
-1.459  0
-1.458  0
-1.457  0
-1.456  0
-1.455  0
-1.454  0
-1.453  0
-1.452  0
-1.451  0
-1.45  0
-1.449  0
-1.448  0
-1.447  0
-1.446  0
-1.445  0
-1.444  0
-1.443  0
-1.442  0
-1.441  0
-1.44  0
-1.439  0
-1.438  0
-1.437  0
-1.436  0
-1.435  0
-1.434  0
-1.433  0
-1.432  0
-1.431  0
-1.43  0
-1.429  0
-1.428  0
-1.427  0
-1.426  0
-1.425  0
-1.424  0
-1.423  0
-1.422  0
-1.421  0
-1.42  0
-1.419  0
-1.418  0
-1.417  0
-1.416  0
-1.415  0
-1.414  0
-1.413  0
-1.412  0
-1.411  0
-1.41  0
-1.409  0
-1.408  0
-1.407  0
-1.406  0
-1.405  0
-1.404  0
-1.403  0
-1.402  0
-1.401  0
-1.4  0
-1.399  0
-1.398  0
-1.397  0
-1.396  0
-1.395  0
-1.394  0
-1.393  0
-1.392  0
-1.391  0
-1.39  0
-1.389  0
-1.388  0
-1.387  0
-1.386  0
-1.385  0
-1.384  0
-1.383  0
-1.382  0
-1.381  0
-1.38  0
-1.379  0
-1.378  0
-1.377  0
-1.376  0
-1.375  0
-1.374  0
-1.373  0
-1.372  0
-1.371  0
-1.37  0
-1.369  0
-1.368  0
-1.367  0
-1.366  0
-1.365  0
-1.364  0
-1.363  0
-1.362  0
-1.361  0
-1.36  0
-1.359  0
-1.358  0
-1.357  0
-1.356  0
-1.355  0
-1.354  0
-1.353  0
-1.352  0
-1.351  0
-1.35  0
-1.349  0
-1.348  0
-1.347  0
-1.346  0
-1.345  0
-1.344  0
-1.343  0
-1.342  0
-1.341  0
-1.34  0
-1.339  0
-1.338  -6.60449e-06
-1.337  -1.03861e-05
-1.336  -1.23372e-05
-1.335  -2.15455e-05
-1.334  -2.31296e-05
-1.333  -2.16008e-05
-1.332  -3.06619e-05
-1.331  -3.72607e-05
-1.33  -4.72196e-05
-1.329  -5.55526e-05
-1.328  -5.98025e-05
-1.327  -6.41858e-05
-1.326  -7.37136e-05
-1.325  -7.57163e-05
-1.324  -7.97089e-05
-1.323  -8.01372e-05
-1.322  -8.44088e-05
-1.321  -8.46989e-05
-1.32  -8.92716e-05
-1.319  -8.25446e-05
-1.318  -8.25572e-05
-1.317  -8.20264e-05
-1.316  -7.61615e-05
-1.315  -7.33284e-05
-1.314  -7.15208e-05
-1.313  -6.73718e-05
-1.312  -6.61104e-05
-1.311  -6.08547e-05
-1.31  -5.75198e-05
-1.309  -4.83679e-05
-1.308  -4.8527e-05
-1.307  -3.61263e-05
-1.306  -3.38876e-05
-1.305  -3.52088e-05
-1.304  -3.6384e-05
-1.303  -3.72314e-05
-1.302  -4.59149e-05
-1.301  -4.71634e-05
-1.3  -5.1635e-05
-1.299  -5.49075e-05
-1.298  -5.93913e-05
-1.297  -6.2243e-05
-1.296  -6.75919e-05
-1.295  -7.52718e-05
-1.294  -7.30203e-05
-1.293  -6.94547e-05
-1.292  -6.43426e-05
-1.291  -6.26515e-05
-1.29  -7.32002e-05
-1.289  -7.02333e-05
-1.288  -7.76818e-05
-1.287  -8.1505e-05
-1.286  -7.52374e-05
-1.285  -7.82557e-05
-1.284  -7.57685e-05
-1.283  -7.31828e-05
-1.282  -6.9979e-05
-1.281  -7.07914e-05
-1.28  -6.91577e-05
-1.279  -6.24829e-05
-1.278  -5.90116e-05
-1.277  -5.52104e-05
-1.276  -5.12037e-05
-1.275  -5.02691e-05
-1.274  -5.10512e-05
-1.273  -5.87173e-05
-1.272  -6.01767e-05
-1.271  -5.82302e-05
-1.27  -6.14994e-05
-1.269  -6.34762e-05
-1.268  -6.53209e-05
-1.267  -7.14979e-05
-1.266  -6.99175e-05
-1.265  -6.89769e-05
-1.264  -6.39508e-05
-1.263  -6.44912e-05
-1.262  -5.75038e-05
-1.261  -5.0865e-05
-1.26  -5.91371e-05
-1.259  -5.78516e-05
-1.258  -6.17251e-05
-1.257  -6.41941e-05
-1.256  -6.56856e-05
-1.255  -6.91342e-05
-1.254  -6.36232e-05
-1.253  -6.56792e-05
-1.252  -6.69282e-05
-1.251  -6.69649e-05
-1.25  -6.57597e-05
-1.249  -6.19375e-05
-1.248  -6.00639e-05
-1.247  -5.90096e-05
-1.246  -5.53083e-05
-1.245  -5.41716e-05
-1.244  -5.41452e-05
-1.243  -6.36129e-05
-1.242  -6.94669e-05
-1.241  -6.73096e-05
-1.24  -6.72814e-05
-1.239  -6.53861e-05
-1.238  -6.80496e-05
-1.237  -6.93721e-05
-1.236  -6.73112e-05
-1.235  -7.15389e-05
-1.234  -6.50622e-05
-1.233  -6.17015e-05
-1.232  -5.72308e-05
-1.231  -5.14951e-05
-1.23  -5.6611e-05
-1.229  -5.65045e-05
-1.228  -5.85347e-05
-1.227  -6.33662e-05
-1.226  -6.3795e-05
-1.225  -6.58371e-05
-1.224  -6.05876e-05
-1.223  -6.27259e-05
-1.222  -6.60793e-05
-1.221  -7.29312e-05
-1.22  -7.2416e-05
-1.219  -7.00973e-05
-1.218  -7.14352e-05
-1.217  -6.74648e-05
-1.216  -6.3241e-05
-1.215  -6.56028e-05
-1.214  -6.52904e-05
-1.213  -7.52855e-05
-1.212  -7.80751e-05
-1.211  -7.2173e-05
-1.21  -7.16706e-05
-1.209  -7.12376e-05
-1.208  -7.21453e-05
-1.207  -7.58019e-05
-1.206  -7.21634e-05
-1.205  -7.80781e-05
-1.204  -7.54982e-05
-1.203  -6.49865e-05
-1.202  -6.00227e-05
-1.201  -5.86067e-05
-1.2  -6.15701e-05
-1.199  -5.98716e-05
-1.198  -6.52607e-05
-1.197  -6.40005e-05
-1.196  -6.5105e-05
-1.195  -6.81323e-05
-1.194  -5.97845e-05
-1.193  -6.31774e-05
-1.192  -6.73687e-05
-1.191  -7.05104e-05
-1.19  -6.74231e-05
-1.189  -6.57646e-05
-1.188  -6.55195e-05
-1.187  -6.64279e-05
-1.186  -5.7031e-05
-1.185  -5.88604e-05
-1.184  -6.41949e-05
-1.183  -6.82944e-05
-1.182  -7.01931e-05
-1.181  -6.72895e-05
-1.18  -6.20441e-05
-1.179  -6.11897e-05
-1.178  -6.48162e-05
-1.177  -6.21755e-05
-1.176  -6.17923e-05
-1.175  -6.49485e-05
-1.174  -6.06053e-05
-1.173  -5.27083e-05
-1.172  -5.05841e-05
-1.171  -5.24041e-05
-1.17  -5.70153e-05
-1.169  -5.70871e-05
-1.168  -5.90942e-05
-1.167  -6.05053e-05
-1.166  -5.93524e-05
-1.165  -5.76306e-05
-1.164  -5.0871e-05
-1.163  -5.17202e-05
-1.162  -5.77469e-05
-1.161  -6.3915e-05
-1.16  -6.09789e-05
-1.159  -6.10996e-05
-1.158  -6.39634e-05
-1.157  -6.17764e-05
-1.156  -5.43804e-05
-1.155  -6.10837e-05
-1.154  -7.0158e-05
-1.153  -7.06291e-05
-1.152  -7.17753e-05
-1.151  -6.88302e-05
-1.15  -6.42511e-05
-1.149  -6.52444e-05
-1.148  -6.95027e-05
-1.147  -6.78807e-05
-1.146  -6.92406e-05
-1.145  -7.40401e-05
-1.144  -7.17809e-05
-1.143  -5.87158e-05
-1.142  -5.76663e-05
-1.141  -5.94088e-05
-1.14  -6.06188e-05
-1.139  -5.97602e-05
-1.138  -6.32986e-05
-1.137  -6.38948e-05
-1.136  -6.29276e-05
-1.135  -5.63996e-05
-1.134  -5.49296e-05
-1.133  -5.05106e-05
-1.132  -5.73625e-05
-1.131  -6.32909e-05
-1.13  -6.078e-05
-1.129  -5.84496e-05
-1.128  -5.95153e-05
-1.127  -5.82265e-05
-1.126  -5.181e-05
-1.125  -5.72303e-05
-1.124  -6.82518e-05
-1.123  -6.77734e-05
-1.122  -6.95895e-05
-1.121  -6.3229e-05
-1.12  -6.31606e-05
-1.119  -6.13335e-05
-1.118  -6.59053e-05
-1.117  -6.07734e-05
-1.116  -6.51109e-05
-1.115  -6.7766e-05
-1.114  -7.00372e-05
-1.113  -5.81629e-05
-1.112  -5.83706e-05
-1.111  -5.93278e-05
-1.11  -6.25803e-05
-1.109  -6.05153e-05
-1.108  -6.27716e-05
-1.107  -6.28299e-05
-1.106  -6.11403e-05
-1.105  -5.73246e-05
-1.104  -5.77597e-05
-1.103  -5.13396e-05
-1.102  -5.78474e-05
-1.101  -5.824e-05
-1.1  -5.95886e-05
-1.099  -5.58629e-05
-1.098  -5.54998e-05
-1.097  -5.20544e-05
-1.096  -4.55087e-05
-1.095  -4.86585e-05
-1.094  -5.75175e-05
-1.093  -5.46713e-05
-1.092  -5.44482e-05
-1.091  -4.84648e-05
-1.09  -4.83196e-05
-1.089  -4.99576e-05
-1.088  -5.40679e-05
-1.087  -5.23847e-05
-1.086  -5.51405e-05
-1.085  -5.54859e-05
-1.084  -5.88689e-05
-1.083  -5.39059e-05
-1.082  -5.25557e-05
-1.081  -5.29983e-05
-1.08  -5.84116e-05
-1.079  -5.80064e-05
-1.078  -6.13826e-05
-1.077  -6.262e-05
-1.076  -6.17967e-05
-1.075  -5.70154e-05
-1.074  -5.83461e-05
-1.073  -5.24101e-05
-1.072  -5.61859e-05
-1.071  -5.80549e-05
-1.07  -5.88894e-05
-1.069  -5.66394e-05
-1.068  -5.45607e-05
-1.067  -5.04366e-05
-1.066  -4.67889e-05
-1.065  -4.66637e-05
-1.064  -5.02274e-05
-1.063  -5.38338e-05
-1.062  -5.47182e-05
-1.061  -4.8724e-05
-1.06  -4.97458e-05
-1.059  -5.46455e-05
-1.058  -6.20214e-05
-1.057  -6.26695e-05
-1.056  -6.67894e-05
-1.055  -7.01014e-05
-1.054  -7.54461e-05
-1.053  -7.35862e-05
-1.052  -6.98861e-05
-1.051  -6.70749e-05
-1.05  -6.95785e-05
-1.049  -6.69153e-05
-1.048  -6.90175e-05
-1.047  -7.06302e-05
-1.046  -7.28595e-05
-1.045  -6.76964e-05
-1.044  -6.64395e-05
-1.043  -6.10475e-05
-1.042  -6.38965e-05
-1.041  -6.59716e-05
-1.04  -6.4373e-05
-1.039  -5.52934e-05
-1.038  -5.39982e-05
-1.037  -5.04345e-05
-1.036  -4.36258e-05
-1.035  -4.20709e-05
-1.034  -4.60433e-05
-1.033  -5.13219e-05
-1.032  -5.12272e-05
-1.031  -4.87484e-05
-1.03  -5.18989e-05
-1.029  -5.4946e-05
-1.028  -5.71634e-05
-1.027  -5.89618e-05
-1.026  -6.89748e-05
-1.025  -7.04556e-05
-1.024  -7.09414e-05
-1.023  -7.20785e-05
-1.022  -7.19588e-05
-1.021  -6.66286e-05
-1.02  -7.0845e-05
-1.019  -6.74062e-05
-1.018  -6.62348e-05
-1.017  -7.21657e-05
-1.016  -7.3133e-05
-1.015  -6.77771e-05
-1.014  -6.73242e-05
-1.013  -6.76978e-05
-1.012  -6.89642e-05
-1.011  -7.3132e-05
-1.01  -7.33012e-05
-1.009  -6.90698e-05
-1.008  -6.66957e-05
-1.007  -6.44939e-05
-1.006  -6.02721e-05
-1.005  -6.14328e-05
-1.004  -5.98125e-05
-1.003  -6.2017e-05
-1.002  -6.35781e-05
-1.001  -6.50263e-05
-1  -6.42352e-05
-0.999  -7.06046e-05
-0.998  -6.76012e-05
-0.997  -7.13295e-05
-0.996  -7.96825e-05
-0.995  -8.04777e-05
-0.994  -7.84773e-05
-0.993  -7.9949e-05
-0.992  -7.89123e-05
-0.991  -7.54207e-05
-0.99  -7.9048e-05
-0.989  -7.9881e-05
-0.988  -7.59889e-05
-0.987  -8.11807e-05
-0.986  -8.3832e-05
-0.985  -8.41712e-05
-0.984  -8.41634e-05
-0.983  -8.73853e-05
-0.982  -8.36291e-05
-0.981  -9.05219e-05
-0.98  -8.73998e-05
-0.979  -8.88824e-05
-0.978  -8.76504e-05
-0.977  -8.54615e-05
-0.976  -8.16349e-05
-0.975  -8.01265e-05
-0.974  -7.98905e-05
-0.973  -8.1443e-05
-0.972  -8.2424e-05
-0.971  -7.82553e-05
-0.97  -7.62179e-05
-0.969  -7.71481e-05
-0.968  -7.21161e-05
-0.967  -7.10147e-05
-0.966  -7.81002e-05
-0.965  -7.39984e-05
-0.964  -6.83426e-05
-0.963  -6.92303e-05
-0.962  -6.75398e-05
-0.961  -6.74736e-05
-0.96  -6.45509e-05
-0.959  -6.40406e-05
-0.958  -6.12181e-05
-0.957  -6.28e-05
-0.956  -6.86459e-05
-0.955  -6.56987e-05
-0.954  -6.60254e-05
-0.953  -6.77462e-05
-0.952  -6.77698e-05
-0.951  -7.16423e-05
-0.95  -6.93439e-05
-0.949  -7.0949e-05
-0.948  -7.02884e-05
-0.947  -6.72533e-05
-0.946  -6.40154e-05
-0.945  -6.54442e-05
-0.944  -7.15971e-05
-0.943  -7.35824e-05
-0.942  -7.30163e-05
-0.941  -7.08339e-05
-0.94  -6.48302e-05
-0.939  -6.69098e-05
-0.938  -6.60881e-05
-0.937  -6.36469e-05
-0.936  -7.11867e-05
-0.935  -6.99446e-05
-0.934  -6.70494e-05
-0.933  -6.7478e-05
-0.932  -6.34539e-05
-0.931  -6.86034e-05
-0.93  -6.74363e-05
-0.929  -6.86942e-05
-0.928  -6.6288e-05
-0.927  -7.23063e-05
-0.926  -7.26945e-05
-0.925  -6.79675e-05
-0.924  -6.44277e-05
-0.923  -6.56605e-05
-0.922  -6.96922e-05
-0.921  -7.74315e-05
-0.92  -7.48682e-05
-0.919  -7.22082e-05
-0.918  -6.96618e-05
-0.917  -6.59664e-05
-0.916  -6.26547e-05
-0.915  -5.89805e-05
-0.914  -6.5166e-05
-0.913  -6.94283e-05
-0.912  -6.52793e-05
-0.911  -6.5667e-05
-0.91  -6.52787e-05
-0.909  -6.8732e-05
-0.908  -6.71362e-05
-0.907  -6.93408e-05
-0.906  -7.36546e-05
-0.905  -7.90177e-05
-0.904  -7.41373e-05
-0.903  -7.16352e-05
-0.902  -6.76827e-05
-0.901  -7.28623e-05
-0.9  -7.22767e-05
-0.899  -7.44348e-05
-0.898  -7.34174e-05
-0.897  -7.65002e-05
-0.896  -7.64999e-05
-0.895  -7.32839e-05
-0.894  -7.20418e-05
-0.893  -7.50352e-05
-0.892  -7.41114e-05
-0.891  -7.51524e-05
-0.89  -7.17004e-05
-0.889  -6.93939e-05
-0.888  -7.00606e-05
-0.887  -6.5417e-05
-0.886  -6.0069e-05
-0.885  -6.06438e-05
-0.884  -6.32784e-05
-0.883  -6.74116e-05
-0.882  -6.3035e-05
-0.881  -6.41455e-05
-0.88  -6.19131e-05
-0.879  -6.37207e-05
-0.878  -6.50022e-05
-0.877  -7.13395e-05
-0.876  -7.14584e-05
-0.875  -6.96369e-05
-0.874  -6.29613e-05
-0.873  -6.25293e-05
-0.872  -5.98121e-05
-0.871  -5.99401e-05
-0.87  -5.75631e-05
-0.869  -5.43821e-05
-0.868  -5.36375e-05
-0.867  -5.21158e-05
-0.866  -5.16076e-05
-0.865  -5.1269e-05
-0.864  -4.9311e-05
-0.863  -5.0399e-05
-0.862  -5.08432e-05
-0.861  -5.35433e-05
-0.86  -5.32605e-05
-0.859  -5.06164e-05
-0.858  -5.34306e-05
-0.857  -5.23428e-05
-0.856  -5.43644e-05
-0.855  -5.75958e-05
-0.854  -6.02595e-05
-0.853  -6.52954e-05
-0.852  -6.42613e-05
-0.851  -6.37324e-05
-0.85  -6.30718e-05
-0.849  -6.66872e-05
-0.848  -6.80804e-05
-0.847  -7.36581e-05
-0.846  -7.25097e-05
-0.845  -7.35669e-05
-0.844  -7.09602e-05
-0.843  -7.4725e-05
-0.842  -7.28269e-05
-0.841  -7.03101e-05
-0.84  -6.82194e-05
-0.839  -6.3005e-05
-0.838  -6.1738e-05
-0.837  -5.73306e-05
-0.836  -5.50624e-05
-0.835  -5.62881e-05
-0.834  -5.58335e-05
-0.833  -5.72908e-05
-0.832  -6.27599e-05
-0.831  -6.45488e-05
-0.83  -6.7184e-05
-0.829  -6.92663e-05
-0.828  -7.29561e-05
-0.827  -7.33691e-05
-0.826  -7.33333e-05
-0.825  -7.37834e-05
-0.824  -7.7462e-05
-0.823  -8.33138e-05
-0.822  -8.3865e-05
-0.821  -7.89749e-05
-0.82  -7.76169e-05
-0.819  -8.22265e-05
-0.818  -8.20446e-05
-0.817  -8.83862e-05
-0.816  -8.88021e-05
-0.815  -8.90521e-05
-0.814  -8.96845e-05
-0.813  -8.90533e-05
-0.812  -8.96577e-05
-0.811  -8.62997e-05
-0.81  -8.46078e-05
-0.809  -7.70222e-05
-0.808  -7.65321e-05
-0.807  -7.56155e-05
-0.806  -7.73758e-05
-0.805  -7.51357e-05
-0.804  -7.5638e-05
-0.803  -7.38817e-05
-0.802  -7.96275e-05
-0.801  -8.29089e-05
-0.8  -8.15294e-05
-0.799  -8.32775e-05
-0.798  -8.58828e-05
-0.797  -8.43557e-05
-0.796  -8.12655e-05
-0.795  -8.03778e-05
-0.794  -8.38843e-05
-0.793  -8.78803e-05
-0.792  -8.76794e-05
-0.791  -8.14914e-05
-0.79  -8.35912e-05
-0.789  -8.89993e-05
-0.788  -8.48798e-05
-0.787  -8.70312e-05
-0.786  -8.71752e-05
-0.785  -8.29657e-05
-0.784  -8.5829e-05
-0.783  -8.49974e-05
-0.782  -8.27533e-05
-0.781  -7.89385e-05
-0.78  -7.95848e-05
-0.779  -7.73629e-05
-0.778  -7.44334e-05
-0.777  -7.08247e-05
-0.776  -6.73499e-05
-0.775  -6.58156e-05
-0.774  -6.30378e-05
-0.773  -6.37895e-05
-0.772  -6.75708e-05
-0.771  -7.03283e-05
-0.77  -6.67166e-05
-0.769  -7.12071e-05
-0.768  -7.04054e-05
-0.767  -6.61035e-05
-0.766  -7.05079e-05
-0.765  -6.76995e-05
-0.764  -7.03678e-05
-0.763  -7.35916e-05
-0.762  -8.10272e-05
-0.761  -7.52831e-05
-0.76  -7.0613e-05
-0.759  -7.53865e-05
-0.758  -7.8203e-05
-0.757  -8.26058e-05
-0.756  -8.34076e-05
-0.755  -8.30268e-05
-0.754  -8.4725e-05
-0.753  -8.76056e-05
-0.752  -8.23151e-05
-0.751  -8.29304e-05
-0.75  -7.96876e-05
-0.749  -8.00084e-05
-0.748  -7.88162e-05
-0.747  -7.26197e-05
-0.746  -7.48742e-05
-0.745  -7.3238e-05
-0.744  -6.90951e-05
-0.743  -6.51932e-05
-0.742  -7.05029e-05
-0.741  -7.06371e-05
-0.74  -6.80925e-05
-0.739  -6.98446e-05
-0.738  -7.1004e-05
-0.737  -6.62686e-05
-0.736  -6.7797e-05
-0.735  -6.43762e-05
-0.734  -6.59489e-05
-0.733  -6.84433e-05
-0.732  -6.94786e-05
-0.731  -6.68698e-05
-0.73  -6.46233e-05
-0.729  -6.96115e-05
-0.728  -7.40432e-05
-0.727  -7.65656e-05
-0.726  -7.90537e-05
-0.725  -8.02249e-05
-0.724  -8.31013e-05
-0.723  -7.87801e-05
-0.722  -7.93387e-05
-0.721  -7.69401e-05
-0.72  -7.53426e-05
-0.719  -7.55022e-05
-0.718  -8.05291e-05
-0.717  -7.5315e-05
-0.716  -7.64919e-05
-0.715  -7.58164e-05
-0.714  -7.11001e-05
-0.713  -6.8788e-05
-0.712  -7.36024e-05
-0.711  -7.14184e-05
-0.71  -7.35224e-05
-0.709  -6.95892e-05
-0.708  -7.19317e-05
-0.707  -6.89478e-05
-0.706  -7.10094e-05
-0.705  -6.91247e-05
-0.704  -7.13458e-05
-0.703  -7.52446e-05
-0.702  -8.13755e-05
-0.701  -7.82449e-05
-0.7  -7.36899e-05
-0.699  -7.23045e-05
-0.698  -7.43385e-05
-0.697  -7.45135e-05
-0.696  -7.32344e-05
-0.695  -8.16818e-05
-0.694  -8.40479e-05
-0.693  -8.28402e-05
-0.692  -8.28454e-05
-0.691  -7.70467e-05
-0.69  -7.46602e-05
-0.689  -6.77341e-05
-0.688  -7.22637e-05
-0.687  -6.49845e-05
-0.686  -6.60798e-05
-0.685  -7.16166e-05
-0.684  -6.61571e-05
-0.683  -6.28402e-05
-0.682  -6.84956e-05
-0.681  -6.97747e-05
-0.68  -7.24151e-05
-0.679  -7.25964e-05
-0.678  -7.56525e-05
-0.677  -7.56894e-05
-0.676  -7.53984e-05
-0.675  -7.39196e-05
-0.674  -6.99073e-05
-0.673  -7.12823e-05
-0.672  -7.45934e-05
-0.671  -7.79771e-05
-0.67  -7.98999e-05
-0.669  -7.61473e-05
-0.668  -8.19889e-05
-0.667  -7.75563e-05
-0.666  -7.43565e-05
-0.665  -8.18814e-05
-0.664  -8.28444e-05
-0.663  -8.09226e-05
-0.662  -8.07839e-05
-0.661  -7.57546e-05
-0.66  -7.56538e-05
-0.659  -7.02157e-05
-0.658  -6.87221e-05
-0.657  -6.16052e-05
-0.656  -6.44031e-05
-0.655  -7.01035e-05
-0.654  -6.75492e-05
-0.653  -6.5724e-05
-0.652  -6.80539e-05
-0.651  -6.81437e-05
-0.65  -7.20894e-05
-0.649  -6.90406e-05
-0.648  -7.40604e-05
-0.647  -7.76816e-05
-0.646  -7.99029e-05
-0.645  -7.89938e-05
-0.644  -7.36945e-05
-0.643  -7.4825e-05
-0.642  -7.95402e-05
-0.641  -8.05689e-05
-0.64  -8.15626e-05
-0.639  -7.88223e-05
-0.638  -8.34968e-05
-0.637  -7.73263e-05
-0.636  -7.49786e-05
-0.635  -8.0784e-05
-0.634  -7.90172e-05
-0.633  -7.6634e-05
-0.632  -7.43461e-05
-0.631  -6.81101e-05
-0.63  -6.76586e-05
-0.629  -6.19559e-05
-0.628  -5.83377e-05
-0.627  -5.38837e-05
-0.626  -5.76588e-05
-0.625  -6.23133e-05
-0.624  -6.32518e-05
-0.623  -5.9802e-05
-0.622  -6.27296e-05
-0.621  -6.38846e-05
-0.62  -7.15529e-05
-0.619  -6.4178e-05
-0.618  -6.97246e-05
-0.617  -7.42629e-05
-0.616  -7.95543e-05
-0.615  -8.2296e-05
-0.614  -8.04479e-05
-0.613  -8.3116e-05
-0.612  -8.63375e-05
-0.611  -9.15337e-05
-0.61  -9.24097e-05
-0.609  -9.18196e-05
-0.608  -9.07638e-05
-0.607  -8.60044e-05
-0.606  -8.37532e-05
-0.605  -8.8005e-05
-0.604  -8.30479e-05
-0.603  -7.98559e-05
-0.602  -7.82275e-05
-0.601  -7.21478e-05
-0.6  -7.63771e-05
-0.599  -6.96472e-05
-0.598  -6.6017e-05
-0.597  -5.82662e-05
-0.596  -5.61125e-05
-0.595  -5.56405e-05
-0.594  -5.76621e-05
-0.593  -5.92979e-05
-0.592  -6.25448e-05
-0.591  -6.42992e-05
-0.59  -6.70065e-05
-0.589  -5.95197e-05
-0.588  -6.23602e-05
-0.587  -6.50253e-05
-0.586  -6.54187e-05
-0.585  -7.17834e-05
-0.584  -7.02819e-05
-0.583  -6.82119e-05
-0.582  -7.21477e-05
-0.581  -7.49721e-05
-0.58  -7.46141e-05
-0.579  -7.2639e-05
-0.578  -7.43506e-05
-0.577  -7.53945e-05
-0.576  -7.52423e-05
-0.575  -7.99449e-05
-0.574  -7.29452e-05
-0.573  -6.91165e-05
-0.572  -6.87609e-05
-0.571  -6.05951e-05
-0.57  -6.9384e-05
-0.569  -6.42992e-05
-0.568  -6.41426e-05
-0.567  -5.84672e-05
-0.566  -5.96841e-05
-0.565  -5.88342e-05
-0.564  -6.24822e-05
-0.563  -6.4399e-05
-0.562  -6.69168e-05
-0.561  -6.83669e-05
-0.56  -7.29874e-05
-0.559  -6.81442e-05
-0.558  -6.98258e-05
-0.557  -6.86904e-05
-0.556  -6.58665e-05
-0.555  -7.24989e-05
-0.554  -6.79668e-05
-0.553  -6.64639e-05
-0.552  -7.63411e-05
-0.551  -7.53774e-05
-0.55  -7.49776e-05
-0.549  -7.12319e-05
-0.548  -7.16155e-05
-0.547  -6.95139e-05
-0.546  -6.84911e-05
-0.545  -7.54252e-05
-0.544  -7.10879e-05
-0.543  -6.83574e-05
-0.542  -7.14992e-05
-0.541  -6.43839e-05
-0.54  -7.01644e-05
-0.539  -6.79556e-05
-0.538  -7.03199e-05
-0.537  -6.55197e-05
-0.536  -6.38522e-05
-0.535  -6.42861e-05
-0.534  -6.51221e-05
-0.533  -6.32092e-05
-0.532  -6.22039e-05
-0.531  -6.42314e-05
-0.53  -7.17313e-05
-0.529  -6.98192e-05
-0.528  -6.84332e-05
-0.527  -7.08436e-05
-0.526  -6.92218e-05
-0.525  -7.05806e-05
-0.524  -6.43118e-05
-0.523  -6.18223e-05
-0.522  -7.17408e-05
-0.521  -7.05388e-05
-0.52  -6.83869e-05
-0.519  -6.70544e-05
-0.518  -7.11402e-05
-0.517  -7.12506e-05
-0.516  -7.30215e-05
-0.515  -8.06418e-05
-0.514  -7.75928e-05
-0.513  -7.4546e-05
-0.512  -7.73124e-05
-0.511  -6.92841e-05
-0.51  -7.39671e-05
-0.509  -7.14682e-05
-0.508  -7.07042e-05
-0.507  -6.5749e-05
-0.506  -6.6197e-05
-0.505  -6.87857e-05
-0.504  -6.92876e-05
-0.503  -6.60563e-05
-0.502  -6.62195e-05
-0.501  -6.84553e-05
-0.5  -6.92033e-05
-0.499  -6.21938e-05
-0.498  -6.20106e-05
-0.497  -6.17826e-05
-0.496  -5.7427e-05
-0.495  -5.64194e-05
-0.494  -5.56847e-05
-0.493  -5.15465e-05
-0.492  -5.74968e-05
-0.491  -5.71681e-05
-0.49  -6.16552e-05
-0.489  -6.27986e-05
-0.488  -6.49864e-05
-0.487  -6.70203e-05
-0.486  -6.71957e-05
-0.485  -7.47899e-05
-0.484  -7.15148e-05
-0.483  -6.83893e-05
-0.482  -6.66393e-05
-0.481  -6.46916e-05
-0.48  -6.79098e-05
-0.479  -6.71458e-05
-0.478  -6.78874e-05
-0.477  -6.91025e-05
-0.476  -7.12698e-05
-0.475  -7.37834e-05
-0.474  -7.51434e-05
-0.473  -7.74252e-05
-0.472  -7.31497e-05
-0.471  -7.06566e-05
-0.47  -7.19892e-05
-0.469  -6.99173e-05
-0.468  -6.89295e-05
-0.467  -6.6741e-05
-0.466  -6.26728e-05
-0.465  -6.11586e-05
-0.464  -6.54315e-05
-0.463  -6.8238e-05
-0.462  -7.35387e-05
-0.461  -7.46616e-05
-0.46  -7.59925e-05
-0.459  -7.52151e-05
-0.458  -7.19284e-05
-0.457  -7.53069e-05
-0.456  -7.57328e-05
-0.455  -8.23181e-05
-0.454  -7.82755e-05
-0.453  -7.8851e-05
-0.452  -8.11808e-05
-0.451  -7.76878e-05
-0.45  -7.73137e-05
-0.449  -7.57268e-05
-0.448  -7.79808e-05
-0.447  -7.76224e-05
-0.446  -8.05987e-05
-0.445  -7.49362e-05
-0.444  -7.27959e-05
-0.443  -7.31323e-05
-0.442  -6.94504e-05
-0.441  -6.91979e-05
-0.44  -7.32836e-05
-0.439  -7.03308e-05
-0.438  -6.84342e-05
-0.437  -6.77388e-05
-0.436  -6.10171e-05
-0.435  -5.73411e-05
-0.434  -6.10933e-05
-0.433  -6.22642e-05
-0.432  -6.51201e-05
-0.431  -6.71509e-05
-0.43  -6.79562e-05
-0.429  -6.86502e-05
-0.428  -6.78523e-05
-0.427  -7.30442e-05
-0.426  -7.62277e-05
-0.425  -8.11818e-05
-0.424  -7.90261e-05
-0.423  -8.0699e-05
-0.422  -8.18027e-05
-0.421  -7.59178e-05
-0.42  -7.91262e-05
-0.419  -8.05643e-05
-0.418  -8.34617e-05
-0.417  -8.9723e-05
-0.416  -9.63404e-05
-0.415  -9.23306e-05
-0.414  -8.90609e-05
-0.413  -8.98407e-05
-0.412  -8.21984e-05
-0.411  -8.12806e-05
-0.41  -8.70117e-05
-0.409  -8.2795e-05
-0.408  -7.83861e-05
-0.407  -7.55552e-05
-0.406  -6.89858e-05
-0.405  -6.30857e-05
-0.404  -6.44447e-05
-0.403  -6.5335e-05
-0.402  -6.61767e-05
-0.401  -6.56529e-05
-0.4  -6.37742e-05
-0.399  -6.00994e-05
-0.398  -5.23689e-05
-0.397  -5.02672e-05
-0.396  -4.85236e-05
-0.395  -5.13708e-05
-0.394  -5.23469e-05
-0.393  -5.53945e-05
-0.392  -5.44548e-05
-0.391  -4.51273e-05
-0.39  -4.83433e-05
-0.389  -5.01727e-05
-0.388  -5.75061e-05
-0.387  -6.68127e-05
-0.386  -7.81085e-05
-0.385  -7.64126e-05
-0.384  -7.33562e-05
-0.383  -7.27231e-05
-0.382  -7.10733e-05
-0.381  -6.83884e-05
-0.38  -7.22892e-05
-0.379  -7.7368e-05
-0.378  -7.62144e-05
-0.377  -7.90449e-05
-0.376  -7.32112e-05
-0.375  -6.92692e-05
-0.374  -7.00945e-05
-0.373  -7.11366e-05
-0.372  -7.44969e-05
-0.371  -7.5082e-05
-0.37  -7.06955e-05
-0.369  -6.3426e-05
-0.368  -5.82478e-05
-0.367  -5.5094e-05
-0.366  -5.20716e-05
-0.365  -5.74811e-05
-0.364  -5.91694e-05
-0.363  -6.21349e-05
-0.362  -6.24616e-05
-0.361  -5.65271e-05
-0.36  -5.27708e-05
-0.359  -5.16014e-05
-0.358  -5.57203e-05
-0.357  -5.93525e-05
-0.356  -6.34924e-05
-0.355  -6.35196e-05
-0.354  -6.36251e-05
-0.353  -6.36791e-05
-0.352  -6.38129e-05
-0.351  -6.70262e-05
-0.35  -6.87564e-05
-0.349  -6.7864e-05
-0.348  -6.7636e-05
-0.347  -7.24114e-05
-0.346  -6.41417e-05
-0.345  -6.36325e-05
-0.344  -5.93469e-05
-0.343  -6.16338e-05
-0.342  -6.60797e-05
-0.341  -6.80108e-05
-0.34  -6.60486e-05
-0.339  -6.00938e-05
-0.338  -5.96782e-05
-0.337  -6.07575e-05
-0.336  -5.7305e-05
-0.335  -6.12575e-05
-0.334  -6.35516e-05
-0.333  -6.34388e-05
-0.332  -6.30463e-05
-0.331  -6.1681e-05
-0.33  -5.67561e-05
-0.329  -5.33063e-05
-0.328  -5.36316e-05
-0.327  -5.736e-05
-0.326  -5.79318e-05
-0.325  -5.92291e-05
-0.324  -5.82123e-05
-0.323  -5.86111e-05
-0.322  -5.90083e-05
-0.321  -6.46404e-05
-0.32  -7.01556e-05
-0.319  -7.02509e-05
-0.318  -6.89306e-05
-0.317  -7.19853e-05
-0.316  -6.57057e-05
-0.315  -6.41725e-05
-0.314  -6.31346e-05
-0.313  -6.87413e-05
-0.312  -6.93475e-05
-0.311  -7.67556e-05
-0.31  -7.64641e-05
-0.309  -7.52708e-05
-0.308  -7.32688e-05
-0.307  -8.0443e-05
-0.306  -7.95728e-05
-0.305  -8.31025e-05
-0.304  -8.28718e-05
-0.303  -8.62245e-05
-0.302  -8.38113e-05
-0.301  -8.34009e-05
-0.3  -7.86042e-05
-0.299  -7.73283e-05
-0.298  -7.58431e-05
-0.297  -7.96911e-05
-0.296  -8.03789e-05
-0.295  -7.75355e-05
-0.294  -7.0539e-05
-0.293  -7.4954e-05
-0.292  -7.1899e-05
-0.291  -7.46538e-05
-0.29  -7.91877e-05
-0.289  -8.15253e-05
-0.288  -7.81139e-05
-0.287  -8.06573e-05
-0.286  -7.55934e-05
-0.285  -7.37596e-05
-0.284  -6.93186e-05
-0.283  -7.47551e-05
-0.282  -7.0725e-05
-0.281  -7.5355e-05
-0.28  -7.16107e-05
-0.279  -7.24672e-05
-0.278  -7.00424e-05
-0.277  -7.50879e-05
-0.276  -7.9769e-05
-0.275  -8.4272e-05
-0.274  -8.23756e-05
-0.273  -8.6995e-05
-0.272  -8.46083e-05
-0.271  -8.07175e-05
-0.27  -7.69038e-05
-0.269  -7.2761e-05
-0.268  -6.98966e-05
-0.267  -7.83807e-05
-0.266  -7.98341e-05
-0.265  -8.15193e-05
-0.264  -7.6447e-05
-0.263  -8.31368e-05
-0.262  -8.50767e-05
-0.261  -8.61208e-05
-0.26  -9.29362e-05
-0.259  -9.27913e-05
-0.258  -8.77148e-05
-0.257  -8.99177e-05
-0.256  -8.40528e-05
-0.255  -8.04123e-05
-0.254  -7.56758e-05
-0.253  -8.11939e-05
-0.252  -8.20247e-05
-0.251  -8.62342e-05
-0.25  -8.85136e-05
-0.249  -8.88553e-05
-0.248  -8.18401e-05
-0.247  -8.06106e-05
-0.246  -8.12289e-05
-0.245  -8.49894e-05
-0.244  -8.05647e-05
-0.243  -8.36403e-05
-0.242  -8.39619e-05
-0.241  -7.54126e-05
-0.24  -7.50371e-05
-0.239  -7.53564e-05
-0.238  -6.67129e-05
-0.237  -7.2027e-05
-0.236  -7.83209e-05
-0.235  -7.80605e-05
-0.234  -7.60489e-05
-0.233  -7.64397e-05
-0.232  -7.87021e-05
-0.231  -7.66553e-05
-0.23  -8.29925e-05
-0.229  -8.10989e-05
-0.228  -8.49935e-05
-0.227  -8.53178e-05
-0.226  -7.80367e-05
-0.225  -7.32653e-05
-0.224  -7.11802e-05
-0.223  -7.74804e-05
-0.222  -7.94807e-05
-0.221  -8.20545e-05
-0.22  -8.27706e-05
-0.219  -8.34659e-05
-0.218  -7.88019e-05
-0.217  -7.6012e-05
-0.216  -7.86458e-05
-0.215  -7.63656e-05
-0.214  -7.4981e-05
-0.213  -7.74033e-05
-0.212  -7.76182e-05
-0.211  -7.09644e-05
-0.21  -7.22814e-05
-0.209  -6.68598e-05
-0.208  -6.15263e-05
-0.207  -6.7397e-05
-0.206  -7.13303e-05
-0.205  -6.60439e-05
-0.204  -6.71443e-05
-0.203  -7.15013e-05
-0.202  -7.177e-05
-0.201  -6.90159e-05
-0.2  -7.43704e-05
-0.199  -7.09013e-05
-0.198  -7.0627e-05
-0.197  -7.17842e-05
-0.196  -6.64298e-05
-0.195  -6.75584e-05
-0.194  -6.19729e-05
-0.193  -6.83572e-05
-0.192  -6.90732e-05
-0.191  -7.06474e-05
-0.19  -7.51358e-05
-0.189  -7.58255e-05
-0.188  -7.19719e-05
-0.187  -7.05615e-05
-0.186  -7.56017e-05
-0.185  -6.94163e-05
-0.184  -6.73436e-05
-0.183  -6.69572e-05
-0.182  -6.59834e-05
-0.181  -5.99997e-05
-0.18  -6.5607e-05
-0.179  -6.3746e-05
-0.178  -6.27503e-05
-0.177  -6.71544e-05
-0.176  -6.63312e-05
-0.175  -6.46039e-05
-0.174  -6.49618e-05
-0.173  -6.82294e-05
-0.172  -6.95062e-05
-0.171  -6.49047e-05
-0.17  -7.07622e-05
-0.169  -6.84019e-05
-0.168  -7.3337e-05
-0.167  -7.56278e-05
-0.166  -6.90348e-05
-0.165  -7.06388e-05
-0.164  -7.32385e-05
-0.163  -7.64008e-05
-0.162  -8.40461e-05
-0.161  -8.46583e-05
-0.16  -8.79073e-05
-0.159  -8.57247e-05
-0.158  -8.25106e-05
-0.157  -8.17675e-05
-0.156  -8.43817e-05
-0.155  -7.77933e-05
-0.154  -7.66993e-05
-0.153  -7.77849e-05
-0.152  -8.34352e-05
-0.151  -7.9461e-05
-0.15  -8.21644e-05
-0.149  -7.90708e-05
-0.148  -7.55241e-05
-0.147  -7.87869e-05
-0.146  -8.10167e-05
-0.145  -7.57417e-05
-0.144  -8.02982e-05
-0.143  -7.89162e-05
-0.142  -8.03694e-05
-0.141  -7.65275e-05
-0.14  -7.99792e-05
-0.139  -8.23872e-05
-0.138  -8.82893e-05
-0.137  -9.16397e-05
-0.136  -9.02036e-05
-0.135  -9.19098e-05
-0.134  -9.23966e-05
-0.133  -9.0132e-05
-0.132  -9.54379e-05
-0.131  -9.85173e-05
-0.13  -9.89665e-05
-0.129  -9.77689e-05
-0.128  -9.83361e-05
-0.127  -9.69942e-05
-0.126  -9.87688e-05
-0.125  -9.47981e-05
-0.124  -9.27254e-05
-0.123  -9.52164e-05
-0.122  -0.000101397
-0.121  -0.000103635
-0.12  -0.000123926
-0.119  -0.000149907
-0.118  -0.00020171
-0.117  -0.000282141
-0.116  -0.000408124
-0.115  -0.000575601
-0.114  -0.000819735
-0.113  -0.00114135
-0.112  -0.00157252
-0.111  -0.00212939
-0.11  -0.0028382
-0.109  -0.00372369
-0.108  -0.00481404
-0.107  -0.00615231
-0.106  -0.007749
-0.105  -0.00965923
-0.104  -0.0119025
-0.103  -0.0145075
-0.102  -0.0175223
-0.101  -0.0209545
-0.1  -0.024838
-0.099  -0.0291934
-0.098  -0.0340625
-0.097  -0.0394352
-0.096  -0.0453553
-0.095  -0.0518152
-0.094  -0.0588299
-0.093  -0.0663836
-0.092  -0.0744937
-0.091  -0.0831514
-0.09  -0.0923546
-0.089  -0.102111
-0.088  -0.112367
-0.087  -0.123117
-0.086  -0.134368
-0.085  -0.146079
-0.084  -0.158254
-0.083  -0.170827
-0.082  -0.183808
-0.081  -0.197169
-0.08  -0.210868
-0.079  -0.224864
-0.078  -0.239157
-0.077  -0.253741
-0.076  -0.268572
-0.075  -0.283616
-0.074  -0.298871
-0.073  -0.314301
-0.072  -0.329877
-0.071  -0.345579
-0.07  -0.361358
-0.069  -0.377222
-0.068  -0.393158
-0.067  -0.409091
-0.066  -0.425024
-0.065  -0.440936
-0.064  -0.456816
-0.063  -0.472625
-0.062  -0.488339
-0.061  -0.503966
-0.06  -0.519499
-0.059  -0.534906
-0.058  -0.550136
-0.057  -0.565202
-0.056  -0.580097
-0.055  -0.594813
-0.054  -0.609321
-0.053  -0.623627
-0.052  -0.637726
-0.051  -0.651604
-0.05  -0.665262
-0.049  -0.678689
-0.048  -0.6919
-0.047  -0.704865
-0.046  -0.717578
-0.045  -0.730043
-0.044  -0.742272
-0.043  -0.754266
-0.042  -0.765986
-0.041  -0.777463
-0.04  -0.788672
-0.039  -0.79962
-0.038  -0.810305
-0.037  -0.820733
-0.036  -0.830886
-0.035  -0.84078
-0.034  -0.850398
-0.033  -0.859739
-0.032  -0.868803
-0.031  -0.87759
-0.03  -0.886094
-0.029  -0.894301
-0.028  -0.902242
-0.027  -0.909924
-0.026  -0.91731
-0.025  -0.924411
-0.024  -0.931227
-0.023  -0.937792
-0.022  -0.944083
-0.021  -0.950091
-0.02  -0.955857
-0.019  -0.96135
-0.018  -0.966576
-0.017  -0.971507
-0.016  -0.976174
-0.015  -0.980597
-0.014  -0.984757
-0.013  -0.988668
-0.012  -0.992292
-0.011  -0.995667
-0.01  -0.998771
-0.009  -1.00162
-0.008  -1.0042
-0.007  -1.00653
-0.006  -1.00862
-0.005  -1.01044
-0.004  -1.01201
-0.003  -1.01333
-0.002  -1.0144
-0.001  -1.0152
0  -1.01577
0.001  -1.01609
0.002  -1.0162
0.003  -1.01609
0.004  -1.01572
0.005  -1.01513
0.006  -1.01432
0.007  -1.01333
0.008  -1.01212
0.009  -1.01072
0.01  -1.00915
0.011  -1.00739
0.012  -1.00545
0.013  -1.00332
0.014  -1.00106
0.015  -0.998648
0.016  -0.996064
0.017  -0.993364
0.018  -0.990517
0.019  -0.98753
0.02  -0.984428
0.021  -0.981219
0.022  -0.977895
0.023  -0.974475
0.024  -0.97095
0.025  -0.967309
0.026  -0.963574
0.027  -0.95978
0.028  -0.955894
0.029  -0.951906
0.03  -0.94785
0.031  -0.943743
0.032  -0.939577
0.033  -0.935329
0.034  -0.931007
0.035  -0.926622
0.036  -0.922185
0.037  -0.91771
0.038  -0.913176
0.039  -0.9086
0.04  -0.903987
0.041  -0.899316
0.042  -0.894598
0.043  -0.889864
0.044  -0.885105
0.045  -0.880318
0.046  -0.875471
0.047  -0.870609
0.048  -0.865742
0.049  -0.860834
0.05  -0.855912
0.051  -0.850964
0.052  -0.84603
0.053  -0.841065
0.054  -0.836112
0.055  -0.831142
0.056  -0.826143
0.057  -0.821165
0.058  -0.816176
0.059  -0.811167
0.06  -0.806172
0.061  -0.801188
0.062  -0.796203
0.063  -0.791211
0.064  -0.786237
0.065  -0.781268
0.066  -0.776316
0.067  -0.771358
0.068  -0.76642
0.069  -0.761503
0.07  -0.756577
0.071  -0.75165
0.072  -0.746768
0.073  -0.741889
0.074  -0.737025
0.075  -0.732193
0.076  -0.727367
0.077  -0.722571
0.078  -0.717828
0.079  -0.713081
0.08  -0.708372
0.081  -0.703677
0.082  -0.699041
0.083  -0.694415
0.084  -0.689826
0.085  -0.685297
0.086  -0.680787
0.087  -0.676309
0.088  -0.671855
0.089  -0.66745
0.09  -0.663081
0.091  -0.658765
0.092  -0.654488
0.093  -0.650242
0.094  -0.646049
0.095  -0.641895
0.096  -0.637784
0.097  -0.633687
0.098  -0.62964
0.099  -0.625646
0.1  -0.62166
0.101  -0.617704
0.102  -0.613807
0.103  -0.609955
0.104  -0.606113
0.105  -0.602304
0.106  -0.598556
0.107  -0.594834
0.108  -0.591182
0.109  -0.587537
0.11  -0.58393
0.111  -0.580346
0.112  -0.576811
0.113  -0.5733
0.114  -0.569814
0.115  -0.566394
0.116  -0.563
0.117  -0.559626
0.118  -0.556263
0.119  -0.552953
0.12  -0.549687
0.121  -0.546455
0.122  -0.543236
0.123  -0.540044
0.124  -0.536902
0.125  -0.533776
0.126  -0.530684
0.127  -0.527594
0.128  -0.524557
0.129  -0.521528
0.13  -0.51852
0.131  -0.51551
0.132  -0.512541
0.133  -0.509607
0.134  -0.506651
0.135  -0.503702
0.136  -0.500829
0.137  -0.497965
0.138  -0.495133
0.139  -0.492309
0.14  -0.489477
0.141  -0.486672
0.142  -0.48389
0.143  -0.481127
0.144  -0.478355
0.145  -0.475616
0.146  -0.472886
0.147  -0.470134
0.148  -0.467398
0.149  -0.464691
0.15  -0.462024
0.151  -0.459337
0.152  -0.45665
0.153  -0.453995
0.154  -0.451379
0.155  -0.448721
0.156  -0.446088
0.157  -0.443455
0.158  -0.440812
0.159  -0.438177
0.16  -0.43554
0.161  -0.432882
0.162  -0.430233
0.163  -0.427615
0.164  -0.424973
0.165  -0.422328
0.166  -0.419741
0.167  -0.417134
0.168  -0.414514
0.169  -0.411889
0.17  -0.409272
0.171  -0.406668
0.172  -0.404047
0.173  -0.401426
0.174  -0.398806
0.175  -0.396188
0.176  -0.393561
0.177  -0.390924
0.178  -0.388312
0.179  -0.385717
0.18  -0.383143
0.181  -0.380544
0.182  -0.377927
0.183  -0.375329
0.184  -0.37277
0.185  -0.370186
0.186  -0.367622
0.187  -0.365077
0.188  -0.36252
0.189  -0.359959
0.19  -0.357383
0.191  -0.354808
0.192  -0.352229
0.193  -0.349694
0.194  -0.347158
0.195  -0.344637
0.196  -0.342152
0.197  -0.339646
0.198  -0.337143
0.199  -0.334649
0.2  -0.332169
0.201  -0.32973
0.202  -0.327279
0.203  -0.324849
0.204  -0.322409
0.205  -0.319988
0.206  -0.317572
0.207  -0.315176
0.208  -0.312825
0.209  -0.310501
0.21  -0.308195
0.211  -0.305911
0.212  -0.303617
0.213  -0.301334
0.214  -0.299092
0.215  -0.296862
0.216  -0.294691
0.217  -0.292523
0.218  -0.290361
0.219  -0.288225
0.22  -0.286086
0.221  -0.283985
0.222  -0.281883
0.223  -0.279841
0.224  -0.27783
0.225  -0.275824
0.226  -0.273859
0.227  -0.27188
0.228  -0.269943
0.229  -0.268038
0.23  -0.266139
0.231  -0.26429
0.232  -0.262437
0.233  -0.260634
0.234  -0.258837
0.235  -0.257038
0.236  -0.25528
0.237  -0.253559
0.238  -0.251866
0.239  -0.250209
0.24  -0.248569
0.241  -0.246943
0.242  -0.245325
0.243  -0.243709
0.244  -0.242156
0.245  -0.240614
0.246  -0.239118
0.247  -0.237624
0.248  -0.236142
0.249  -0.234684
0.25  -0.233232
0.251  -0.231841
0.252  -0.230444
0.253  -0.229062
0.254  -0.227688
0.255  -0.226334
0.256  -0.225007
0.257  -0.223686
0.258  -0.222378
0.259  -0.221102
0.26  -0.219827
0.261  -0.218594
0.262  -0.217346
0.263  -0.216127
0.264  -0.214918
0.265  -0.213711
0.266  -0.212512
0.267  -0.211325
0.268  -0.210158
0.269  -0.209005
0.27  -0.20784
0.271  -0.206672
0.272  -0.20554
0.273  -0.204425
0.274  -0.203332
0.275  -0.202229
0.276  -0.20113
0.277  -0.200037
0.278  -0.198944
0.279  -0.197853
0.28  -0.196755
0.281  -0.195697
0.282  -0.194616
0.283  -0.193516
0.284  -0.19244
0.285  -0.191375
0.286  -0.190324
0.287  -0.189275
0.288  -0.188208
0.289  -0.187176
0.29  -0.186126
0.291  -0.185073
0.292  -0.184
0.293  -0.182947
0.294  -0.181893
0.295  -0.180849
0.296  -0.179798
0.297  -0.178722
0.298  -0.177674
0.299  -0.176616
0.3  -0.175543
0.301  -0.174456
0.302  -0.173416
0.303  -0.172368
0.304  -0.171337
0.305  -0.170271
0.306  -0.169207
0.307  -0.168175
0.308  -0.167113
0.309  -0.166042
0.31  -0.164974
0.311  -0.163929
0.312  -0.16286
0.313  -0.161776
0.314  -0.160698
0.315  -0.159648
0.316  -0.158614
0.317  -0.157566
0.318  -0.156518
0.319  -0.15548
0.32  -0.15445
0.321  -0.15339
0.322  -0.152325
0.323  -0.151259
0.324  -0.150227
0.325  -0.149199
0.326  -0.148157
0.327  -0.147111
0.328  -0.146107
0.329  -0.145093
0.33  -0.144083
0.331  -0.143057
0.332  -0.142073
0.333  -0.141087
0.334  -0.140108
0.335  -0.139107
0.336  -0.138121
0.337  -0.137164
0.338  -0.136213
0.339  -0.135249
0.34  -0.134309
0.341  -0.133383
0.342  -0.132436
0.343  -0.131488
0.344  -0.130559
0.345  -0.129644
0.346  -0.128755
0.347  -0.127854
0.348  -0.126972
0.349  -0.126093
0.35  -0.125239
0.351  -0.124375
0.352  -0.123526
0.353  -0.122673
0.354  -0.121863
0.355  -0.121068
0.356  -0.120254
0.357  -0.119434
0.358  -0.118657
0.359  -0.117876
0.36  -0.117103
0.361  -0.11635
0.362  -0.115624
0.363  -0.114876
0.364  -0.114157
0.365  -0.11342
0.366  -0.11271
0.367  -0.112025
0.368  -0.111347
0.369  -0.110667
0.37  -0.109991
0.371  -0.109332
0.372  -0.108659
0.373  -0.108005
0.374  -0.10735
0.375  -0.106712
0.376  -0.106095
0.377  -0.10547
0.378  -0.104859
0.379  -0.104267
0.38  -0.103678
0.381  -0.103087
0.382  -0.102522
0.383  -0.101938
0.384  -0.101393
0.385  -0.100856
0.386  -0.100292
0.387  -0.0997357
0.388  -0.0991944
0.389  -0.098662
0.39  -0.0981274
0.391  -0.0976082
0.392  -0.0970956
0.393  -0.096567
0.394  -0.0960529
0.395  -0.0955413
0.396  -0.095054
0.397  -0.0945628
0.398  -0.0940593
0.399  -0.0935748
0.4  -0.0930792
0.401  -0.0925836
0.402  -0.0920844
0.403  -0.0915841
0.404  -0.0910628
0.405  -0.0905626
0.406  -0.090067
0.407  -0.0895815
0.408  -0.0890756
0.409  -0.088604
0.41  -0.0881054
0.411  -0.0875983
0.412  -0.0871206
0.413  -0.0866167
0.414  -0.0861277
0.415  -0.0856285
0.416  -0.0851287
0.417  -0.0846345
0.418  -0.084127
0.419  -0.0836278
0.42  -0.0831193
0.421  -0.0826203
0.422  -0.0821294
0.423  -0.0816277
0.424  -0.0811329
0.425  -0.0806223
0.426  -0.0801122
0.427  -0.0796209
0.428  -0.0790957
0.429  -0.0785988
0.43  -0.078095
0.431  -0.077587
0.432  -0.0770745
0.433  -0.0765553
0.434  -0.0760199
0.435  -0.075496
0.436  -0.0749753
0.437  -0.0744642
0.438  -0.0739241
0.439  -0.073426
0.44  -0.0728928
0.441  -0.0723525
0.442  -0.07183
0.443  -0.0712901
0.444  -0.0707736
0.445  -0.0702493
0.446  -0.0697286
0.447  -0.0692071
0.448  -0.0686822
0.449  -0.0681564
0.45  -0.0676256
0.451  -0.0671109
0.452  -0.0665995
0.453  -0.0660787
0.454  -0.0655715
0.455  -0.0650516
0.456  -0.0645411
0.457  -0.0640452
0.458  -0.0635244
0.459  -0.0630236
0.46  -0.0625314
0.461  -0.0620441
0.462  -0.061549
0.463  -0.0610592
0.464  -0.0605647
0.465  -0.0600713
0.466  -0.0595908
0.467  -0.0591184
0.468  -0.0586315
0.469  -0.0581738
0.47  -0.0576967
0.471  -0.0572272
0.472  -0.0567738
0.473  -0.0563069
0.474  -0.0558638
0.475  -0.0554114
0.476  -0.0549806
0.477  -0.0545309
0.478  -0.0541124
0.479  -0.0536789
0.48  -0.05326
0.481  -0.05286
0.482  -0.0524434
0.483  -0.0520359
0.484  -0.0516308
0.485  -0.0512311
0.486  -0.0508499
0.487  -0.0504705
0.488  -0.0500843
0.489  -0.0497167
0.49  -0.0493491
0.491  -0.0490012
0.492  -0.0486495
0.493  -0.0482884
0.494  -0.047946
0.495  -0.0475929
0.496  -0.0472713
0.497  -0.0469376
0.498  -0.046599
0.499  -0.0462707
0.5  -0.0459333
0.501  -0.0456199
0.502  -0.0453011
0.503  -0.0449838
0.504  -0.0446817
0.505  -0.0443682
0.506  -0.0440864
0.507  -0.0437814
0.508  -0.0435037
0.509  -0.0432143
0.51  -0.0429331
0.511  -0.0426632
0.512  -0.0423802
0.513  -0.0421021
0.514  -0.0418165
0.515  -0.0415384
0.516  -0.0412784
0.517  -0.0410223
0.518  -0.0407605
0.519  -0.040509
0.52  -0.0402428
0.521  -0.0400017
0.522  -0.0397572
0.523  -0.0394974
0.524  -0.0392554
0.525  -0.0389861
0.526  -0.0387522
0.527  -0.0384904
0.528  -0.0382298
0.529  -0.037964
0.53  -0.0376971
0.531  -0.0374627
0.532  -0.0372028
0.533  -0.0369706
0.534  -0.0367237
0.535  -0.0364727
0.536  -0.0362354
0.537  -0.0359781
0.538  -0.0357379
0.539  -0.0354918
0.54  -0.0352425
0.541  -0.0350043
0.542  -0.0347534
0.543  -0.034501
0.544  -0.034246
0.545  -0.0339875
0.546  -0.0337449
0.547  -0.0335115
0.548  -0.0332675
0.549  -0.0330267
0.55  -0.0327615
0.551  -0.0325187
0.552  -0.0322705
0.553  -0.0320218
0.554  -0.0317762
0.555  -0.0315168
0.556  -0.0312791
0.557  -0.031025
0.558  -0.0307712
0.559  -0.030503
0.56  -0.030243
0.561  -0.0300071
0.562  -0.0297478
0.563  -0.0295152
0.564  -0.0292639
0.565  -0.0290206
0.566  -0.0287636
0.567  -0.0285185
0.568  -0.0282738
0.569  -0.0280303
0.57  -0.0277822
0.571  -0.0275242
0.572  -0.0272766
0.573  -0.0270194
0.574  -0.0267589
0.575  -0.026501
0.576  -0.0262535
0.577  -0.0260198
0.578  -0.0257796
0.579  -0.0255423
0.58  -0.0252912
0.581  -0.0250538
0.582  -0.024815
0.583  -0.0245796
0.584  -0.0243383
0.585  -0.0241089
0.586  -0.0238846
0.587  -0.0236562
0.588  -0.023436
0.589  -0.0231979
0.59  -0.0229774
0.591  -0.0227622
0.592  -0.0225437
0.593  -0.0223521
0.594  -0.0221426
0.595  -0.0219393
0.596  -0.0217234
0.597  -0.0215403
0.598  -0.0213344
0.599  -0.0211287
0.6  -0.0209276
0.601  -0.0207189
0.602  -0.02053
0.603  -0.0203382
0.604  -0.0201389
0.605  -0.0199373
0.606  -0.0197474
0.607  -0.0195722
0.608  -0.0193962
0.609  -0.0192247
0.61  -0.0190529
0.611  -0.0188845
0.612  -0.0187123
0.613  -0.0185558
0.614  -0.0183913
0.615  -0.018242
0.616  -0.0180851
0.617  -0.0179404
0.618  -0.0178111
0.619  -0.017658
0.62  -0.0175239
0.621  -0.0173858
0.622  -0.0172511
0.623  -0.017138
0.624  -0.0170169
0.625  -0.0168939
0.626  -0.016751
0.627  -0.0166573
0.628  -0.0165413
0.629  -0.0164111
0.63  -0.0162892
0.631  -0.0161729
0.632  -0.016064
0.633  -0.0159592
0.634  -0.0158448
0.635  -0.0157218
0.636  -0.0156168
0.637  -0.0154919
0.638  -0.0154092
0.639  -0.0153227
0.64  -0.0152263
0.641  -0.0151397
0.642  -0.0150391
0.643  -0.0149501
0.644  -0.0148673
0.645  -0.014789
0.646  -0.0146962
0.647  -0.0146133
0.648  -0.0145471
0.649  -0.0144637
0.65  -0.0143905
0.651  -0.0143029
0.652  -0.0142205
0.653  -0.0141592
0.654  -0.0140948
0.655  -0.0140197
0.656  -0.0139497
0.657  -0.0138881
0.658  -0.0138026
0.659  -0.0137254
0.66  -0.0136395
0.661  -0.0135785
0.662  -0.0135155
0.663  -0.0134496
0.664  -0.0133811
0.665  -0.0133016
0.666  -0.0132345
0.667  -0.0131439
0.668  -0.0130966
0.669  -0.013037
0.67  -0.0129734
0.671  -0.0129132
0.672  -0.0128423
0.673  -0.012772
0.674  -0.012724
0.675  -0.012665
0.676  -0.0125916
0.677  -0.0125413
0.678  -0.0124833
0.679  -0.0124245
0.68  -0.0123636
0.681  -0.0122856
0.682  -0.0122119
0.683  -0.0121606
0.684  -0.0121054
0.685  -0.0120372
0.686  -0.0119872
0.687  -0.0119189
0.688  -0.0118397
0.689  -0.0117757
0.69  -0.0117068
0.691  -0.01166
0.692  -0.0116052
0.693  -0.0115345
0.694  -0.0114803
0.695  -0.011422
0.696  -0.0113569
0.697  -0.0112902
0.698  -0.0112546
0.699  -0.0111999
0.7  -0.0111545
0.701  -0.0111071
0.702  -0.0110493
0.703  -0.0109958
0.704  -0.0109694
0.705  -0.0109197
0.706  -0.0108742
0.707  -0.0108391
0.708  -0.0107971
0.709  -0.0107533
0.71  -0.0107025
0.711  -0.0106524
0.712  -0.0106029
0.713  -0.0105625
0.714  -0.0105166
0.715  -0.0104775
0.716  -0.0104484
0.717  -0.0103914
0.718  -0.0103402
0.719  -0.0103011
0.72  -0.0102647
0.721  -0.0102459
0.722  -0.0102223
0.723  -0.0101825
0.724  -0.0101564
0.725  -0.0101304
0.726  -0.0101033
0.727  -0.0100837
0.728  -0.0100847
0.729  -0.010069
0.73  -0.0100674
0.731  -0.0100661
0.732  -0.0100426
0.733  -0.0100423
0.734  -0.0100483
0.735  -0.0100418
0.736  -0.0100483
0.737  -0.0100519
0.738  -0.0100524
0.739  -0.0100491
0.74  -0.0100431
0.741  -0.0100319
0.742  -0.010029
0.743  -0.0100346
0.744  -0.0100375
0.745  -0.0100449
0.746  -0.0100617
0.747  -0.0100488
0.748  -0.0100483
0.749  -0.0100477
0.75  -0.0100525
0.751  -0.0100883
0.752  -0.0101028
0.753  -0.0101126
0.754  -0.0101338
0.755  -0.010146
0.756  -0.0101654
0.757  -0.0101927
0.758  -0.0102312
0.759  -0.0102529
0.76  -0.0102885
0.761  -0.0103213
0.762  -0.0103365
0.763  -0.01037
0.764  -0.0104028
0.765  -0.0104317
0.766  -0.0104764
0.767  -0.0105073
0.768  -0.0105408
0.769  -0.0105658
0.77  -0.0105917
0.771  -0.0106178
0.772  -0.0106508
0.773  -0.0106732
0.774  -0.0107058
0.775  -0.0107403
0.776  -0.0107805
0.777  -0.0108051
0.778  -0.0108303
0.779  -0.0108527
0.78  -0.0108877
0.781  -0.0109403
0.782  -0.0109749
0.783  -0.0110097
0.784  -0.0110406
0.785  -0.0110693
0.786  -0.0111084
0.787  -0.0111517
0.788  -0.0112006
0.789  -0.0112335
0.79  -0.011269
0.791  -0.0113022
0.792  -0.011338
0.793  -0.0113821
0.794  -0.0114213
0.795  -0.0114558
0.796  -0.011501
0.797  -0.0115408
0.798  -0.0115902
0.799  -0.0116162
0.8  -0.0116571
0.801  -0.011688
0.802  -0.0117238
0.803  -0.0117561
0.804  -0.0117882
0.805  -0.0118201
0.806  -0.011864
0.807  -0.0118937
0.808  -0.0119249
0.809  -0.0119526
0.81  -0.0119921
0.811  -0.0120333
0.812  -0.0120723
0.813  -0.0121075
0.814  -0.0121381
0.815  -0.0121638
0.816  -0.0121996
0.817  -0.0122321
0.818  -0.0122776
0.819  -0.0123028
0.82  -0.0123386
0.821  -0.0123705
0.822  -0.0123942
0.823  -0.0124265
0.824  -0.0124647
0.825  -0.012489
0.826  -0.0125297
0.827  -0.0125657
0.828  -0.0126115
0.829  -0.0126386
0.83  -0.0126769
0.831  -0.0126981
0.832  -0.0127279
0.833  -0.0127594
0.834  -0.0127925
0.835  -0.0128231
0.836  -0.0128583
0.837  -0.0128826
0.838  -0.0129099
0.839  -0.0129328
0.84  -0.0129684
0.841  -0.0130047
0.842  -0.0130443
0.843  -0.0130714
0.844  -0.0131096
0.845  -0.0131353
0.846  -0.0131687
0.847  -0.0131925
0.848  -0.0132313
0.849  -0.0132608
0.85  -0.0133
0.851  -0.0133327
0.852  -0.0133578
0.853  -0.0133871
0.854  -0.0134247
0.855  -0.0134512
0.856  -0.0134859
0.857  -0.013525
0.858  -0.0135715
0.859  -0.0136019
0.86  -0.0136405
0.861  -0.0136649
0.862  -0.0136989
0.863  -0.013731
0.864  -0.0137632
0.865  -0.0137995
0.866  -0.0138433
0.867  -0.0138667
0.868  -0.0138961
0.869  -0.0139165
0.87  -0.0139518
0.871  -0.0139824
0.872  -0.0140175
0.873  -0.0140353
0.874  -0.0140792
0.875  -0.0141097
0.876  -0.0141388
0.877  -0.0141705
0.878  -0.014206
0.879  -0.0142407
0.88  -0.0142838
0.881  -0.0143205
0.882  -0.0143419
0.883  -0.0143731
0.884  -0.0144006
0.885  -0.0144236
0.886  -0.0144578
0.887  -0.014493
0.888  -0.0145416
0.889  -0.0145691
0.89  -0.0146042
0.891  -0.014628
0.892  -0.0146674
0.893  -0.0146935
0.894  -0.0147273
0.895  -0.0147613
0.896  -0.0147867
0.897  -0.0148066
0.898  -0.0148325
0.899  -0.0148456
0.9  -0.0148643
0.901  -0.0148864
0.902  -0.0149128
0.903  -0.0149259
0.904  -0.0149691
0.905  -0.0149908
0.906  -0.0150129
0.907  -0.0150343
0.908  -0.0150591
0.909  -0.0150902
0.91  -0.0151186
0.911  -0.0151421
0.912  -0.0151552
0.913  -0.0151754
0.914  -0.0151967
0.915  -0.0152164
0.916  -0.0152437
0.917  -0.0152617
0.918  -0.015289
0.919  -0.0153086
0.92  -0.0153289
0.921  -0.0153524
0.922  -0.0153795
0.923  -0.0153856
0.924  -0.0154015
0.925  -0.0154166
0.926  -0.0154187
0.927  -0.0154287
0.928  -0.0154341
0.929  -0.01544
0.93  -0.0154442
0.931  -0.0154483
0.932  -0.0154535
0.933  -0.015448
0.934  -0.0154688
0.935  -0.0154673
0.936  -0.0154744
0.937  -0.0154806
0.938  -0.0154894
0.939  -0.0155
0.94  -0.0154899
0.941  -0.0154884
0.942  -0.0154892
0.943  -0.015494
0.944  -0.0154974
0.945  -0.0155062
0.946  -0.0155069
0.947  -0.0155065
0.948  -0.0154981
0.949  -0.0154952
0.95  -0.0154961
0.951  -0.0154958
0.952  -0.0154972
0.953  -0.0154857
0.954  -0.0154833
0.955  -0.0154773
0.956  -0.0154662
0.957  -0.0154612
0.958  -0.015455
0.959  -0.0154522
0.96  -0.0154445
0.961  -0.0154227
0.962  -0.0154108
0.963  -0.0153911
0.964  -0.0153923
0.965  -0.0153844
0.966  -0.0153741
0.967  -0.0153747
0.968  -0.0153741
0.969  -0.0153689
0.97  -0.0153533
0.971  -0.0153399
0.972  -0.0153188
0.973  -0.0153081
0.974  -0.0152981
0.975  -0.0152913
0.976  -0.0152731
0.977  -0.0152587
0.978  -0.0152347
0.979  -0.0152183
0.98  -0.0152131
0.981  -0.0152041
0.982  -0.015196
0.983  -0.0151661
0.984  -0.0151445
0.985  -0.0151201
0.986  -0.0150984
0.987  -0.0150813
0.988  -0.0150609
0.989  -0.0150461
0.99  -0.0150313
0.991  -0.0150056
0.992  -0.0149796
0.993  -0.0149501
0.994  -0.0149408
0.995  -0.0149225
0.996  -0.0148965
0.997  -0.01488
0.998  -0.0148685
0.999  -0.0148467
1  -0.0148245
1.001  -0.0147995
1.002  -0.0147759
1.003  -0.014761
1.004  -0.0147529
1.005  -0.0147379
1.006  -0.0147095
1.007  -0.0146916
1.008  -0.0146627
1.009  -0.0146363
1.01  -0.0146238
1.011  -0.0146094
1.012  -0.0145923
1.013  -0.0145506
1.014  -0.0145237
1.015  -0.0145005
1.016  -0.0144775
1.017  -0.0144532
1.018  -0.0144229
1.019  -0.0143947
1.02  -0.01437
1.021  -0.0143395
1.022  -0.0142919
1.023  -0.014247
1.024  -0.0142225
1.025  -0.0141969
1.026  -0.0141582
1.027  -0.0141265
1.028  -0.0141021
1.029  -0.0140673
1.03  -0.0140409
1.031  -0.0140066
1.032  -0.0139747
1.033  -0.013947
1.034  -0.013922
1.035  -0.0138937
1.036  -0.013852
1.037  -0.0138229
1.038  -0.0137836
1.039  -0.0137449
1.04  -0.0137098
1.041  -0.0136908
1.042  -0.0136634
1.043  -0.0136174
1.044  -0.0135767
1.045  -0.0135363
1.046  -0.0134978
1.047  -0.0134563
1.048  -0.0134031
1.049  -0.0133566
1.05  -0.013319
1.051  -0.0132784
1.052  -0.0132214
1.053  -0.0131645
1.054  -0.0131208
1.055  -0.0130815
1.056  -0.0130316
1.057  -0.0129802
1.058  -0.0129389
1.059  -0.0128992
1.06  -0.0128526
1.061  -0.0128022
1.062  -0.0127513
1.063  -0.012703
1.064  -0.0126626
1.065  -0.0126187
1.066  -0.0125659
1.067  -0.0125356
1.068  -0.0124831
1.069  -0.0124295
1.07  -0.0123789
1.071  -0.0123411
1.072  -0.0122965
1.073  -0.0122459
1.074  -0.0121927
1.075  -0.0121413
1.076  -0.0120905
1.077  -0.0120355
1.078  -0.0119688
1.079  -0.0119193
1.08  -0.0118709
1.081  -0.0118249
1.082  -0.0117678
1.083  -0.0117094
1.084  -0.0116567
1.085  -0.011612
1.086  -0.0115555
1.087  -0.0115034
1.088  -0.0114456
1.089  -0.0113901
1.09  -0.0113345
1.091  -0.011271
1.092  -0.0112142
1.093  -0.0111592
1.094  -0.0111052
1.095  -0.0110593
1.096  -0.0109993
1.097  -0.010958
1.098  -0.0109016
1.099  -0.0108451
1.1  -0.0107815
1.101  -0.0107302
1.102  -0.010675
1.103  -0.0106212
1.104  -0.0105668
1.105  -0.0105033
1.106  -0.010439
1.107  -0.0103876
1.108  -0.0103269
1.109  -0.0102732
1.11  -0.0102279
1.111  -0.0101751
1.112  -0.0101129
1.113  -0.0100574
1.114  -0.00999578
1.115  -0.0099455
1.116  -0.00988292
1.117  -0.00982226
1.118  -0.00975898
1.119  -0.00969966
1.12  -0.00964384
1.121  -0.00957224
1.122  -0.00950858
1.123  -0.00944216
1.124  -0.00938643
1.125  -0.00933578
1.126  -0.00926627
1.127  -0.00921152
1.128  -0.00914857
1.129  -0.009076
1.13  -0.00900039
1.131  -0.00894005
1.132  -0.00887145
1.133  -0.00881498
1.134  -0.00876016
1.135  -0.00869322
1.136  -0.00862763
1.137  -0.00856428
1.138  -0.00849695
1.139  -0.00842976
1.14  -0.00837303
1.141  -0.00831205
1.142  -0.00824318
1.143  -0.00817868
1.144  -0.00810653
1.145  -0.00805407
1.146  -0.00799272
1.147  -0.00792849
1.148  -0.00786735
1.149  -0.00781519
1.15  -0.00775389
1.151  -0.00768994
1.152  -0.00762119
1.153  -0.00754388
1.154  -0.00748748
1.155  -0.00742323
1.156  -0.00735455
1.157  -0.00729915
1.158  -0.00722754
1.159  -0.00716579
1.16  -0.00709575
1.161  -0.00702959
1.162  -0.00695809
1.163  -0.00689733
1.164  -0.00683221
1.165  -0.00676172
1.166  -0.0066951
1.167  -0.006637
1.168  -0.00655752
1.169  -0.00649501
1.17  -0.00643282
1.171  -0.00636319
1.172  -0.00629976
1.173  -0.0062251
1.174  -0.00616327
1.175  -0.00610605
1.176  -0.00603816
1.177  -0.00597797
1.178  -0.00590651
1.179  -0.00585455
1.18  -0.00578814
1.181  -0.00573298
1.182  -0.00567184
1.183  -0.00560711
1.184  -0.00555099
1.185  -0.00548058
1.186  -0.00540747
1.187  -0.00535858
1.188  -0.00528734
1.189  -0.00521402
1.19  -0.00514552
1.191  -0.00507668
1.192  -0.00500894
1.193  -0.00493381
1.194  -0.00485765
1.195  -0.00479133
1.196  -0.00472667
1.197  -0.00467413
1.198  -0.00459075
1.199  -0.00453711
1.2  -0.00447302
1.201  -0.00440536
1.202  -0.00434527
1.203  -0.00426491
1.204  -0.00420503
1.205  -0.00413525
1.206  -0.00406429
1.207  -0.00399909
1.208  -0.00393126
1.209  -0.00389468
1.21  -0.00384017
1.211  -0.00377253
1.212  -0.00371107
1.213  -0.00366028
1.214  -0.00360077
1.215  -0.00353897
1.216  -0.0034661
1.217  -0.0034217
1.218  -0.00336222
1.219  -0.00329873
1.22  -0.00322933
1.221  -0.00314539
1.222  -0.00309523
1.223  -0.00303748
1.224  -0.00297912
1.225  -0.00290861
1.226  -0.0028392
1.227  -0.00279238
1.228  -0.00269962
1.229  -0.00262273
1.23  -0.00258534
1.231  -0.00251378
1.232  -0.00246622
1.233  -0.00240715
1.234  -0.00234351
1.235  -0.0022902
1.236  -0.00222499
1.237  -0.00216232
1.238  -0.002087
1.239  -0.00206362
1.24  -0.00202026
1.241  -0.00197024
1.242  -0.00189273
1.243  -0.00183001
1.244  -0.0017716
1.245  -0.00173137
1.246  -0.0016784
1.247  -0.00163382
1.248  -0.00159335
1.249  -0.00153458
1.25  -0.00148352
1.251  -0.00139629
1.252  -0.00134309
1.253  -0.00129496
1.254  -0.0012347
1.255  -0.00116799
1.256  -0.00111672
1.257  -0.00109113
1.258  -0.00101427
1.259  -0.000969786
1.26  -0.000926036
1.261  -0.000886844
1.262  -0.000853594
1.263  -0.000825536
1.264  -0.000768593
1.265  -0.000722298
1.266  -0.000688056
1.267  -0.000626485
1.268  -0.000583003
1.269  -0.000568881
1.27  -0.000551955
1.271  -0.000500743
1.272  -0.000421941
1.273  -0.000386969
1.274  -0.000306853
1.275  -0.000257775
1.276  -0.000215038
1.277  -0.000161207
1.278  -0.000108934
1.279  -4.44987e-05
1.28  -3.96373e-06
1.281  5.99599e-05
1.282  0.000108434
1.283  0.000153593
1.284  0.000228798
1.285  0.000293267
1.286  0.000301875
1.287  0.000359628
1.288  0.000424629
1.289  0.000467305
1.29  0.000502339
1.291  0.000506915
1.292  0.00054641
1.293  0.00053934
1.294  0.0005782
1.295  0.000618766
1.296  0.000638275
1.297  0.000690832
1.298  0.000727043
1.299  0.000744834
1.3  0.000761528
1.301  0.000794329
1.302  0.000830832
1.303  0.000827096
1.304  0.000887484
1.305  0.000942796
1.306  0.000964587
1.307  0.000984008
1.308  0.00102905
1.309  0.00105771
1.31  0.00109031
1.311  0.00113333
1.312  0.00115909
1.313  0.00120066
1.314  0.00123393
1.315  0.00126892
1.316  0.00127512
1.317  0.00130103
1.318  0.0013376
1.319  0.00133539
1.32  0.00136999
1.321  0.00138385
1.322  0.00142528
1.323  0.0014077
1.324  0.00140513
1.325  0.00143241
1.326  0.00144243
1.327  0.00145868
1.328  0.00146343
1.329  0.00147208
1.33  0.00149458
1.331  0.00151112
1.332  0.00152617
1.333  0.00153631
1.334  0.00158133
1.335  0.00161258
1.336  0.00161902
1.337  0.00163877
1.338  0.00169853
1.339  0.00169866
1.34  0.00172277
1.341  0.00173166
1.342  0.00175715
1.343  0.00179355
1.344  0.00180462
1.345  0.00182775
1.346  0.00185655
1.347  0.00188572
1.348  0.00192777
1.349  0.00190571
1.35  0.00191794
1.351  0.00190378
1.352  0.00191976
1.353  0.00189691
1.354  0.00187792
1.355  0.00188912
1.356  0.00190405
1.357  0.00190476
1.358  0.00191
1.359  0.00190253
1.36  0.00193334
1.361  0.00192563
1.362  0.0019381
1.363  0.00192377
1.364  0.00194292
1.365  0.00193514
1.366  0.00191714
1.367  0.00189205
1.368  0.00192393
1.369  0.00193853
1.37  0.00194846
1.371  0.00196078
1.372  0.00196014
1.373  0.00196143
1.374  0.00196094
1.375  0.00193782
1.376  0.00195596
1.377  0.00197512
1.378  0.00197791
1.379  0.00195129
1.38  0.00194817
1.381  0.0019005
1.382  0.00192367
1.383  0.00192824
1.384  0.00191203
1.385  0.00194608
1.386  0.00197108
1.387  0.00196869
1.388  0.00195958
1.389  0.00195749
1.39  0.00196934
1.391  0.00196273
1.392  0.0019789
1.393  0.00197689
1.394  0.00200081
1.395  0.00195498
1.396  0.00193867
1.397  0.00193043
1.398  0.00194633
1.399  0.00193026
1.4  0.00195124
1.401  0.00195598
1.402  0.00190495
1.403  0.00190937
1.404  0.00189003
1.405  0.00187503
1.406  0.00186572
1.407  0.00188736
1.408  0.00188428
1.409  0.00185813
1.41  0.0018426
1.411  0.0017985
1.412  0.00179054
1.413  0.00175916
1.414  0.00175115
1.415  0.00175381
1.416  0.00175181
1.417  0.00170326
1.418  0.00170677
1.419  0.00169588
1.42  0.00167206
1.421  0.00167843
1.422  0.00165417
1.423  0.00163698
1.424  0.00162311
1.425  0.00156667
1.426  0.00150952
1.427  0.00148664
1.428  0.00148123
1.429  0.00146165
1.43  0.00145422
1.431  0.00143275
1.432  0.00140992
1.433  0.00138876
1.434  0.00135727
1.435  0.00134985
1.436  0.00134502
1.437  0.00134097
1.438  0.00133069
1.439  0.00128551
1.44  0.00126911
1.441  0.00124485
1.442  0.00122153
1.443  0.00118467
1.444  0.00118979
1.445  0.00117358
1.446  0.00115169
1.447  0.00109653
1.448  0.00107468
1.449  0.00105712
1.45  0.00103164
1.451  0.0010229
1.452  0.00100321
1.453  0.000981329
1.454  0.000940564
1.455  0.000880771
1.456  0.000823163
1.457  0.000773961
1.458  0.000756172
1.459  0.000707747
1.46  0.000658583
1.461  0.000621905
1.462  0.000577582
1.463  0.000561576
1.464  0.00053172
1.465  0.000509871
1.466  0.000503418
1.467  0.000500521
1.468  0.000483781
1.469  0.00043703
1.47  0.000383487
1.471  0.000346001
1.472  0.000281939
1.473  0.000230028
1.474  0.000211225
1.475  0.000186392
1.476  0.000167098
1.477  0.000121428
1.478  0.000117614
1.479  9.85962e-05
1.48  6.28732e-05
1.481  1.8537e-05
1.482  -2.26849e-05
1.483  -4.82605e-05
1.484  -0.000109423
1.485  -0.000169992
1.486  -0.000246781
1.487  -0.000316586
1.488  -0.000342776
1.489  -0.000387124
1.49  -0.000452242
1.491  -0.000477172
1.492  -0.000504206
1.493  -0.000505819
1.494  -0.000543883
1.495  -0.000568759
1.496  -0.000592975
1.497  -0.000661844
1.498  -0.000712612
1.499  -0.000776496
1.5  -0.000776869
1.501  -0.000823586
1.502  -0.000894845
1.503  -0.000924816
1.504  -0.000960873
1.505  -0.000961864
1.506  -0.000986639
1.507  -0.00104121
1.508  -0.0010726
1.509  -0.00109447
1.51  -0.00113172
1.511  -0.0011682
1.512  -0.00124264
1.513  -0.00127521
1.514  -0.00134152
1.515  -0.0013959
1.516  -0.00143572
1.517  -0.0014675
1.518  -0.00150107
1.519  -0.0015764
1.52  -0.00163569
1.521  -0.00167262
1.522  -0.00171399
1.523  -0.00173108
1.524  -0.00178724
1.525  -0.0017992
1.526  -0.00182568
1.527  -0.00186196
1.528  -0.00189138
1.529  -0.0019599
1.53  -0.00200084
1.531  -0.00204508
1.532  -0.00210792
1.533  -0.00213087
1.534  -0.00216416
1.535  -0.00216368
1.536  -0.00220666
1.537  -0.00223599
1.538  -0.00227033
1.539  -0.00230243
1.54  -0.00234124
1.541  -0.00238055
1.542  -0.00244095
1.543  -0.00246161
1.544  -0.00253269
1.545  -0.00259005
1.546  -0.00262863
1.547  -0.00268282
1.548  -0.00270952
1.549  -0.00277242
1.55  -0.00282196
1.551  -0.00285805
1.552  -0.00290918
1.553  -0.00294183
1.554  -0.00299997
1.555  -0.00301215
1.556  -0.00304589
1.557  -0.00310685
1.558  -0.0031679
1.559  -0.00322352
1.56  -0.00327266
1.561  -0.00332032
1.562  -0.00338911
1.563  -0.00344857
1.564  -0.00345231
1.565  -0.00346964
1.566  -0.00347136
1.567  -0.00346894
1.568  -0.00346472
1.569  -0.00345627
1.57  -0.00345761
1.571  -0.00350373
1.572  -0.0035579
1.573  -0.00361206
1.574  -0.00367395
1.575  -0.00375093
1.576  -0.00380084
1.577  -0.00385076
1.578  -0.00390068
1.579  -0.00394851
1.58  -0.00399634
1.581  -0.00404417
1.582  -0.0040668
1.583  -0.00413658
1.584  -0.00420636
1.585  -0.00427614
1.586  -0.00434592
1.587  -0.0044157
1.588  -0.00448548
1.589  -0.00455526
1.59  -0.00458025
1.591  -0.00460523
1.592  -0.00463022
1.593  -0.0046552
1.594  -0.00464352
1.595  -0.00463184
1.596  -0.00462016
1.597  -0.00460847
1.598  -0.00460847
1.599  -0.00460847
1.6  -0.00460847
1.601  -0.00460847
1.602  -0.00460847
1.603  -0.00460847
1.604  -0.00460847
1.605  -0.00460847
1.606  -0.00460847
1.607  -0.00460847
1.608  -0.00460847
1.609  -0.00460847
1.61  -0.00460847
1.611  -0.00460847
1.612  -0.00460847
1.613  -0.00460847
1.614  -0.00460847
1.615  -0.00460847
1.616  -0.00460847
1.617  -0.00460847
1.618  -0.00460847
1.619  -0.00460847
1.62  -0.00460847
1.621  -0.00460847
1.622  -0.00460847
1.623  -0.00460847
1.624  -0.00460847
1.625  -0.00460847
1.626  -0.00460847
1.627  -0.00460847
1.628  -0.00460847
1.629  -0.00460847
1.63  -0.00460847
1.631  -0.00460847
1.632  -0.00460847
1.633  -0.00460847
1.634  -0.00460847
1.635  -0.00460847
1.636  -0.00460847
1.637  -0.00460847
1.638  -0.00460847
1.639  -0.00460847
1.64  -0.00460847
1.641  -0.00460847
1.642  -0.00460847
1.643  -0.00460847
1.644  -0.00460847
1.645  -0.00460847
1.646  -0.00460847
1.647  -0.00460847
1.648  -0.00460847
1.649  -0.00460847
1.65  -0.00460847
1.651  -0.00460847
1.652  -0.00460847
1.653  -0.00460847
1.654  -0.00460847
1.655  -0.00460847
1.656  -0.00460847
1.657  -0.00460847
1.658  -0.00460847
1.659  -0.00460847
1.66  -0.00460847
1.661  -0.00460847
1.662  -0.00460847
1.663  -0.00460847
1.664  -0.00460847
1.665  -0.00460847
1.666  -0.00460847
1.667  -0.00460847
1.668  -0.00460847
1.669  -0.00460847
1.67  -0.00460847
1.671  -0.00460847
1.672  -0.00460847
1.673  -0.00460847
1.674  -0.00460847
1.675  -0.00460847
1.676  -0.00460847
1.677  -0.00460847
1.678  -0.00460847
1.679  -0.00460847
1.68  -0.00460847
1.681  -0.00460847
1.682  -0.00460847
1.683  -0.00460847
1.684  -0.00460847
1.685  -0.00460847
1.686  -0.00460847
1.687  -0.00460847
1.688  -0.00460847
1.689  -0.00460847
1.69  -0.00460847
1.691  -0.00460847
1.692  -0.00460847
1.693  -0.00460847
1.694  -0.00460847
1.695  -0.00460847
1.696  -0.00460847
1.697  -0.00460847
1.698  -0.00460847
1.699  -0.00460847
1.7  -0.00460847
1.701  -0.00460847
1.702  -0.00460847
1.703  -0.00460847
1.704  -0.00460847
1.705  -0.00460847
1.706  -0.00460847
1.707  -0.00460847
1.708  -0.00460847
1.709  -0.00460847
1.71  -0.00460847
1.711  -0.00460847
1.712  -0.00460847
1.713  -0.00460847
1.714  -0.00460847
1.715  -0.00460847
1.716  -0.00460847
1.717  -0.00460847
1.718  -0.00460847
1.719  -0.00460847
1.72  -0.00460847
1.721  -0.00460847
1.722  -0.00460847
1.723  -0.00460847
1.724  -0.00460847
1.725  -0.00460847
1.726  -0.00460847
1.727  -0.00460847
1.728  -0.00460847
1.729  -0.00460847
1.73  -0.00460847
1.731  -0.00460847
1.732  -0.00460847
1.733  -0.00460847
1.734  -0.00460847
1.735  -0.00460847
1.736  -0.00460847
1.737  -0.00460847
1.738  -0.00460847
1.739  -0.00460847
1.74  -0.00460847
1.741  -0.00460847
1.742  -0.00460847
1.743  -0.00460847
1.744  -0.00460847
1.745  -0.00460847
1.746  -0.00460847
1.747  -0.00460847
1.748  -0.00460847
1.749  -0.00460847
1.75  -0.00460847
1.751  -0.00460847
1.752  -0.00460847
1.753  -0.00460847
1.754  -0.00460847
1.755  -0.00460847
1.756  -0.00460847
1.757  -0.00460847
1.758  -0.00460847
1.759  -0.00460847
1.76  -0.00460847
1.761  -0.00460847
1.762  -0.00460847
1.763  -0.00460847
1.764  -0.00460847
1.765  -0.00460847
1.766  -0.00460847
1.767  -0.00460847
1.768  -0.00460847
1.769  -0.00460847
1.77  -0.00460847
1.771  -0.00460847
1.772  -0.00460847
1.773  -0.00460847
1.774  -0.00460847
1.775  -0.00460847
1.776  -0.00460847
1.777  -0.00460847
1.778  -0.00460847
1.779  -0.00460847
1.78  -0.00460847
1.781  -0.00460847
1.782  -0.00460847
1.783  -0.00460847
1.784  -0.00460847
1.785  -0.00460847
1.786  -0.00460847
1.787  -0.00460847
1.788  -0.00460847
1.789  -0.00460847
1.79  -0.00460847
1.791  -0.00460847
1.792  -0.00460847
1.793  -0.00460847
1.794  -0.00460847
1.795  -0.00460847
1.796  -0.00460847
1.797  -0.00460847
1.798  -0.00460847
1.799  -0.00460847
1.8  -0.00460847
1.801  -0.00460847
1.802  -0.00460847
1.803  -0.00460847
1.804  -0.00460847
1.805  -0.00460847
1.806  -0.00460847
1.807  -0.00460847
1.808  -0.00460847
1.809  -0.00460847
1.81  -0.00460847
1.811  -0.00460847
1.812  -0.00460847
1.813  -0.00460847
1.814  -0.00460847
1.815  -0.00460847
1.816  -0.00460847
1.817  -0.00460847
1.818  -0.00460847
1.819  -0.00460847
1.82  -0.00460847
1.821  -0.00460847
1.822  -0.00460847
1.823  -0.00460847
1.824  -0.00460847
1.825  -0.00460847
1.826  -0.00460847
1.827  -0.00460847
1.828  -0.00460847
1.829  -0.00460847
1.83  -0.00460847
1.831  -0.00460847
1.832  -0.00460847
1.833  -0.00460847
1.834  -0.00460847
1.835  -0.00460847
1.836  -0.00460847
1.837  -0.00460847
1.838  -0.00460847
1.839  -0.00460847
1.84  -0.00460847
1.841  -0.00460847
1.842  -0.00460847
1.843  -0.00460847
1.844  -0.00460847
1.845  -0.00460847
1.846  -0.00460847
1.847  -0.00460847
1.848  -0.00460847
1.849  -0.00460847
1.85  -0.00460847
1.851  -0.00460847
1.852  -0.00460847
1.853  -0.00460847
1.854  -0.00460847
1.855  -0.00460847
1.856  -0.00460847
1.857  -0.00460847
1.858  -0.00460847
1.859  -0.00460847
1.86  -0.00460847
1.861  -0.00460847
1.862  -0.00460847
1.863  -0.00460847
1.864  -0.00460847
1.865  -0.00460847
1.866  -0.00460847
1.867  -0.00460847
1.868  -0.00460847
1.869  -0.00460847
1.87  -0.00460847
1.871  -0.00460847
1.872  -0.00460847
1.873  -0.00460847
1.874  -0.00460847
1.875  -0.00460847
1.876  -0.00460847
1.877  -0.00460847
1.878  -0.00460847
1.879  -0.00460847
1.88  -0.00460847
1.881  -0.00460847
1.882  -0.00460847
1.883  -0.00460847
1.884  -0.00460847
1.885  -0.00460847
1.886  -0.00460847
1.887  -0.00460847
1.888  -0.00460847
1.889  -0.00460847
1.89  -0.00460847
1.891  -0.00460847
1.892  -0.00460847
1.893  -0.00460847
1.894  -0.00460847
1.895  -0.00460847
1.896  -0.00460847
1.897  -0.00460847
1.898  -0.00460847
1.899  -0.00460847
1.9  -0.00460847
1.901  -0.00460847
1.902  -0.00460847
1.903  -0.00460847
1.904  -0.00460847
1.905  -0.00460847
1.906  -0.00460847
1.907  -0.00460847
1.908  -0.00460847
1.909  -0.00460847
1.91  -0.00460847
1.911  -0.00460847
1.912  -0.00460847
1.913  -0.00460847
1.914  -0.00460847
1.915  -0.00460847
1.916  -0.00460847
1.917  -0.00460847
1.918  -0.00460847
1.919  -0.00460847
1.92  -0.00460847
1.921  -0.00460847
1.922  -0.00460847
1.923  -0.00460847
1.924  -0.00460847
1.925  -0.00460847
1.926  -0.00460847
1.927  -0.00460847
1.928  -0.00460847
1.929  -0.00460847
1.93  -0.00460847
1.931  -0.00460847
1.932  -0.00460847
1.933  -0.00460847
1.934  -0.00460847
1.935  -0.00460847
1.936  -0.00460847
1.937  -0.00460847
1.938  -0.00460847
1.939  -0.00460847
1.94  -0.00460847
1.941  -0.00460847
1.942  -0.00460847
1.943  -0.00460847
1.944  -0.00460847
1.945  -0.00460847
1.946  -0.00460847
1.947  -0.00460847
1.948  -0.00460847
1.949  -0.00460847
1.95  -0.00460847
1.951  -0.00460847
1.952  -0.00460847
1.953  -0.00460847
1.954  -0.00460847
1.955  -0.00460847
1.956  -0.00460847
1.957  -0.00460847
1.958  -0.00460847
1.959  -0.00460847
1.96  -0.00460847
1.961  -0.00460847
1.962  -0.00460847
1.963  -0.00460847
1.964  -0.00460847
1.965  -0.00460847
1.966  -0.00460847
1.967  -0.00460847
1.968  -0.00460847
1.969  -0.00460847
1.97  -0.00460847
1.971  -0.00460847
1.972  -0.00460847
1.973  -0.00460847
1.974  -0.00460847
1.975  -0.00460847
1.976  -0.00460847
1.977  -0.00460847
1.978  -0.00460847
1.979  -0.00460847
1.98  -0.00460847
1.981  -0.00460847
1.982  -0.00460847
1.983  -0.00460847
1.984  -0.00460847
1.985  -0.00460847
1.986  -0.00460847
1.987  -0.00460847
1.988  -0.00460847
1.989  -0.00460847
1.99  -0.00460847
1.991  -0.00460847
1.992  -0.00460847
1.993  -0.00460847
1.994  -0.00460847
1.995  -0.00460847
1.996  -0.00460847
1.997  -0.00460847
1.998  -0.00460847
1.999  -0.00460847
2  -0.00460847
2.001  -0.00460847
2.002  -0.00460847
2.003  -0.00460847
2.004  -0.00460847
2.005  -0.00460847
2.006  -0.00460847
2.007  -0.00460847
2.008  -0.00460847
2.009  -0.00460847
2.01  -0.00460847
2.011  -0.00460847
2.012  -0.00460847
2.013  -0.00460847
2.014  -0.00460847
2.015  -0.00460847
2.016  -0.00460847
2.017  -0.00460847
2.018  -0.00460847
2.019  -0.00460847
2.02  -0.00460847
2.021  -0.00460847
2.022  -0.00460847
2.023  -0.00460847
2.024  -0.00460847
2.025  -0.00460847
2.026  -0.00460847
2.027  -0.00460847
2.028  -0.00460847
2.029  -0.00460847
2.03  -0.00460847
2.031  -0.00460847
2.032  -0.00460847
2.033  -0.00460847
2.034  -0.00460847
2.035  -0.00460847
2.036  -0.00460847
2.037  -0.00460847
2.038  -0.00460847
2.039  -0.00460847
2.04  -0.00460847
2.041  -0.00460847
2.042  -0.00460847
2.043  -0.00460847
2.044  -0.00460847
2.045  -0.00460847
2.046  -0.00460847
2.047  -0.00460847
2.048  -0.00460847
2.049  -0.00460847
2.05  -0.00460847
2.051  -0.00460847
2.052  -0.00460847
2.053  -0.00460847
2.054  -0.00460847
2.055  -0.00460847
2.056  -0.00460847
2.057  -0.00460847
2.058  -0.00460847
2.059  -0.00460847
2.06  -0.00460847
2.061  -0.00460847
2.062  -0.00460847
2.063  -0.00460847
2.064  -0.00460847
2.065  -0.00460847
2.066  -0.00460847
2.067  -0.00460847
2.068  -0.00460847
2.069  -0.00460847
2.07  -0.00460847
2.071  -0.00460847
2.072  -0.00460847
2.073  -0.00460847
2.074  -0.00460847
2.075  -0.00460847
2.076  -0.00460847
2.077  -0.00460847
2.078  -0.00460847
2.079  -0.00460847
2.08  -0.00460847
2.081  -0.00460847
2.082  -0.00460847
2.083  -0.00460847
2.084  -0.00460847
2.085  -0.00460847
2.086  -0.00460847
2.087  -0.00460847
2.088  -0.00460847
2.089  -0.00460847
2.09  -0.00460847
2.091  -0.00460847
2.092  -0.00460847
2.093  -0.00460847
2.094  -0.00460847
2.095  -0.00460847
2.096  -0.00460847
2.097  -0.00460847
2.098  -0.00460847
2.099  -0.00460847
2.1  -0.00460847
2.101  -0.00460847
2.102  -0.00460847
2.103  -0.00460847
2.104  -0.00460847
2.105  -0.00460847
2.106  -0.00460847
2.107  -0.00460847
2.108  -0.00460847
2.109  -0.00460847
2.11  -0.00460847
2.111  -0.00460847
2.112  -0.00460847
2.113  -0.00460847
2.114  -0.00460847
2.115  -0.00460847
2.116  -0.00460847
2.117  -0.00460847
2.118  -0.00460847
2.119  -0.00460847
2.12  -0.00460847
2.121  -0.00460847
2.122  -0.00460847
2.123  -0.00460847
2.124  -0.00460847
2.125  -0.00460847
2.126  -0.00460847
2.127  -0.00460847
2.128  -0.00460847
2.129  -0.00460847
2.13  -0.00460847
2.131  -0.00460847
2.132  -0.00460847
2.133  -0.00460847
2.134  -0.00460847
2.135  -0.00460847
2.136  -0.00460847
2.137  -0.00460847
2.138  -0.00460847
2.139  -0.00460847
2.14  -0.00460847
2.141  -0.00460847
2.142  -0.00460847
2.143  -0.00460847
2.144  -0.00460847
2.145  -0.00460847
2.146  -0.00460847
2.147  -0.00460847
2.148  -0.00460847
2.149  -0.00460847
2.15  -0.00460847
2.151  -0.00460847
2.152  -0.00460847
2.153  -0.00460847
2.154  -0.00460847
2.155  -0.00460847
2.156  -0.00460847
2.157  -0.00460847
2.158  -0.00460847
2.159  -0.00460847
2.16  -0.00460847
2.161  -0.00460847
2.162  -0.00460847
2.163  -0.00460847
2.164  -0.00460847
2.165  -0.00460847
2.166  -0.00460847
2.167  -0.00460847
2.168  -0.00460847
2.169  -0.00460847
2.17  -0.00460847
2.171  -0.00460847
2.172  -0.00460847
2.173  -0.00460847
2.174  -0.00460847
2.175  -0.00460847
2.176  -0.00460847
2.177  -0.00460847
2.178  -0.00460847
2.179  -0.00460847
2.18  -0.00460847
2.181  -0.00460847
2.182  -0.00460847
2.183  -0.00460847
2.184  -0.00460847
2.185  -0.00460847
2.186  -0.00460847
2.187  -0.00460847
2.188  -0.00460847
2.189  -0.00460847
2.19  -0.00460847
2.191  -0.00460847
2.192  -0.00460847
2.193  -0.00460847
2.194  -0.00460847
2.195  -0.00460847
2.196  -0.00460847
2.197  -0.00460847
2.198  -0.00460847
2.199  -0.00460847
2.2  -0.00460847
2.201  -0.00460847
2.202  -0.00460847
2.203  -0.00460847
2.204  -0.00460847
2.205  -0.00460847
2.206  -0.00460847
2.207  -0.00460847
2.208  -0.00460847
2.209  -0.00460847
2.21  -0.00460847
2.211  -0.00460847
2.212  -0.00460847
2.213  -0.00460847
2.214  -0.00460847
2.215  -0.00460847
2.216  -0.00460847
2.217  -0.00460847
2.218  -0.00460847
2.219  -0.00460847
2.22  -0.00460847
2.221  -0.00460847
2.222  -0.00460847
2.223  -0.00460847
2.224  -0.00460847
2.225  -0.00460847
2.226  -0.00460847
2.227  -0.00460847
2.228  -0.00460847
2.229  -0.00460847
2.23  -0.00460847
2.231  -0.00460847
2.232  -0.00460847
2.233  -0.00460847
2.234  -0.00460847
2.235  -0.00460847
2.236  -0.00460847
2.237  -0.00460847
2.238  -0.00460847
2.239  -0.00460847
2.24  -0.00460847
2.241  -0.00460847
2.242  -0.00460847
2.243  -0.00460847
2.244  -0.00460847
2.245  -0.00460847
2.246  -0.00460847
2.247  -0.00460847
2.248  -0.00460847
2.249  -0.00460847
2.25  -0.00460847
2.251  -0.00460847
2.252  -0.00460847
2.253  -0.00460847
2.254  -0.00460847
2.255  -0.00460847
2.256  -0.00460847
2.257  -0.00460847
2.258  -0.00460847
2.259  -0.00460847
2.26  -0.00460847
2.261  -0.00460847
2.262  -0.00460847
2.263  -0.00460847
2.264  -0.00460847
2.265  -0.00460847
2.266  -0.00460847
2.267  -0.00460847
2.268  -0.00460847
2.269  -0.00460847
2.27  -0.00460847
2.271  -0.00460847
2.272  -0.00460847
2.273  -0.00460847
2.274  -0.00460847
2.275  -0.00460847
2.276  -0.00460847
2.277  -0.00460847
2.278  -0.00460847
2.279  -0.00460847
2.28  -0.00460847
2.281  -0.00460847
2.282  -0.00460847
2.283  -0.00460847
2.284  -0.00460847
2.285  -0.00460847
2.286  -0.00460847
2.287  -0.00460847
2.288  -0.00460847
2.289  -0.00460847
2.29  -0.00460847
2.291  -0.00460847
2.292  -0.00460847
2.293  -0.00460847
2.294  -0.00460847
2.295  -0.00460847
2.296  -0.00460847
2.297  -0.00460847
2.298  -0.00460847
2.299  -0.00460847
2.3  -0.00460847
2.301  -0.00460847
2.302  -0.00460847
2.303  -0.00460847
2.304  -0.00460847
2.305  -0.00460847
2.306  -0.00460847
2.307  -0.00460847
2.308  -0.00460847
2.309  -0.00460847
2.31  -0.00460847
2.311  -0.00460847
2.312  -0.00460847
2.313  -0.00460847
2.314  -0.00460847
2.315  -0.00460847
2.316  -0.00460847
2.317  -0.00460847
2.318  -0.00460847
2.319  -0.00460847
2.32  -0.00460847
2.321  -0.00460847
2.322  -0.00460847
2.323  -0.00460847
2.324  -0.00460847
2.325  -0.00460847
2.326  -0.00460847
2.327  -0.00460847
2.328  -0.00460847
2.329  -0.00460847
2.33  -0.00460847
2.331  -0.00460847
2.332  -0.00460847
2.333  -0.00460847
2.334  -0.00460847
2.335  -0.00460847
2.336  -0.00460847
2.337  -0.00460847
2.338  -0.00460847
2.339  -0.00460847
2.34  -0.00460847
2.341  -0.00460847
2.342  -0.00460847
2.343  -0.00460847
2.344  -0.00460847
2.345  -0.00460847
2.346  -0.00460847
2.347  -0.00460847
2.348  -0.00460847
2.349  -0.00460847
2.35  -0.00460847
2.351  -0.00460847
2.352  -0.00460847
2.353  -0.00460847
2.354  -0.00460847
2.355  -0.00460847
2.356  -0.00460847
2.357  -0.00460847
2.358  -0.00460847
2.359  -0.00460847
2.36  -0.00460847
2.361  -0.00460847
2.362  -0.00460847
2.363  -0.00460847
2.364  -0.00460847
2.365  -0.00460847
2.366  -0.00460847
2.367  -0.00460847
2.368  -0.00460847
2.369  -0.00460847
2.37  -0.00460847
2.371  -0.00460847
2.372  -0.00460847
2.373  -0.00460847
2.374  -0.00460847
2.375  -0.00460847
2.376  -0.00460847
2.377  -0.00460847
2.378  -0.00460847
2.379  -0.00460847
2.38  -0.00460847
2.381  -0.00460847
2.382  -0.00460847
2.383  -0.00460847
2.384  -0.00460847
2.385  -0.00460847
2.386  -0.00460847
2.387  -0.00460847
2.388  -0.00460847
2.389  -0.00460847
2.39  -0.00460847
2.391  -0.00460847
2.392  -0.00460847
2.393  -0.00460847
2.394  -0.00460847
2.395  -0.00460847
2.396  -0.00460847
2.397  -0.00460847
2.398  -0.00460847
2.399  -0.00460847
2.4  -0.00460847
2.401  -0.00460847
2.402  -0.00460847
2.403  -0.00460847
2.404  -0.00460847
2.405  -0.00460847
2.406  -0.00460847
2.407  -0.00460847
2.408  -0.00460847
2.409  -0.00460847
2.41  -0.00460847
2.411  -0.00460847
2.412  -0.00460847
2.413  -0.00460847
2.414  -0.00460847
2.415  -0.00460847
2.416  -0.00460847
2.417  -0.00460847
2.418  -0.00460847
2.419  -0.00460847
2.42  -0.00460847
2.421  -0.00460847
2.422  -0.00460847
2.423  -0.00460847
2.424  -0.00460847
2.425  -0.00460847
2.426  -0.00460847
2.427  -0.00460847
2.428  -0.00460847
2.429  -0.00460847
2.43  -0.00460847
2.431  -0.00460847
2.432  -0.00460847
2.433  -0.00460847
2.434  -0.00460847
2.435  -0.00460847
2.436  -0.00460847
2.437  -0.00460847
2.438  -0.00460847
2.439  -0.00460847
2.44  -0.00460847
2.441  -0.00460847
2.442  -0.00460847
2.443  -0.00460847
2.444  -0.00460847
2.445  -0.00460847
2.446  -0.00460847
2.447  -0.00460847
2.448  -0.00460847
2.449  -0.00460847
2.45  -0.00460847
2.451  -0.00460847
2.452  -0.00460847
2.453  -0.00460847
2.454  -0.00460847
2.455  -0.00460847
2.456  -0.00460847
2.457  -0.00460847
2.458  -0.00460847
2.459  -0.00460847
2.46  -0.00460847
2.461  -0.00460847
2.462  -0.00460847
2.463  -0.00460847
2.464  -0.00460847
2.465  -0.00460847
2.466  -0.00460847
2.467  -0.00460847
2.468  -0.00460847
2.469  -0.00460847
2.47  -0.00460847
2.471  -0.00460847
2.472  -0.00460847
2.473  -0.00460847
2.474  -0.00460847
2.475  -0.00460847
2.476  -0.00460847
2.477  -0.00460847
2.478  -0.00460847
2.479  -0.00460847
2.48  -0.00460847
2.481  -0.00460847
2.482  -0.00460847
2.483  -0.00460847
2.484  -0.00460847
2.485  -0.00460847
2.486  -0.00460847
2.487  -0.00460847
2.488  -0.00460847
2.489  -0.00460847
2.49  -0.00460847
2.491  -0.00460847
2.492  -0.00460847
2.493  -0.00460847
2.494  -0.00460847
2.495  -0.00460847
2.496  -0.00460847
2.497  -0.00460847
2.498  -0.00460847
2.499  -0.00460847
