-1.5  0
-1.499  0
-1.498  0
-1.497  0
-1.496  0
-1.495  0
-1.494  0
-1.493  0
-1.492  0
-1.491  0
-1.49  0
-1.489  0
-1.488  0
-1.487  0
-1.486  0
-1.485  0
-1.484  0
-1.483  0
-1.482  0
-1.481  0
-1.48  0
-1.479  0
-1.478  0
-1.477  0
-1.476  0
-1.475  0
-1.474  0
-1.473  0
-1.472  0
-1.471  0
-1.47  0
-1.469  0
-1.468  0
-1.467  0
-1.466  0
-1.465  0
-1.464  0
-1.463  0
-1.462  0
-1.461  0
-1.46  0
-1.459  0
-1.458  0
-1.457  0
-1.456  0
-1.455  0
-1.454  0
-1.453  0
-1.452  0
-1.451  0
-1.45  0
-1.449  0
-1.448  0
-1.447  0
-1.446  0
-1.445  0
-1.444  0
-1.443  0
-1.442  0
-1.441  0
-1.44  0
-1.439  0
-1.438  0
-1.437  0
-1.436  0
-1.435  0
-1.434  0
-1.433  0
-1.432  0
-1.431  0
-1.43  0
-1.429  0
-1.428  0
-1.427  0
-1.426  0
-1.425  0
-1.424  0
-1.423  0
-1.422  0
-1.421  0
-1.42  0
-1.419  0
-1.418  0
-1.417  0
-1.416  0
-1.415  0
-1.414  0
-1.413  0
-1.412  0
-1.411  0
-1.41  0
-1.409  0
-1.408  0
-1.407  0
-1.406  0
-1.405  0
-1.404  0
-1.403  0
-1.402  0
-1.401  0
-1.4  0
-1.399  0
-1.398  0
-1.397  0
-1.396  0
-1.395  0
-1.394  0
-1.393  0
-1.392  0
-1.391  0
-1.39  0
-1.389  0
-1.388  0
-1.387  0
-1.386  0
-1.385  0
-1.384  0
-1.383  0
-1.382  0
-1.381  0
-1.38  0
-1.379  0
-1.378  0
-1.377  0
-1.376  0
-1.375  0
-1.374  0
-1.373  0
-1.372  0
-1.371  0
-1.37  0
-1.369  0
-1.368  0
-1.367  0
-1.366  0
-1.365  0
-1.364  0
-1.363  0
-1.362  0
-1.361  0
-1.36  0
-1.359  0
-1.358  0
-1.357  0
-1.356  0
-1.355  0
-1.354  0
-1.353  0
-1.352  0
-1.351  0
-1.35  0
-1.349  0
-1.348  0
-1.347  0
-1.346  0
-1.345  0
-1.344  0
-1.343  0
-1.342  0
-1.341  0
-1.34  0
-1.339  0
-1.338  0
-1.337  -3.29972e-06
-1.336  -6.71914e-06
-1.335  -1.11177e-05
-1.334  -1.05067e-05
-1.333  -1.47768e-05
-1.332  -2.85677e-06
-1.331  -7.47716e-06
-1.33  -4.94505e-07
-1.329  -6.74902e-07
-1.328  -9.01434e-06
-1.327  -1.46248e-05
-1.326  -2.46971e-05
-1.325  -2.91181e-05
-1.324  -2.99336e-05
-1.323  -3.23576e-05
-1.322  -4.08183e-05
-1.321  -3.76574e-05
-1.32  -3.05113e-05
-1.319  -3.13149e-05
-1.318  -2.93935e-05
-1.317  -1.63033e-05
-1.316  -1.3724e-05
-1.315  -1.39027e-05
-1.314  -1.22231e-05
-1.313  -3.11909e-05
-1.312  -3.0233e-05
-1.311  -4.02375e-05
-1.31  -4.08879e-05
-1.309  -4.41043e-05
-1.308  -4.05812e-05
-1.307  -3.31981e-05
-1.306  -2.94841e-05
-1.305  -3.08579e-05
-1.304  -3.23833e-05
-1.303  -2.77523e-05
-1.302  -3.07203e-05
-1.301  -4.23799e-05
-1.3  -4.05573e-05
-1.299  -3.87519e-05
-1.298  -5.28539e-05
-1.297  -5.93633e-05
-1.296  -6.66433e-05
-1.295  -6.46894e-05
-1.294  -5.86855e-05
-1.293  -6.20044e-05
-1.292  -5.95744e-05
-1.291  -5.87055e-05
-1.29  -5.15462e-05
-1.289  -5.42534e-05
-1.288  -5.63944e-05
-1.287  -5.14775e-05
-1.286  -5.41634e-05
-1.285  -5.4997e-05
-1.284  -5.47097e-05
-1.283  -6.03169e-05
-1.282  -6.41756e-05
-1.281  -6.95584e-05
-1.28  -7.58974e-05
-1.279  -7.16731e-05
-1.278  -6.43035e-05
-1.277  -5.53904e-05
-1.276  -6.19819e-05
-1.275  -5.96329e-05
-1.274  -5.53257e-05
-1.273  -5.7328e-05
-1.272  -5.88017e-05
-1.271  -6.40317e-05
-1.27  -6.2374e-05
-1.269  -5.31019e-05
-1.268  -5.53476e-05
-1.267  -5.61408e-05
-1.266  -5.80408e-05
-1.265  -5.79088e-05
-1.264  -5.64757e-05
-1.263  -5.48927e-05
-1.262  -5.2006e-05
-1.261  -4.66025e-05
-1.26  -5.01675e-05
-1.259  -5.2757e-05
-1.258  -5.60151e-05
-1.257  -4.83519e-05
-1.256  -4.89449e-05
-1.255  -4.90415e-05
-1.254  -4.79211e-05
-1.253  -5.27652e-05
-1.252  -4.88432e-05
-1.251  -4.96453e-05
-1.25  -6.20511e-05
-1.249  -6.51379e-05
-1.248  -6.22519e-05
-1.247  -5.66418e-05
-1.246  -6.18925e-05
-1.245  -5.99494e-05
-1.244  -5.50426e-05
-1.243  -5.61104e-05
-1.242  -5.93082e-05
-1.241  -6.24905e-05
-1.24  -6.19015e-05
-1.239  -5.94803e-05
-1.238  -5.69764e-05
-1.237  -6.45745e-05
-1.236  -6.37089e-05
-1.235  -6.43546e-05
-1.234  -6.35997e-05
-1.233  -6.52387e-05
-1.232  -5.97687e-05
-1.231  -5.75873e-05
-1.23  -6.53047e-05
-1.229  -6.59736e-05
-1.228  -6.94089e-05
-1.227  -6.40496e-05
-1.226  -6.00813e-05
-1.225  -6.08208e-05
-1.224  -6.36654e-05
-1.223  -6.39738e-05
-1.222  -6.64727e-05
-1.221  -6.4702e-05
-1.22  -7.40462e-05
-1.219  -7.8906e-05
-1.218  -7.47414e-05
-1.217  -7.15483e-05
-1.216  -7.554e-05
-1.215  -7.63096e-05
-1.214  -6.95065e-05
-1.213  -7.23887e-05
-1.212  -6.83658e-05
-1.211  -6.33694e-05
-1.21  -6.41537e-05
-1.209  -5.90945e-05
-1.208  -5.60775e-05
-1.207  -5.89645e-05
-1.206  -6.10043e-05
-1.205  -5.65269e-05
-1.204  -5.9422e-05
-1.203  -5.61609e-05
-1.202  -5.13165e-05
-1.201  -4.58208e-05
-1.2  -5.15221e-05
-1.199  -4.96006e-05
-1.198  -5.28566e-05
-1.197  -5.38553e-05
-1.196  -4.57721e-05
-1.195  -4.97797e-05
-1.194  -5.36046e-05
-1.193  -5.36063e-05
-1.192  -5.46502e-05
-1.191  -5.3153e-05
-1.19  -6.06841e-05
-1.189  -6.45629e-05
-1.188  -6.6999e-05
-1.187  -6.13541e-05
-1.186  -6.74388e-05
-1.185  -6.68804e-05
-1.184  -6.38392e-05
-1.183  -6.80009e-05
-1.182  -6.9836e-05
-1.181  -6.55554e-05
-1.18  -6.66187e-05
-1.179  -6.47701e-05
-1.178  -5.69685e-05
-1.177  -5.89017e-05
-1.176  -5.96442e-05
-1.175  -5.91732e-05
-1.174  -6.59873e-05
-1.173  -6.76473e-05
-1.172  -6.67235e-05
-1.171  -6.12896e-05
-1.17  -6.05989e-05
-1.169  -5.78315e-05
-1.168  -5.96489e-05
-1.167  -5.7062e-05
-1.166  -5.76144e-05
-1.165  -6.19066e-05
-1.164  -6.63983e-05
-1.163  -6.31242e-05
-1.162  -6.41409e-05
-1.161  -6.85254e-05
-1.16  -7.4311e-05
-1.159  -8.16066e-05
-1.158  -8.40856e-05
-1.157  -7.93541e-05
-1.156  -8.31838e-05
-1.155  -8.10908e-05
-1.154  -7.17179e-05
-1.153  -7.00077e-05
-1.152  -7.70202e-05
-1.151  -7.92376e-05
-1.15  -8.20538e-05
-1.149  -8.23809e-05
-1.148  -8.20792e-05
-1.147  -7.78602e-05
-1.146  -7.31563e-05
-1.145  -7.29958e-05
-1.144  -7.57108e-05
-1.143  -7.89798e-05
-1.142  -7.54947e-05
-1.141  -7.03336e-05
-1.14  -6.63214e-05
-1.139  -6.48088e-05
-1.138  -6.13606e-05
-1.137  -5.4675e-05
-1.136  -5.26304e-05
-1.135  -5.88921e-05
-1.134  -6.1311e-05
-1.133  -5.01941e-05
-1.132  -4.74175e-05
-1.131  -5.36017e-05
-1.13  -5.79876e-05
-1.129  -5.73759e-05
-1.128  -6.16731e-05
-1.127  -5.88709e-05
-1.126  -5.87682e-05
-1.125  -5.94824e-05
-1.124  -5.10713e-05
-1.123  -4.73635e-05
-1.122  -5.23594e-05
-1.121  -5.09024e-05
-1.12  -5.26237e-05
-1.119  -5.69267e-05
-1.118  -5.34352e-05
-1.117  -5.3017e-05
-1.116  -4.81293e-05
-1.115  -4.79903e-05
-1.114  -5.54088e-05
-1.113  -6.02395e-05
-1.112  -5.40535e-05
-1.111  -5.14624e-05
-1.11  -5.12167e-05
-1.109  -4.99016e-05
-1.108  -4.45613e-05
-1.107  -3.84258e-05
-1.106  -3.60964e-05
-1.105  -4.38341e-05
-1.104  -4.68945e-05
-1.103  -4.39465e-05
-1.102  -4.16516e-05
-1.101  -4.49219e-05
-1.1  -4.82537e-05
-1.099  -5.34625e-05
-1.098  -5.83407e-05
-1.097  -5.70415e-05
-1.096  -5.60524e-05
-1.095  -5.59165e-05
-1.094  -4.9127e-05
-1.093  -4.15006e-05
-1.092  -4.58565e-05
-1.091  -4.65111e-05
-1.09  -4.21733e-05
-1.089  -5.07389e-05
-1.088  -5.06969e-05
-1.087  -5.15001e-05
-1.086  -4.60924e-05
-1.085  -4.79391e-05
-1.084  -4.95726e-05
-1.083  -5.64768e-05
-1.082  -5.41534e-05
-1.081  -5.07561e-05
-1.08  -4.96743e-05
-1.079  -4.16622e-05
-1.078  -3.96809e-05
-1.077  -3.49085e-05
-1.076  -3.46205e-05
-1.075  -4.07864e-05
-1.074  -4.5122e-05
-1.073  -3.61104e-05
-1.072  -3.3259e-05
-1.071  -3.57388e-05
-1.07  -3.79829e-05
-1.069  -4.41213e-05
-1.068  -4.87556e-05
-1.067  -4.63819e-05
-1.066  -4.25842e-05
-1.065  -4.1678e-05
-1.064  -3.77313e-05
-1.063  -3.56523e-05
-1.062  -3.84925e-05
-1.061  -3.69793e-05
-1.06  -3.63097e-05
-1.059  -4.36998e-05
-1.058  -4.74023e-05
-1.057  -4.64694e-05
-1.056  -4.14543e-05
-1.055  -4.63581e-05
-1.054  -4.61574e-05
-1.053  -5.14388e-05
-1.052  -5.35975e-05
-1.051  -4.93677e-05
-1.05  -4.91071e-05
-1.049  -4.15743e-05
-1.048  -3.59114e-05
-1.047  -3.573e-05
-1.046  -3.8116e-05
-1.045  -4.10132e-05
-1.044  -4.02636e-05
-1.043  -3.43769e-05
-1.042  -3.42411e-05
-1.041  -3.54461e-05
-1.04  -3.85145e-05
-1.039  -4.01278e-05
-1.038  -3.92649e-05
-1.037  -3.98412e-05
-1.036  -3.55171e-05
-1.035  -3.97779e-05
-1.034  -3.59248e-05
-1.033  -2.94969e-05
-1.032  -3.33274e-05
-1.031  -2.93153e-05
-1.03  -3.03537e-05
-1.029  -3.84997e-05
-1.028  -4.16067e-05
-1.027  -4.28839e-05
-1.026  -3.89266e-05
-1.025  -4.34636e-05
-1.024  -4.31171e-05
-1.023  -4.92257e-05
-1.022  -5.51136e-05
-1.021  -5.26091e-05
-1.02  -5.59593e-05
-1.019  -5.79478e-05
-1.018  -5.33274e-05
-1.017  -5.4582e-05
-1.016  -5.56396e-05
-1.015  -5.71753e-05
-1.014  -5.88759e-05
-1.013  -5.81976e-05
-1.012  -5.71637e-05
-1.011  -5.52567e-05
-1.01  -6.06479e-05
-1.009  -5.77529e-05
-1.008  -5.42251e-05
-1.007  -5.70553e-05
-1.006  -5.3235e-05
-1.005  -5.83303e-05
-1.004  -5.29953e-05
-1.003  -4.4288e-05
-1.002  -3.95214e-05
-1.001  -3.47372e-05
-1  -2.95591e-05
-0.999  -3.05855e-05
-0.998  -2.98524e-05
-0.997  -3.33446e-05
-0.996  -3.40282e-05
-0.995  -3.37225e-05
-0.994  -3.17945e-05
-0.993  -3.62407e-05
-0.992  -4.36821e-05
-0.991  -3.51796e-05
-0.99  -3.84902e-05
-0.989  -3.98844e-05
-0.988  -3.84588e-05
-0.987  -3.57569e-05
-0.986  -3.70956e-05
-0.985  -3.96385e-05
-0.984  -4.28619e-05
-0.983  -4.53282e-05
-0.982  -4.59086e-05
-0.981  -4.45995e-05
-0.98  -5.23665e-05
-0.979  -5.19862e-05
-0.978  -5.45889e-05
-0.977  -5.37736e-05
-0.976  -5.45828e-05
-0.975  -5.53052e-05
-0.974  -5.30582e-05
-0.973  -4.48158e-05
-0.972  -4.91835e-05
-0.971  -4.5886e-05
-0.97  -4.22619e-05
-0.969  -4.20284e-05
-0.968  -5.23793e-05
-0.967  -5.57331e-05
-0.966  -5.3344e-05
-0.965  -5.35985e-05
-0.964  -5.09464e-05
-0.963  -4.89765e-05
-0.962  -5.43534e-05
-0.961  -5.19055e-05
-0.96  -5.88308e-05
-0.959  -5.7096e-05
-0.958  -5.4818e-05
-0.957  -5.48683e-05
-0.956  -5.63043e-05
-0.955  -5.82856e-05
-0.954  -6.06646e-05
-0.953  -5.57515e-05
-0.952  -5.50537e-05
-0.951  -5.38487e-05
-0.95  -5.53629e-05
-0.949  -4.42694e-05
-0.948  -4.80891e-05
-0.947  -4.73507e-05
-0.946  -4.10574e-05
-0.945  -4.57686e-05
-0.944  -4.32893e-05
-0.943  -4.11284e-05
-0.942  -3.80376e-05
-0.941  -3.41818e-05
-0.94  -2.83691e-05
-0.939  -2.65981e-05
-0.938  -3.12511e-05
-0.937  -3.48793e-05
-0.936  -3.36115e-05
-0.935  -3.62215e-05
-0.934  -3.813e-05
-0.933  -3.57888e-05
-0.932  -3.57584e-05
-0.931  -3.71718e-05
-0.93  -4.35818e-05
-0.929  -3.80299e-05
-0.928  -3.71938e-05
-0.927  -4.28505e-05
-0.926  -4.32327e-05
-0.925  -4.92479e-05
-0.924  -5.31e-05
-0.923  -5.19799e-05
-0.922  -4.93005e-05
-0.921  -4.5101e-05
-0.92  -4.87055e-05
-0.919  -4.40531e-05
-0.918  -4.81471e-05
-0.917  -5.12586e-05
-0.916  -4.72752e-05
-0.915  -4.98563e-05
-0.914  -5.00896e-05
-0.913  -5.14459e-05
-0.912  -4.66398e-05
-0.911  -4.64073e-05
-0.91  -4.48164e-05
-0.909  -4.75421e-05
-0.908  -5.28563e-05
-0.907  -5.78243e-05
-0.906  -5.93474e-05
-0.905  -5.71861e-05
-0.904  -5.69499e-05
-0.903  -5.39851e-05
-0.902  -5.71726e-05
-0.901  -6.15061e-05
-0.9  -6.89681e-05
-0.899  -6.23726e-05
-0.898  -5.96263e-05
-0.897  -6.31601e-05
-0.896  -6.53454e-05
-0.895  -6.99301e-05
-0.894  -7.28608e-05
-0.893  -7.4435e-05
-0.892  -7.42624e-05
-0.891  -6.86648e-05
-0.89  -6.88676e-05
-0.889  -6.70603e-05
-0.888  -6.4101e-05
-0.887  -6.55676e-05
-0.886  -6.20088e-05
-0.885  -6.44353e-05
-0.884  -6.57157e-05
-0.883  -6.8384e-05
-0.882  -5.99068e-05
-0.881  -5.3627e-05
-0.88  -5.45053e-05
-0.879  -5.33205e-05
-0.878  -5.61176e-05
-0.877  -6.11743e-05
-0.876  -6.0378e-05
-0.875  -6.33712e-05
-0.874  -6.3591e-05
-0.873  -6.44523e-05
-0.872  -6.72127e-05
-0.871  -6.78419e-05
-0.87  -6.80248e-05
-0.869  -6.594e-05
-0.868  -6.31546e-05
-0.867  -6.56257e-05
-0.866  -6.88193e-05
-0.865  -7.39218e-05
-0.864  -7.28578e-05
-0.863  -7.7367e-05
-0.862  -7.78848e-05
-0.861  -7.18444e-05
-0.86  -7.29971e-05
-0.859  -7.0889e-05
-0.858  -6.59677e-05
-0.857  -6.99185e-05
-0.856  -6.03987e-05
-0.855  -6.31341e-05
-0.854  -5.85244e-05
-0.853  -6.10371e-05
-0.852  -5.99706e-05
-0.851  -6.16826e-05
-0.85  -6.25319e-05
-0.849  -6.01361e-05
-0.848  -6.22167e-05
-0.847  -6.00981e-05
-0.846  -6.02916e-05
-0.845  -6.19474e-05
-0.844  -5.83382e-05
-0.843  -5.98769e-05
-0.842  -5.83846e-05
-0.841  -5.79005e-05
-0.84  -5.85012e-05
-0.839  -5.39361e-05
-0.838  -5.35708e-05
-0.837  -5.18029e-05
-0.836  -5.04236e-05
-0.835  -5.10368e-05
-0.834  -4.97692e-05
-0.833  -5.18356e-05
-0.832  -4.83232e-05
-0.831  -4.57393e-05
-0.83  -4.34112e-05
-0.829  -4.29495e-05
-0.828  -4.75041e-05
-0.827  -4.42667e-05
-0.826  -4.30933e-05
-0.825  -4.77771e-05
-0.824  -4.39066e-05
-0.823  -4.76299e-05
-0.822  -4.73559e-05
-0.821  -4.76033e-05
-0.82  -5.11133e-05
-0.819  -5.05674e-05
-0.818  -5.79596e-05
-0.817  -5.71771e-05
-0.816  -5.90068e-05
-0.815  -5.87231e-05
-0.814  -5.1755e-05
-0.813  -5.48571e-05
-0.812  -5.37941e-05
-0.811  -5.87784e-05
-0.81  -5.97474e-05
-0.809  -5.33358e-05
-0.808  -5.81697e-05
-0.807  -5.30235e-05
-0.806  -4.98627e-05
-0.805  -4.6107e-05
-0.804  -4.67989e-05
-0.803  -4.66722e-05
-0.802  -4.26478e-05
-0.801  -4.02449e-05
-0.8  -4.09573e-05
-0.799  -3.96556e-05
-0.798  -3.83739e-05
-0.797  -3.79157e-05
-0.796  -3.74048e-05
-0.795  -4.33357e-05
-0.794  -3.92217e-05
-0.793  -4.10543e-05
-0.792  -3.94122e-05
-0.791  -4.44281e-05
-0.79  -4.99936e-05
-0.789  -4.34835e-05
-0.788  -5.05612e-05
-0.787  -4.81294e-05
-0.786  -5.13033e-05
-0.785  -4.96286e-05
-0.784  -4.3962e-05
-0.783  -4.90264e-05
-0.782  -5.79375e-05
-0.781  -5.51886e-05
-0.78  -5.99117e-05
-0.779  -6.37764e-05
-0.778  -6.56084e-05
-0.777  -6.20728e-05
-0.776  -6.47966e-05
-0.775  -6.24651e-05
-0.774  -6.33384e-05
-0.773  -6.35433e-05
-0.772  -5.34703e-05
-0.771  -4.65596e-05
-0.77  -4.83711e-05
-0.769  -4.67143e-05
-0.768  -5.1786e-05
-0.767  -5.25644e-05
-0.766  -5.28657e-05
-0.765  -6.11313e-05
-0.764  -5.61823e-05
-0.763  -4.84998e-05
-0.762  -5.03687e-05
-0.761  -5.38293e-05
-0.76  -5.46437e-05
-0.759  -4.74841e-05
-0.758  -5.1835e-05
-0.757  -4.35031e-05
-0.756  -4.51284e-05
-0.755  -4.66085e-05
-0.754  -4.4435e-05
-0.753  -4.95517e-05
-0.752  -5.39351e-05
-0.751  -5.33934e-05
-0.75  -5.99596e-05
-0.749  -6.61578e-05
-0.748  -6.84614e-05
-0.747  -6.60666e-05
-0.746  -6.59245e-05
-0.745  -6.44331e-05
-0.744  -6.15798e-05
-0.743  -5.9848e-05
-0.742  -5.19332e-05
-0.741  -4.21802e-05
-0.74  -4.60833e-05
-0.739  -5.01817e-05
-0.738  -6.11387e-05
-0.737  -6.03042e-05
-0.736  -5.79826e-05
-0.735  -5.85087e-05
-0.734  -5.25406e-05
-0.733  -5.3449e-05
-0.732  -5.12555e-05
-0.731  -5.01071e-05
-0.73  -4.48177e-05
-0.729  -4.02778e-05
-0.728  -4.47082e-05
-0.727  -4.22378e-05
-0.726  -4.54013e-05
-0.725  -5.53597e-05
-0.724  -5.7376e-05
-0.723  -5.92904e-05
-0.722  -7.00588e-05
-0.721  -6.75316e-05
-0.72  -6.95828e-05
-0.719  -6.80228e-05
-0.718  -7.06973e-05
-0.717  -6.55571e-05
-0.716  -6.95903e-05
-0.715  -6.94439e-05
-0.714  -6.43072e-05
-0.713  -6.32757e-05
-0.712  -5.7163e-05
-0.711  -5.33409e-05
-0.71  -5.8306e-05
-0.709  -5.646e-05
-0.708  -6.55477e-05
-0.707  -6.18712e-05
-0.706  -5.46222e-05
-0.705  -4.73634e-05
-0.704  -4.35142e-05
-0.703  -3.98947e-05
-0.702  -4.23972e-05
-0.701  -4.20542e-05
-0.7  -3.89614e-05
-0.699  -3.50032e-05
-0.698  -3.77227e-05
-0.697  -3.6803e-05
-0.696  -3.95715e-05
-0.695  -4.67384e-05
-0.694  -4.92714e-05
-0.693  -4.87666e-05
-0.692  -5.53785e-05
-0.691  -5.56785e-05
-0.69  -5.78005e-05
-0.689  -5.43957e-05
-0.688  -6.102e-05
-0.687  -5.7995e-05
-0.686  -6.34707e-05
-0.685  -6.15804e-05
-0.684  -6.32351e-05
-0.683  -6.16074e-05
-0.682  -5.86953e-05
-0.681  -5.7021e-05
-0.68  -5.67796e-05
-0.679  -5.75179e-05
-0.678  -6.47564e-05
-0.677  -6.63264e-05
-0.676  -5.9693e-05
-0.675  -6.21773e-05
-0.674  -6.26355e-05
-0.673  -5.67296e-05
-0.672  -5.40084e-05
-0.671  -5.44127e-05
-0.67  -4.8012e-05
-0.669  -4.79146e-05
-0.668  -5.50591e-05
-0.667  -6.20521e-05
-0.666  -6.74079e-05
-0.665  -6.99243e-05
-0.664  -7.03286e-05
-0.663  -6.93017e-05
-0.662  -7.4409e-05
-0.661  -7.72481e-05
-0.66  -7.65035e-05
-0.659  -7.03438e-05
-0.658  -7.23041e-05
-0.657  -6.99653e-05
-0.656  -6.95074e-05
-0.655  -6.75943e-05
-0.654  -6.86492e-05
-0.653  -6.79892e-05
-0.652  -6.83613e-05
-0.651  -6.9777e-05
-0.65  -6.59847e-05
-0.649  -5.5114e-05
-0.648  -5.2243e-05
-0.647  -5.18834e-05
-0.646  -4.7843e-05
-0.645  -4.97629e-05
-0.644  -4.67722e-05
-0.643  -4.50048e-05
-0.642  -4.38495e-05
-0.641  -4.27055e-05
-0.64  -4.30434e-05
-0.639  -4.0667e-05
-0.638  -4.97482e-05
-0.637  -5.11544e-05
-0.636  -5.07771e-05
-0.635  -5.31834e-05
-0.634  -6.20599e-05
-0.633  -6.15065e-05
-0.632  -6.6594e-05
-0.631  -6.7369e-05
-0.63  -7.28956e-05
-0.629  -7.10724e-05
-0.628  -7.14199e-05
-0.627  -7.05553e-05
-0.626  -7.3713e-05
-0.625  -7.17005e-05
-0.624  -6.72888e-05
-0.623  -6.54739e-05
-0.622  -7.14925e-05
-0.621  -7.29957e-05
-0.62  -7.34558e-05
-0.619  -6.33e-05
-0.618  -6.31598e-05
-0.617  -6.2731e-05
-0.616  -5.80353e-05
-0.615  -5.33188e-05
-0.614  -5.02475e-05
-0.613  -4.70755e-05
-0.612  -4.40216e-05
-0.611  -4.59158e-05
-0.61  -4.56537e-05
-0.609  -4.47957e-05
-0.608  -4.9401e-05
-0.607  -5.19267e-05
-0.606  -5.61981e-05
-0.605  -5.81894e-05
-0.604  -6.78378e-05
-0.603  -6.57006e-05
-0.602  -6.71701e-05
-0.601  -6.08404e-05
-0.6  -6.3104e-05
-0.599  -6.40102e-05
-0.598  -6.47495e-05
-0.597  -6.73722e-05
-0.596  -6.19735e-05
-0.595  -6.37302e-05
-0.594  -6.16338e-05
-0.593  -6.46909e-05
-0.592  -6.52768e-05
-0.591  -6.58262e-05
-0.59  -6.39661e-05
-0.589  -5.92692e-05
-0.588  -6.06672e-05
-0.587  -5.62107e-05
-0.586  -5.3682e-05
-0.585  -4.75325e-05
-0.584  -4.56946e-05
-0.583  -3.97673e-05
-0.582  -4.45408e-05
-0.581  -4.91849e-05
-0.58  -4.76439e-05
-0.579  -4.64286e-05
-0.578  -5.14216e-05
-0.577  -5.89199e-05
-0.576  -5.82426e-05
-0.575  -5.2506e-05
-0.574  -5.79489e-05
-0.573  -5.69495e-05
-0.572  -5.50661e-05
-0.571  -5.22803e-05
-0.57  -5.05411e-05
-0.569  -4.18187e-05
-0.568  -4.36751e-05
-0.567  -4.77791e-05
-0.566  -4.81574e-05
-0.565  -5.35144e-05
-0.564  -5.24906e-05
-0.563  -5.48519e-05
-0.562  -5.37975e-05
-0.561  -5.20917e-05
-0.56  -5.59713e-05
-0.559  -4.88918e-05
-0.558  -4.83215e-05
-0.557  -4.31528e-05
-0.556  -4.92034e-05
-0.555  -4.16586e-05
-0.554  -4.16925e-05
-0.553  -4.10711e-05
-0.552  -4.07824e-05
-0.551  -4.22419e-05
-0.55  -4.60634e-05
-0.549  -4.48895e-05
-0.548  -4.748e-05
-0.547  -4.90332e-05
-0.546  -4.35415e-05
-0.545  -4.66946e-05
-0.544  -4.36716e-05
-0.543  -4.58718e-05
-0.542  -4.37109e-05
-0.541  -3.97622e-05
-0.54  -4.23663e-05
-0.539  -3.76096e-05
-0.538  -4.60828e-05
-0.537  -4.72749e-05
-0.536  -5.14388e-05
-0.535  -5.54648e-05
-0.534  -5.04194e-05
-0.533  -5.00485e-05
-0.532  -5.34336e-05
-0.531  -4.70579e-05
-0.53  -5.09616e-05
-0.529  -4.47712e-05
-0.528  -4.65282e-05
-0.527  -4.91261e-05
-0.526  -4.99026e-05
-0.525  -5.0931e-05
-0.524  -4.63004e-05
-0.523  -5.00493e-05
-0.522  -4.80811e-05
-0.521  -4.61449e-05
-0.52  -4.34349e-05
-0.519  -3.77497e-05
-0.518  -3.86229e-05
-0.517  -4.15463e-05
-0.516  -3.56876e-05
-0.515  -4.67443e-05
-0.514  -5.44869e-05
-0.513  -5.48434e-05
-0.512  -5.73437e-05
-0.511  -5.80186e-05
-0.51  -6.07413e-05
-0.509  -5.7337e-05
-0.508  -5.63342e-05
-0.507  -5.31103e-05
-0.506  -5.88511e-05
-0.505  -6.12614e-05
-0.504  -5.75723e-05
-0.503  -6.25831e-05
-0.502  -6.83727e-05
-0.501  -6.98926e-05
-0.5  -7.60685e-05
-0.499  -7.42319e-05
-0.498  -7.66826e-05
-0.497  -8.28447e-05
-0.496  -8.0804e-05
-0.495  -7.95152e-05
-0.494  -7.14615e-05
-0.493  -7.62624e-05
-0.492  -6.60216e-05
-0.491  -6.09214e-05
-0.49  -5.704e-05
-0.489  -5.17145e-05
-0.488  -5.6762e-05
-0.487  -5.69907e-05
-0.486  -5.57785e-05
-0.485  -6.24382e-05
-0.484  -6.52562e-05
-0.483  -6.41645e-05
-0.482  -6.6107e-05
-0.481  -6.18972e-05
-0.48  -6.161e-05
-0.479  -6.09767e-05
-0.478  -5.64424e-05
-0.477  -4.61332e-05
-0.476  -4.17982e-05
-0.475  -5.19572e-05
-0.474  -4.79791e-05
-0.473  -5.14052e-05
-0.472  -5.88312e-05
-0.471  -5.61153e-05
-0.47  -6.55899e-05
-0.469  -5.90813e-05
-0.468  -5.87388e-05
-0.467  -6.02963e-05
-0.466  -6.11919e-05
-0.465  -5.95749e-05
-0.464  -5.30678e-05
-0.463  -4.96643e-05
-0.462  -3.94667e-05
-0.461  -3.97308e-05
-0.46  -3.07517e-05
-0.459  -2.51581e-05
-0.458  -3.03488e-05
-0.457  -3.93503e-05
-0.456  -3.05654e-05
-0.455  -3.91675e-05
-0.454  -4.54499e-05
-0.453  -4.81097e-05
-0.452  -5.77636e-05
-0.451  -5.56094e-05
-0.45  -5.87117e-05
-0.449  -5.30383e-05
-0.448  -4.92108e-05
-0.447  -4.35516e-05
-0.446  -4.30698e-05
-0.445  -5.03416e-05
-0.444  -4.72016e-05
-0.443  -5.13262e-05
-0.442  -5.29499e-05
-0.441  -5.05466e-05
-0.44  -6.00921e-05
-0.439  -6.12509e-05
-0.438  -5.83806e-05
-0.437  -6.64477e-05
-0.436  -6.16488e-05
-0.435  -6.41542e-05
-0.434  -5.7023e-05
-0.433  -5.61687e-05
-0.432  -4.67809e-05
-0.431  -4.65666e-05
-0.43  -4.66047e-05
-0.429  -4.64468e-05
-0.428  -4.7312e-05
-0.427  -5.34555e-05
-0.426  -4.76282e-05
-0.425  -5.61706e-05
-0.424  -6.62116e-05
-0.423  -6.88136e-05
-0.422  -7.66282e-05
-0.421  -6.96582e-05
-0.42  -6.67841e-05
-0.419  -6.19804e-05
-0.418  -5.4282e-05
-0.417  -5.23003e-05
-0.416  -4.81834e-05
-0.415  -5.30519e-05
-0.414  -4.46966e-05
-0.413  -5.11543e-05
-0.412  -5.17963e-05
-0.411  -5.13398e-05
-0.41  -5.4028e-05
-0.409  -5.1062e-05
-0.408  -4.69509e-05
-0.407  -5.12284e-05
-0.406  -4.96184e-05
-0.405  -5.03966e-05
-0.404  -4.0534e-05
-0.403  -3.93504e-05
-0.402  -3.53003e-05
-0.401  -3.87598e-05
-0.4  -3.9206e-05
-0.399  -3.83715e-05
-0.398  -3.77057e-05
-0.397  -4.35788e-05
-0.396  -3.70062e-05
-0.395  -4.51698e-05
-0.394  -4.99172e-05
-0.393  -4.83774e-05
-0.392  -5.12059e-05
-0.391  -4.98578e-05
-0.39  -4.96975e-05
-0.389  -4.86725e-05
-0.388  -3.81286e-05
-0.387  -3.42643e-05
-0.386  -3.39316e-05
-0.385  -3.98417e-05
-0.384  -3.27182e-05
-0.383  -4.06539e-05
-0.382  -3.95518e-05
-0.381  -3.85336e-05
-0.38  -4.45825e-05
-0.379  -4.56706e-05
-0.378  -4.24173e-05
-0.377  -4.57103e-05
-0.376  -4.50172e-05
-0.375  -4.3266e-05
-0.374  -3.90691e-05
-0.373  -4.02449e-05
-0.372  -3.83627e-05
-0.371  -4.12655e-05
-0.37  -3.74688e-05
-0.369  -4.30181e-05
-0.368  -4.75691e-05
-0.367  -5.05148e-05
-0.366  -4.94859e-05
-0.365  -5.6209e-05
-0.364  -5.54067e-05
-0.363  -5.54887e-05
-0.362  -5.4797e-05
-0.361  -4.70422e-05
-0.36  -4.30723e-05
-0.359  -4.55651e-05
-0.358  -3.51855e-05
-0.357  -3.24672e-05
-0.356  -3.21638e-05
-0.355  -3.8115e-05
-0.354  -3.2887e-05
-0.353  -3.64331e-05
-0.352  -3.29552e-05
-0.351  -3.47962e-05
-0.35  -4.10538e-05
-0.349  -3.85202e-05
-0.348  -3.45728e-05
-0.347  -3.53576e-05
-0.346  -3.6293e-05
-0.345  -3.48966e-05
-0.344  -2.55198e-05
-0.343  -2.63938e-05
-0.342  -2.9282e-05
-0.341  -3.38176e-05
-0.34  -2.84889e-05
-0.339  -3.50117e-05
-0.338  -3.34404e-05
-0.337  -3.55853e-05
-0.336  -3.38083e-05
-0.335  -3.99687e-05
-0.334  -4.02619e-05
-0.333  -4.37166e-05
-0.332  -4.01125e-05
-0.331  -3.14082e-05
-0.33  -2.75901e-05
-0.329  -2.42638e-05
-0.328  -1.93879e-05
-0.327  -1.36158e-05
-0.326  -1.78732e-05
-0.325  -3.23877e-05
-0.324  -3.56482e-05
-0.323  -3.8903e-05
-0.322  -3.09571e-05
-0.321  -3.31738e-05
-0.32  -3.49133e-05
-0.319  -3.63626e-05
-0.318  -3.10033e-05
-0.317  -3.12694e-05
-0.316  -2.9964e-05
-0.315  -2.93442e-05
-0.314  -2.88792e-05
-0.313  -2.84366e-05
-0.312  -2.80071e-05
-0.311  -3.62264e-05
-0.31  -3.73376e-05
-0.309  -3.55103e-05
-0.308  -3.3932e-05
-0.307  -2.96171e-05
-0.306  -2.13092e-05
-0.305  -2.06299e-05
-0.304  -2.34067e-05
-0.303  -2.71559e-05
-0.302  -2.29632e-05
-0.301  -2.06417e-05
-0.3  -2.05797e-05
-0.299  -2.17945e-05
-0.298  -2.02374e-05
-0.297  -1.35965e-05
-0.296  -1.84397e-05
-0.295  -1.79513e-05
-0.294  -2.03494e-05
-0.293  -2.67745e-05
-0.292  -2.19823e-05
-0.291  -2.22642e-05
-0.29  -3.19849e-05
-0.289  -3.61614e-05
-0.288  -3.9895e-05
-0.287  -4.43526e-05
-0.286  -4.94916e-05
-0.285  -4.33477e-05
-0.284  -4.32754e-05
-0.283  -4.66299e-05
-0.282  -4.90671e-05
-0.281  -4.90322e-05
-0.28  -4.69115e-05
-0.279  -4.64634e-05
-0.278  -4.79778e-05
-0.277  -4.27589e-05
-0.276  -3.9175e-05
-0.275  -4.18286e-05
-0.274  -4.35027e-05
-0.273  -3.85813e-05
-0.272  -3.47975e-05
-0.271  -2.84198e-05
-0.27  -2.7573e-05
-0.269  -2.53329e-05
-0.268  -2.54306e-05
-0.267  -1.31661e-05
-0.266  -2.33797e-05
-0.265  -2.79763e-05
-0.264  -2.64348e-05
-0.263  -3.13033e-05
-0.262  -3.13143e-05
-0.261  -3.38442e-05
-0.26  -3.44463e-05
-0.259  -3.44759e-05
-0.258  -3.28882e-05
-0.257  -3.8688e-05
-0.256  -4.53864e-05
-0.255  -3.62488e-05
-0.254  -3.92976e-05
-0.253  -4.18345e-05
-0.252  -4.61574e-05
-0.251  -4.61757e-05
-0.25  -4.24823e-05
-0.249  -4.01008e-05
-0.248  -4.47484e-05
-0.247  -3.72417e-05
-0.246  -3.31456e-05
-0.245  -2.63956e-05
-0.244  -2.9345e-05
-0.243  -2.30299e-05
-0.242  -2.12138e-05
-0.241  -2.02689e-05
-0.24  -2.2504e-05
-0.239  -2.50595e-05
-0.238  -2.12034e-05
-0.237  -9.68306e-06
-0.236  -1.95431e-05
-0.235  -2.50955e-05
-0.234  -2.45861e-05
-0.233  -2.81091e-05
-0.232  -2.75551e-05
-0.231  -3.36677e-05
-0.23  -3.20258e-05
-0.229  -3.17847e-05
-0.228  -2.89784e-05
-0.227  -3.25612e-05
-0.226  -4.20246e-05
-0.225  -3.10525e-05
-0.224  -3.45249e-05
-0.223  -3.23951e-05
-0.222  -3.85162e-05
-0.221  -3.83548e-05
-0.22  -3.95366e-05
-0.219  -4.301e-05
-0.218  -4.44121e-05
-0.217  -4.2581e-05
-0.216  -3.85771e-05
-0.215  -2.92795e-05
-0.214  -2.94769e-05
-0.213  -2.4516e-05
-0.212  -2.55375e-05
-0.211  -2.34611e-05
-0.21  -2.6765e-05
-0.209  -3.5342e-05
-0.208  -3.06237e-05
-0.207  -2.28474e-05
-0.206  -2.92944e-05
-0.205  -3.13073e-05
-0.204  -3.68877e-05
-0.203  -3.5747e-05
-0.202  -3.31708e-05
-0.201  -3.77984e-05
-0.2  -3.66151e-05
-0.199  -3.85408e-05
-0.198  -3.51635e-05
-0.197  -3.9438e-05
-0.196  -5.52839e-05
-0.195  -4.76233e-05
-0.194  -5.68781e-05
-0.193  -5.2393e-05
-0.192  -5.89016e-05
-0.191  -5.51749e-05
-0.19  -4.85697e-05
-0.189  -5.37826e-05
-0.188  -5.86645e-05
-0.187  -5.77805e-05
-0.186  -6.00469e-05
-0.185  -5.3293e-05
-0.184  -5.12482e-05
-0.183  -4.79529e-05
-0.182  -4.57782e-05
-0.181  -4.86188e-05
-0.18  -5.28496e-05
-0.179  -6.30523e-05
-0.178  -5.6653e-05
-0.177  -4.50838e-05
-0.176  -5.05653e-05
-0.175  -4.65683e-05
-0.174  -5.23026e-05
-0.173  -5.31324e-05
-0.172  -4.93229e-05
-0.171  -5.4298e-05
-0.17  -4.84753e-05
-0.169  -4.75104e-05
-0.168  -4.71039e-05
-0.167  -4.97857e-05
-0.166  -5.74386e-05
-0.165  -5.82481e-05
-0.164  -6.61194e-05
-0.163  -6.11555e-05
-0.162  -6.05627e-05
-0.161  -5.64829e-05
-0.16  -4.73315e-05
-0.159  -5.4877e-05
-0.158  -5.8904e-05
-0.157  -5.59176e-05
-0.156  -5.46121e-05
-0.155  -4.5684e-05
-0.154  -3.92655e-05
-0.153  -4.11275e-05
-0.152  -3.79671e-05
-0.151  -4.72955e-05
-0.15  -4.94488e-05
-0.149  -5.54643e-05
-0.148  -4.95934e-05
-0.147  -4.32702e-05
-0.146  -4.47063e-05
-0.145  -4.41e-05
-0.144  -5.03046e-05
-0.143  -4.76516e-05
-0.142  -4.45333e-05
-0.141  -4.94868e-05
-0.14  -4.37027e-05
-0.139  -4.54319e-05
-0.138  -4.76133e-05
-0.137  -5.19147e-05
-0.136  -5.68548e-05
-0.135  -5.88456e-05
-0.134  -6.43715e-05
-0.133  -6.25615e-05
-0.132  -5.87402e-05
-0.131  -5.3478e-05
-0.13  -4.97439e-05
-0.129  -5.11445e-05
-0.128  -5.56376e-05
-0.127  -5.39281e-05
-0.126  -4.52711e-05
-0.125  -3.04749e-05
-0.124  -2.47945e-05
-0.123  -2.36154e-05
-0.122  -1.77177e-05
-0.121  -1.83168e-05
-0.12  -2.04662e-05
-0.119  -2.77124e-05
-0.118  -3.15288e-05
-0.117  -4.26872e-05
-0.116  -8.11812e-05
-0.115  -0.000138268
-0.114  -0.000236503
-0.113  -0.000380915
-0.112  -0.000591734
-0.111  -0.00087458
-0.11  -0.00126507
-0.109  -0.00177704
-0.108  -0.00244372
-0.107  -0.00328909
-0.106  -0.00436181
-0.105  -0.00566707
-0.104  -0.00726017
-0.103  -0.00915222
-0.102  -0.011388
-0.101  -0.0140095
-0.1  -0.0170294
-0.099  -0.0205138
-0.098  -0.0244824
-0.097  -0.0289259
-0.096  -0.0339025
-0.095  -0.0394232
-0.094  -0.0454928
-0.093  -0.0521455
-0.092  -0.0593893
-0.091  -0.067196
-0.09  -0.0755957
-0.089  -0.0845916
-0.088  -0.0941276
-0.087  -0.104206
-0.086  -0.114842
-0.085  -0.125976
-0.084  -0.137635
-0.083  -0.149755
-0.082  -0.16233
-0.081  -0.175316
-0.08  -0.188711
-0.079  -0.202481
-0.078  -0.216607
-0.077  -0.231038
-0.076  -0.245777
-0.075  -0.260769
-0.074  -0.276028
-0.073  -0.291485
-0.072  -0.307142
-0.071  -0.322971
-0.07  -0.338873
-0.069  -0.354932
-0.068  -0.371072
-0.067  -0.387252
-0.066  -0.403461
-0.065  -0.419666
-0.064  -0.435879
-0.063  -0.452037
-0.062  -0.468167
-0.061  -0.484169
-0.06  -0.500089
-0.059  -0.515904
-0.058  -0.531576
-0.057  -0.547073
-0.056  -0.562412
-0.055  -0.577532
-0.054  -0.592464
-0.053  -0.60719
-0.052  -0.621674
-0.051  -0.635956
-0.05  -0.649991
-0.049  -0.663797
-0.048  -0.677346
-0.047  -0.690674
-0.046  -0.703738
-0.045  -0.716538
-0.044  -0.729068
-0.043  -0.74135
-0.042  -0.753396
-0.041  -0.765157
-0.04  -0.77663
-0.039  -0.787837
-0.038  -0.798793
-0.037  -0.809487
-0.036  -0.819888
-0.035  -0.830005
-0.034  -0.83986
-0.033  -0.849423
-0.032  -0.858714
-0.031  -0.867722
-0.03  -0.876413
-0.029  -0.884844
-0.028  -0.892973
-0.027  -0.900805
-0.026  -0.908337
-0.025  -0.915613
-0.024  -0.922555
-0.023  -0.929239
-0.022  -0.935621
-0.021  -0.94173
-0.02  -0.947536
-0.019  -0.953059
-0.018  -0.958265
-0.017  -0.963231
-0.016  -0.967893
-0.015  -0.972256
-0.014  -0.976336
-0.013  -0.980155
-0.012  -0.983711
-0.011  -0.986961
-0.01  -0.989951
-0.009  -0.992653
-0.008  -0.995074
-0.007  -0.997252
-0.006  -0.999154
-0.005  -1.00081
-0.004  -1.00218
-0.003  -1.00329
-0.002  -1.00412
-0.001  -1.00475
0  -1.00506
0.001  -1.00517
0.002  -1.00501
0.003  -1.00463
0.004  -1.00403
0.005  -1.0032
0.006  -1.00211
0.007  -1.00082
0.008  -0.999359
0.009  -0.997685
0.01  -0.995819
0.011  -0.993777
0.012  -0.991555
0.013  -0.989154
0.014  -0.986566
0.015  -0.983804
0.016  -0.980916
0.017  -0.977892
0.018  -0.974721
0.019  -0.971412
0.02  -0.967986
0.021  -0.964441
0.022  -0.960769
0.023  -0.957013
0.024  -0.953194
0.025  -0.949283
0.026  -0.945256
0.027  -0.941185
0.028  -0.93703
0.029  -0.932817
0.03  -0.928532
0.031  -0.924201
0.032  -0.919788
0.033  -0.915368
0.034  -0.910913
0.035  -0.906385
0.036  -0.901809
0.037  -0.897201
0.038  -0.892591
0.039  -0.887945
0.04  -0.883279
0.041  -0.878593
0.042  -0.873901
0.043  -0.869137
0.044  -0.864371
0.045  -0.859593
0.046  -0.854796
0.047  -0.849975
0.048  -0.845136
0.049  -0.840304
0.05  -0.835423
0.051  -0.830579
0.052  -0.825705
0.053  -0.820812
0.054  -0.815968
0.055  -0.811123
0.056  -0.806254
0.057  -0.801428
0.058  -0.796597
0.059  -0.791767
0.06  -0.786968
0.061  -0.782164
0.062  -0.777375
0.063  -0.772614
0.064  -0.767863
0.065  -0.763105
0.066  -0.758371
0.067  -0.753643
0.068  -0.748939
0.069  -0.744272
0.07  -0.73959
0.071  -0.734942
0.072  -0.730344
0.073  -0.725711
0.074  -0.721105
0.075  -0.71655
0.076  -0.711999
0.077  -0.707443
0.078  -0.702886
0.079  -0.698391
0.08  -0.693878
0.081  -0.689422
0.082  -0.684995
0.083  -0.68058
0.084  -0.676214
0.085  -0.671855
0.086  -0.667542
0.087  -0.66324
0.088  -0.658967
0.089  -0.654745
0.09  -0.65056
0.091  -0.646387
0.092  -0.642233
0.093  -0.63813
0.094  -0.634043
0.095  -0.629965
0.096  -0.625978
0.097  -0.622008
0.098  -0.618017
0.099  -0.614074
0.1  -0.610134
0.101  -0.606212
0.102  -0.602321
0.103  -0.598432
0.104  -0.594609
0.105  -0.590809
0.106  -0.587039
0.107  -0.583247
0.108  -0.579451
0.109  -0.575718
0.11  -0.571984
0.111  -0.568286
0.112  -0.564632
0.113  -0.560995
0.114  -0.557376
0.115  -0.553723
0.116  -0.550147
0.117  -0.546573
0.118  -0.543023
0.119  -0.539506
0.12  -0.536042
0.121  -0.532577
0.122  -0.529157
0.123  -0.525703
0.124  -0.522299
0.125  -0.518909
0.126  -0.515615
0.127  -0.512294
0.128  -0.508972
0.129  -0.505662
0.13  -0.502408
0.131  -0.499147
0.132  -0.495885
0.133  -0.492641
0.134  -0.489458
0.135  -0.486275
0.136  -0.483092
0.137  -0.479906
0.138  -0.476728
0.139  -0.473562
0.14  -0.470433
0.141  -0.467285
0.142  -0.464216
0.143  -0.461103
0.144  -0.45802
0.145  -0.454928
0.146  -0.451926
0.147  -0.448894
0.148  -0.445903
0.149  -0.442898
0.15  -0.439946
0.151  -0.437
0.152  -0.434106
0.153  -0.431175
0.154  -0.428289
0.155  -0.425452
0.156  -0.422665
0.157  -0.419855
0.158  -0.417072
0.159  -0.414266
0.16  -0.41154
0.161  -0.408802
0.162  -0.406087
0.163  -0.40336
0.164  -0.400678
0.165  -0.397972
0.166  -0.395263
0.167  -0.39257
0.168  -0.389907
0.169  -0.387211
0.17  -0.384555
0.171  -0.381878
0.172  -0.379273
0.173  -0.376614
0.174  -0.373958
0.175  -0.371338
0.176  -0.368754
0.177  -0.36616
0.178  -0.363628
0.179  -0.361032
0.18  -0.358482
0.181  -0.355926
0.182  -0.353421
0.183  -0.350858
0.184  -0.348382
0.185  -0.345932
0.186  -0.343497
0.187  -0.341031
0.188  -0.338611
0.189  -0.336172
0.19  -0.333803
0.191  -0.331359
0.192  -0.328987
0.193  -0.326636
0.194  -0.32429
0.195  -0.321938
0.196  -0.319554
0.197  -0.317202
0.198  -0.314896
0.199  -0.312545
0.2  -0.310245
0.201  -0.307956
0.202  -0.305703
0.203  -0.303389
0.204  -0.301097
0.205  -0.298839
0.206  -0.296596
0.207  -0.29436
0.208  -0.292169
0.209  -0.289922
0.21  -0.287758
0.211  -0.28556
0.212  -0.283367
0.213  -0.281172
0.214  -0.279042
0.215  -0.276942
0.216  -0.274844
0.217  -0.272733
0.218  -0.270663
0.219  -0.268591
0.22  -0.266552
0.221  -0.264481
0.222  -0.262487
0.223  -0.260512
0.224  -0.258527
0.225  -0.256553
0.226  -0.254546
0.227  -0.252592
0.228  -0.250683
0.229  -0.248748
0.23  -0.246858
0.231  -0.245014
0.232  -0.243156
0.233  -0.241286
0.234  -0.239441
0.235  -0.237601
0.236  -0.235782
0.237  -0.233998
0.238  -0.232198
0.239  -0.230395
0.24  -0.228677
0.241  -0.226927
0.242  -0.225169
0.243  -0.223461
0.244  -0.221772
0.245  -0.220141
0.246  -0.218483
0.247  -0.216846
0.248  -0.215233
0.249  -0.21361
0.25  -0.212011
0.251  -0.210412
0.252  -0.208873
0.253  -0.207345
0.254  -0.205817
0.255  -0.204302
0.256  -0.202761
0.257  -0.201303
0.258  -0.199847
0.259  -0.198389
0.26  -0.196944
0.261  -0.195562
0.262  -0.194151
0.263  -0.192777
0.264  -0.191392
0.265  -0.190034
0.266  -0.188672
0.267  -0.187337
0.268  -0.186022
0.269  -0.184707
0.27  -0.183436
0.271  -0.182152
0.272  -0.180864
0.273  -0.179635
0.274  -0.17843
0.275  -0.177248
0.276  -0.176052
0.277  -0.174871
0.278  -0.173681
0.279  -0.172502
0.28  -0.17134
0.281  -0.170183
0.282  -0.169088
0.283  -0.167974
0.284  -0.166865
0.285  -0.165752
0.286  -0.164638
0.287  -0.163568
0.288  -0.162495
0.289  -0.161429
0.29  -0.160359
0.291  -0.159347
0.292  -0.158313
0.293  -0.157286
0.294  -0.156251
0.295  -0.155243
0.296  -0.154236
0.297  -0.153248
0.298  -0.152282
0.299  -0.151288
0.3  -0.150325
0.301  -0.14934
0.302  -0.148372
0.303  -0.147455
0.304  -0.146539
0.305  -0.145643
0.306  -0.144741
0.307  -0.143837
0.308  -0.142912
0.309  -0.142022
0.31  -0.141119
0.311  -0.14022
0.312  -0.13936
0.313  -0.1385
0.314  -0.137631
0.315  -0.136743
0.316  -0.135878
0.317  -0.13502
0.318  -0.134175
0.319  -0.13334
0.32  -0.132456
0.321  -0.131625
0.322  -0.130748
0.323  -0.129912
0.324  -0.129051
0.325  -0.128215
0.326  -0.127393
0.327  -0.126586
0.328  -0.125777
0.329  -0.124922
0.33  -0.124099
0.331  -0.12328
0.332  -0.122454
0.333  -0.121672
0.334  -0.120906
0.335  -0.120131
0.336  -0.119355
0.337  -0.118573
0.338  -0.117776
0.339  -0.117015
0.34  -0.116246
0.341  -0.115485
0.342  -0.114718
0.343  -0.113991
0.344  -0.11323
0.345  -0.112454
0.346  -0.111705
0.347  -0.110955
0.348  -0.110234
0.349  -0.109515
0.35  -0.108743
0.351  -0.108022
0.352  -0.107253
0.353  -0.106523
0.354  -0.105785
0.355  -0.105067
0.356  -0.104358
0.357  -0.103664
0.358  -0.102967
0.359  -0.102245
0.36  -0.101538
0.361  -0.100879
0.362  -0.100169
0.363  -0.0994969
0.364  -0.0988578
0.365  -0.0981856
0.366  -0.0975214
0.367  -0.0968653
0.368  -0.096202
0.369  -0.0955577
0.37  -0.0949269
0.371  -0.0943125
0.372  -0.0936792
0.373  -0.0930626
0.374  -0.0924449
0.375  -0.0918126
0.376  -0.0911908
0.377  -0.090603
0.378  -0.0900224
0.379  -0.0894464
0.38  -0.0888225
0.381  -0.0882392
0.382  -0.087634
0.383  -0.0870432
0.384  -0.0864911
0.385  -0.0859411
0.386  -0.0854003
0.387  -0.0848703
0.388  -0.0843375
0.389  -0.0837901
0.39  -0.0832487
0.391  -0.0827517
0.392  -0.0822364
0.393  -0.0817376
0.394  -0.0812841
0.395  -0.0807806
0.396  -0.080288
0.397  -0.0798094
0.398  -0.0793429
0.399  -0.0788691
0.4  -0.0784379
0.401  -0.0780157
0.402  -0.0775697
0.403  -0.0771213
0.404  -0.0766868
0.405  -0.0762508
0.406  -0.0757936
0.407  -0.0753879
0.408  -0.0749746
0.409  -0.074572
0.41  -0.0741272
0.411  -0.0737032
0.412  -0.0732738
0.413  -0.0728351
0.414  -0.0724584
0.415  -0.0720898
0.416  -0.0717078
0.417  -0.0713246
0.418  -0.0709511
0.419  -0.0705667
0.42  -0.0701712
0.421  -0.0698155
0.422  -0.0694604
0.423  -0.0691209
0.424  -0.0687858
0.425  -0.068444
0.426  -0.0681032
0.427  -0.0677736
0.428  -0.0674335
0.429  -0.067102
0.43  -0.0668027
0.431  -0.0665106
0.432  -0.0661998
0.433  -0.0658908
0.434  -0.065547
0.435  -0.0652373
0.436  -0.0649175
0.437  -0.0646103
0.438  -0.0642948
0.439  -0.0639986
0.44  -0.063676
0.441  -0.0633432
0.442  -0.0630055
0.443  -0.0626602
0.444  -0.0623704
0.445  -0.0620882
0.446  -0.0617695
0.447  -0.0614654
0.448  -0.0611652
0.449  -0.0608669
0.45  -0.0605506
0.451  -0.0602514
0.452  -0.059956
0.453  -0.0596832
0.454  -0.0593872
0.455  -0.0590878
0.456  -0.0588264
0.457  -0.0585556
0.458  -0.0582713
0.459  -0.0579966
0.46  -0.0577428
0.461  -0.0574821
0.462  -0.0572315
0.463  -0.0569559
0.464  -0.056649
0.465  -0.0563891
0.466  -0.0561228
0.467  -0.0558513
0.468  -0.0555743
0.469  -0.055293
0.47  -0.0550141
0.471  -0.0547184
0.472  -0.0544208
0.473  -0.05412
0.474  -0.0538695
0.475  -0.0535904
0.476  -0.0532979
0.477  -0.0530114
0.478  -0.0527367
0.479  -0.0524529
0.48  -0.0521665
0.481  -0.0518805
0.482  -0.0516044
0.483  -0.0513517
0.484  -0.0510872
0.485  -0.0508052
0.486  -0.0505673
0.487  -0.0503051
0.488  -0.0500531
0.489  -0.0498107
0.49  -0.0495726
0.491  -0.0493357
0.492  -0.0491232
0.493  -0.0488572
0.494  -0.0485932
0.495  -0.0483439
0.496  -0.048114
0.497  -0.0478603
0.498  -0.0476267
0.499  -0.047384
0.5  -0.0471481
0.501  -0.046898
0.502  -0.0466296
0.503  -0.046349
0.504  -0.0461325
0.505  -0.0458894
0.506  -0.0456549
0.507  -0.0454166
0.508  -0.0451739
0.509  -0.044928
0.51  -0.0446927
0.511  -0.0444486
0.512  -0.0442191
0.513  -0.0439985
0.514  -0.0437917
0.515  -0.0435585
0.516  -0.0433675
0.517  -0.0431572
0.518  -0.0429507
0.519  -0.0427611
0.52  -0.0425756
0.521  -0.0424021
0.522  -0.0422626
0.523  -0.0420537
0.524  -0.041848
0.525  -0.0416522
0.526  -0.0414747
0.527  -0.0412783
0.528  -0.0411013
0.529  -0.0409282
0.53  -0.0407494
0.531  -0.0405907
0.532  -0.0404089
0.533  -0.040209
0.534  -0.040059
0.535  -0.0398847
0.536  -0.039723
0.537  -0.0395732
0.538  -0.0393965
0.539  -0.0392298
0.54  -0.0390683
0.541  -0.0388885
0.542  -0.0387429
0.543  -0.0386026
0.544  -0.0384779
0.545  -0.0383327
0.546  -0.0382213
0.547  -0.0380832
0.548  -0.0379471
0.549  -0.037825
0.55  -0.0377027
0.551  -0.037587
0.552  -0.0375068
0.553  -0.0373754
0.554  -0.0372482
0.555  -0.0371216
0.556  -0.0369944
0.557  -0.0368743
0.558  -0.0367606
0.559  -0.0366528
0.56  -0.0365498
0.561  -0.036441
0.562  -0.0363286
0.563  -0.0362017
0.564  -0.0361031
0.565  -0.0359751
0.566  -0.0358786
0.567  -0.0357703
0.568  -0.0356568
0.569  -0.0355427
0.57  -0.0354498
0.571  -0.0353339
0.572  -0.0352378
0.573  -0.0351397
0.574  -0.0350667
0.575  -0.0349715
0.576  -0.0348987
0.577  -0.0348025
0.578  -0.0347133
0.579  -0.0346185
0.58  -0.0345316
0.581  -0.034438
0.582  -0.0343707
0.583  -0.0342664
0.584  -0.0341839
0.585  -0.0340917
0.586  -0.0339945
0.587  -0.0339015
0.588  -0.0338041
0.589  -0.033706
0.59  -0.033608
0.591  -0.0335062
0.592  -0.0334147
0.593  -0.0332985
0.594  -0.0332132
0.595  -0.0330874
0.596  -0.0329872
0.597  -0.0328591
0.598  -0.0327515
0.599  -0.0326524
0.6  -0.0325595
0.601  -0.0324402
0.602  -0.0323494
0.603  -0.0322397
0.604  -0.0321536
0.605  -0.0320493
0.606  -0.0319623
0.607  -0.0318521
0.608  -0.0317561
0.609  -0.031653
0.61  -0.0315608
0.611  -0.0314499
0.612  -0.0313525
0.613  -0.0312338
0.614  -0.0311481
0.615  -0.0310437
0.616  -0.0309524
0.617  -0.0308522
0.618  -0.0307384
0.619  -0.0306297
0.62  -0.0305159
0.621  -0.0303905
0.622  -0.0302857
0.623  -0.0301708
0.624  -0.0300766
0.625  -0.0299478
0.626  -0.0298373
0.627  -0.0297075
0.628  -0.029591
0.629  -0.0294745
0.63  -0.0293643
0.631  -0.0292542
0.632  -0.0291557
0.633  -0.0290416
0.634  -0.0289388
0.635  -0.0288289
0.636  -0.0287292
0.637  -0.0286106
0.638  -0.0285078
0.639  -0.0284018
0.64  -0.0283177
0.641  -0.0282068
0.642  -0.0281022
0.643  -0.0279903
0.644  -0.0278976
0.645  -0.0277998
0.646  -0.0277096
0.647  -0.027617
0.648  -0.0275212
0.649  -0.0274285
0.65  -0.0273166
0.651  -0.0272076
0.652  -0.0271117
0.653  -0.0270149
0.654  -0.0269311
0.655  -0.02682
0.656  -0.0267414
0.657  -0.0266527
0.658  -0.0265601
0.659  -0.0264456
0.66  -0.0263615
0.661  -0.026268
0.662  -0.0261875
0.663  -0.0261003
0.664  -0.0260281
0.665  -0.025932
0.666  -0.0258532
0.667  -0.0257596
0.668  -0.0256694
0.669  -0.0255874
0.67  -0.0255231
0.671  -0.0254476
0.672  -0.0253814
0.673  -0.0253037
0.674  -0.0252494
0.675  -0.0251675
0.676  -0.0250911
0.677  -0.0250263
0.678  -0.0249773
0.679  -0.0249204
0.68  -0.024853
0.681  -0.0247747
0.682  -0.0247154
0.683  -0.0246574
0.684  -0.0246125
0.685  -0.0245456
0.686  -0.0245021
0.687  -0.0244726
0.688  -0.0244196
0.689  -0.024347
0.69  -0.0242977
0.691  -0.0242344
0.692  -0.0241744
0.693  -0.0241113
0.694  -0.0240855
0.695  -0.0240216
0.696  -0.023969
0.697  -0.023912
0.698  -0.0238513
0.699  -0.0237925
0.7  -0.0237588
0.701  -0.0237119
0.702  -0.0236566
0.703  -0.0236017
0.704  -0.0235729
0.705  -0.0235081
0.706  -0.0234387
0.707  -0.0233962
0.708  -0.0233541
0.709  -0.0233053
0.71  -0.023257
0.711  -0.0232012
0.712  -0.023161
0.713  -0.0231057
0.714  -0.0230712
0.715  -0.0230156
0.716  -0.0229699
0.717  -0.0229302
0.718  -0.0228877
0.719  -0.0228224
0.72  -0.0227734
0.721  -0.0227122
0.722  -0.0226506
0.723  -0.0225822
0.724  -0.0225605
0.725  -0.0225043
0.726  -0.0224602
0.727  -0.0224101
0.728  -0.0223566
0.729  -0.0222926
0.73  -0.0222536
0.731  -0.0222034
0.732  -0.0221324
0.733  -0.0220735
0.734  -0.0220409
0.735  -0.0219742
0.736  -0.0219157
0.737  -0.0218584
0.738  -0.0218147
0.739  -0.0217497
0.74  -0.0216991
0.741  -0.021633
0.742  -0.0215768
0.743  -0.0215083
0.744  -0.0214597
0.745  -0.0213802
0.746  -0.0213134
0.747  -0.0212421
0.748  -0.0211867
0.749  -0.0211066
0.75  -0.0210373
0.751  -0.0209724
0.752  -0.020893
0.753  -0.0208068
0.754  -0.02076
0.755  -0.0206932
0.756  -0.0206259
0.757  -0.0205598
0.758  -0.020497
0.759  -0.0204245
0.76  -0.0203695
0.761  -0.0203079
0.762  -0.0202282
0.763  -0.0201522
0.764  -0.0200994
0.765  -0.0200208
0.766  -0.0199599
0.767  -0.0198863
0.768  -0.0198257
0.769  -0.0197469
0.77  -0.019688
0.771  -0.0196138
0.772  -0.0195457
0.773  -0.0194717
0.774  -0.019407
0.775  -0.0193269
0.776  -0.0192428
0.777  -0.0191604
0.778  -0.0190992
0.779  -0.0190237
0.78  -0.0189428
0.781  -0.0188744
0.782  -0.0187966
0.783  -0.0187121
0.784  -0.0186582
0.785  -0.0185945
0.786  -0.0185343
0.787  -0.0184763
0.788  -0.0184182
0.789  -0.0183564
0.79  -0.0182982
0.791  -0.0182446
0.792  -0.0181739
0.793  -0.0181063
0.794  -0.0180624
0.795  -0.0179924
0.796  -0.0179504
0.797  -0.0178838
0.798  -0.0178338
0.799  -0.0177678
0.8  -0.0177079
0.801  -0.0176522
0.802  -0.0176029
0.803  -0.0175521
0.804  -0.0174988
0.805  -0.0174372
0.806  -0.0173748
0.807  -0.0173192
0.808  -0.0172631
0.809  -0.0172138
0.81  -0.0171492
0.811  -0.0170999
0.812  -0.0170482
0.813  -0.0169821
0.814  -0.0169388
0.815  -0.0168827
0.816  -0.0168416
0.817  -0.0167927
0.818  -0.0167574
0.819  -0.0167187
0.82  -0.0166724
0.821  -0.0166318
0.822  -0.0165838
0.823  -0.0165255
0.824  -0.0164962
0.825  -0.0164403
0.826  -0.0164013
0.827  -0.0163536
0.828  -0.0163204
0.829  -0.0162734
0.83  -0.0162253
0.831  -0.016175
0.832  -0.0161428
0.833  -0.0161094
0.834  -0.0160736
0.835  -0.0160266
0.836  -0.015977
0.837  -0.0159357
0.838  -0.0158961
0.839  -0.0158565
0.84  -0.0158141
0.841  -0.0157783
0.842  -0.0157449
0.843  -0.0156822
0.844  -0.0156354
0.845  -0.0155857
0.846  -0.0155541
0.847  -0.0155047
0.848  -0.0154706
0.849  -0.0154291
0.85  -0.0153934
0.851  -0.015343
0.852  -0.0153044
0.853  -0.0152462
0.854  -0.0152094
0.855  -0.0151565
0.856  -0.0151064
0.857  -0.0150515
0.858  -0.0150077
0.859  -0.0149571
0.86  -0.0148933
0.861  -0.0148354
0.862  -0.0147996
0.863  -0.0147648
0.864  -0.0147189
0.865  -0.0146563
0.866  -0.0146033
0.867  -0.0145483
0.868  -0.0144951
0.869  -0.014435
0.87  -0.0143873
0.871  -0.0143331
0.872  -0.0142848
0.873  -0.0142225
0.874  -0.0141717
0.875  -0.0141185
0.876  -0.0140659
0.877  -0.0140059
0.878  -0.0139415
0.879  -0.0138767
0.88  -0.0138307
0.881  -0.0137618
0.882  -0.0137101
0.883  -0.0136454
0.884  -0.0135876
0.885  -0.0135151
0.886  -0.0134485
0.887  -0.0133816
0.888  -0.0133131
0.889  -0.0132448
0.89  -0.0131688
0.891  -0.0130976
0.892  -0.0130233
0.893  -0.0129591
0.894  -0.0128934
0.895  -0.0128268
0.896  -0.0127658
0.897  -0.012693
0.898  -0.0126298
0.899  -0.0125511
0.9  -0.0124963
0.901  -0.0124267
0.902  -0.012362
0.903  -0.012298
0.904  -0.0122392
0.905  -0.0121807
0.906  -0.0121172
0.907  -0.0120568
0.908  -0.0119802
0.909  -0.0119094
0.91  -0.0118588
0.911  -0.011796
0.912  -0.0117432
0.913  -0.0116802
0.914  -0.011609
0.915  -0.0115315
0.916  -0.0114762
0.917  -0.011409
0.918  -0.0113425
0.919  -0.0112803
0.92  -0.0112152
0.921  -0.0111451
0.922  -0.011077
0.923  -0.0110158
0.924  -0.0109526
0.925  -0.010902
0.926  -0.0108478
0.927  -0.0107971
0.928  -0.0107418
0.929  -0.0106757
0.93  -0.0106256
0.931  -0.0105668
0.932  -0.0105096
0.933  -0.0104598
0.934  -0.0104155
0.935  -0.0103678
0.936  -0.0103262
0.937  -0.0102761
0.938  -0.010204
0.939  -0.0101361
0.94  -0.0100922
0.941  -0.0100319
0.942  -0.00998702
0.943  -0.00993612
0.944  -0.00986882
0.945  -0.00980492
0.946  -0.00975286
0.947  -0.00970433
0.948  -0.00964362
0.949  -0.00959382
0.95  -0.00953769
0.951  -0.00947728
0.952  -0.00943099
0.953  -0.00937902
0.954  -0.00932306
0.955  -0.00927622
0.956  -0.00923155
0.957  -0.00920059
0.958  -0.00916943
0.959  -0.00912779
0.96  -0.00909392
0.961  -0.0090483
0.962  -0.00900098
0.963  -0.0089691
0.964  -0.00894543
0.965  -0.00890731
0.966  -0.00887303
0.967  -0.00883932
0.968  -0.00878575
0.969  -0.00874125
0.97  -0.00871383
0.971  -0.00866072
0.972  -0.0086258
0.973  -0.00858858
0.974  -0.00853787
0.975  -0.00849887
0.976  -0.00845201
0.977  -0.00840428
0.978  -0.00835291
0.979  -0.00831063
0.98  -0.00826373
0.981  -0.00821987
0.982  -0.00818119
0.983  -0.00813528
0.984  -0.00809639
0.985  -0.00804671
0.986  -0.00800762
0.987  -0.00798669
0.988  -0.00796366
0.989  -0.00792076
0.99  -0.00789091
0.991  -0.00785301
0.992  -0.00781008
0.993  -0.00778048
0.994  -0.00774927
0.995  -0.00771731
0.996  -0.00769024
0.997  -0.00765657
0.998  -0.00761214
0.999  -0.00757426
1  -0.00754404
1.001  -0.00749923
1.002  -0.00746444
1.003  -0.00742078
1.004  -0.0073827
1.005  -0.00735202
1.006  -0.00730382
1.007  -0.00725512
1.008  -0.00720657
1.009  -0.00717063
1.01  -0.00712288
1.011  -0.00708067
1.012  -0.00704282
1.013  -0.00699438
1.014  -0.00695483
1.015  -0.00690363
1.016  -0.00685595
1.017  -0.0068274
1.018  -0.00679368
1.019  -0.00675083
1.02  -0.00670876
1.021  -0.0066673
1.022  -0.00662881
1.023  -0.00659567
1.024  -0.0065502
1.025  -0.00650658
1.026  -0.0064751
1.027  -0.00643882
1.028  -0.00639051
1.029  -0.00634735
1.03  -0.00631001
1.031  -0.00626734
1.032  -0.00622848
1.033  -0.00617579
1.034  -0.00613437
1.035  -0.00610485
1.036  -0.00606173
1.037  -0.00602768
1.038  -0.00597964
1.039  -0.00595205
1.04  -0.00589529
1.041  -0.00585329
1.042  -0.00582199
1.043  -0.00578013
1.044  -0.00574685
1.045  -0.00569625
1.046  -0.00565263
1.047  -0.00561832
1.048  -0.0055765
1.049  -0.00554037
1.05  -0.00549141
1.051  -0.00545169
1.052  -0.00542129
1.053  -0.00538912
1.054  -0.00534908
1.055  -0.00530573
1.056  -0.00526824
1.057  -0.00524009
1.058  -0.00519662
1.059  -0.00517089
1.06  -0.00513635
1.061  -0.00509078
1.062  -0.00505028
1.063  -0.00500361
1.064  -0.00496605
1.065  -0.00493848
1.066  -0.00490831
1.067  -0.00488979
1.068  -0.0048485
1.069  -0.00483677
1.07  -0.00479593
1.071  -0.00475826
1.072  -0.00473499
1.073  -0.00470275
1.074  -0.00467274
1.075  -0.0046388
1.076  -0.00459922
1.077  -0.00456699
1.078  -0.00452748
1.079  -0.0044953
1.08  -0.0044612
1.081  -0.00444
1.082  -0.00442186
1.083  -0.00440515
1.084  -0.00437909
1.085  -0.00433805
1.086  -0.00431162
1.087  -0.00429751
1.088  -0.00425736
1.089  -0.00423362
1.09  -0.00421606
1.091  -0.00417698
1.092  -0.00414411
1.093  -0.00411854
1.094  -0.00409139
1.095  -0.00408131
1.096  -0.00406589
1.097  -0.00406011
1.098  -0.00403833
1.099  -0.00403201
1.1  -0.00400158
1.101  -0.00396755
1.102  -0.0039542
1.103  -0.0039337
1.104  -0.00392546
1.105  -0.00390363
1.106  -0.00387489
1.107  -0.00385383
1.108  -0.00382778
1.109  -0.00380161
1.11  -0.00378536
1.111  -0.003777
1.112  -0.0037608
1.113  -0.00375002
1.114  -0.0037301
1.115  -0.00369853
1.116  -0.00368065
1.117  -0.00367557
1.118  -0.00364928
1.119  -0.00363639
1.12  -0.00363478
1.121  -0.00359618
1.122  -0.00357322
1.123  -0.00354257
1.124  -0.00352267
1.125  -0.00350958
1.126  -0.00349951
1.127  -0.00350124
1.128  -0.00348317
1.129  -0.00347383
1.13  -0.00344462
1.131  -0.00341288
1.132  -0.00339067
1.133  -0.00337611
1.134  -0.0033654
1.135  -0.00334297
1.136  -0.0033147
1.137  -0.00329438
1.138  -0.0032673
1.139  -0.00324295
1.14  -0.00322579
1.141  -0.00321607
1.142  -0.00320008
1.143  -0.00319075
1.144  -0.00317574
1.145  -0.00314646
1.146  -0.00312369
1.147  -0.00311043
1.148  -0.00309296
1.149  -0.00308083
1.15  -0.00307604
1.151  -0.00304904
1.152  -0.00302295
1.153  -0.00299459
1.154  -0.00296949
1.155  -0.00294162
1.156  -0.00292411
1.157  -0.00292003
1.158  -0.00290277
1.159  -0.00288657
1.16  -0.0028564
1.161  -0.00283866
1.162  -0.00281613
1.163  -0.00280213
1.164  -0.00279121
1.165  -0.00276919
1.166  -0.00274905
1.167  -0.00272718
1.168  -0.00271304
1.169  -0.00269281
1.17  -0.00267192
1.171  -0.00265635
1.172  -0.00263993
1.173  -0.0026347
1.174  -0.00263048
1.175  -0.00261162
1.176  -0.00259421
1.177  -0.00257507
1.178  -0.00257094
1.179  -0.00255705
1.18  -0.00253555
1.181  -0.00251505
1.182  -0.00248869
1.183  -0.00246442
1.184  -0.00245103
1.185  -0.00242902
1.186  -0.00240815
1.187  -0.00238701
1.188  -0.00237507
1.189  -0.00237123
1.19  -0.00235404
1.191  -0.00234615
1.192  -0.00232661
1.193  -0.00231531
1.194  -0.00230324
1.195  -0.00228318
1.196  -0.00227199
1.197  -0.00225458
1.198  -0.00226204
1.199  -0.00225786
1.2  -0.00224624
1.201  -0.00224825
1.202  -0.00223429
1.203  -0.00222893
1.204  -0.00223534
1.205  -0.00223137
1.206  -0.002233
1.207  -0.00222718
1.208  -0.00223043
1.209  -0.00222123
1.21  -0.00220857
1.211  -0.00220753
1.212  -0.00220154
1.213  -0.00219327
1.214  -0.0021946
1.215  -0.00217904
1.216  -0.00216784
1.217  -0.00214626
1.218  -0.00215044
1.219  -0.00215172
1.22  -0.00214136
1.221  -0.00215254
1.222  -0.00215047
1.223  -0.0021415
1.224  -0.00215233
1.225  -0.00214401
1.226  -0.00214374
1.227  -0.00213472
1.228  -0.00215175
1.229  -0.00215608
1.23  -0.00215365
1.231  -0.00215983
1.232  -0.00215604
1.233  -0.00215606
1.234  -0.00217359
1.235  -0.00218181
1.236  -0.00218905
1.237  -0.00218335
1.238  -0.00218055
1.239  -0.00217306
1.24  -0.00215851
1.241  -0.00215726
1.242  -0.00216363
1.243  -0.00214728
1.244  -0.00215598
1.245  -0.00214392
1.246  -0.00213348
1.247  -0.00211786
1.248  -0.00212213
1.249  -0.0021202
1.25  -0.00211344
1.251  -0.00212239
1.252  -0.00211999
1.253  -0.0021134
1.254  -0.00211449
1.255  -0.00210895
1.256  -0.00211307
1.257  -0.00210971
1.258  -0.00212302
1.259  -0.00213801
1.26  -0.00213966
1.261  -0.00213161
1.262  -0.00213115
1.263  -0.00212489
1.264  -0.0021389
1.265  -0.00214604
1.266  -0.00214961
1.267  -0.00215342
1.268  -0.00215492
1.269  -0.00214407
1.27  -0.002131
1.271  -0.00212272
1.272  -0.00212582
1.273  -0.00211817
1.274  -0.00212669
1.275  -0.0021137
1.276  -0.00210685
1.277  -0.00210206
1.278  -0.00210581
1.279  -0.00209592
1.28  -0.00209585
1.281  -0.0021033
1.282  -0.00209987
1.283  -0.00209209
1.284  -0.00208532
1.285  -0.00208098
1.286  -0.00207259
1.287  -0.00206132
1.288  -0.00207079
1.289  -0.00207931
1.29  -0.00207633
1.291  -0.00206772
1.292  -0.00207039
1.293  -0.00205986
1.294  -0.00206365
1.295  -0.00206965
1.296  -0.00206189
1.297  -0.00205367
1.298  -0.00205456
1.299  -0.0020435
1.3  -0.00202475
1.301  -0.00201994
1.302  -0.00201657
1.303  -0.00201656
1.304  -0.0020253
1.305  -0.00201073
1.306  -0.00200389
1.307  -0.00199762
1.308  -0.00199399
1.309  -0.00199146
1.31  -0.00199042
1.311  -0.00198869
1.312  -0.00198507
1.313  -0.00199309
1.314  -0.00198967
1.315  -0.00198555
1.316  -0.00197077
1.317  -0.00195572
1.318  -0.00196188
1.319  -0.00197199
1.32  -0.0019603
1.321  -0.00194841
1.322  -0.00194262
1.323  -0.00192636
1.324  -0.00193893
1.325  -0.00194142
1.326  -0.00193768
1.327  -0.00193703
1.328  -0.00194091
1.329  -0.0019357
1.33  -0.00192072
1.331  -0.00191889
1.332  -0.00189623
1.333  -0.00189455
1.334  -0.00190665
1.335  -0.00190638
1.336  -0.00191158
1.337  -0.00190874
1.338  -0.00190297
1.339  -0.0019141
1.34  -0.00192567
1.341  -0.00192676
1.342  -0.00192915
1.343  -0.00192804
1.344  -0.00193056
1.345  -0.00192599
1.346  -0.00191257
1.347  -0.00190887
1.348  -0.00191003
1.349  -0.0019246
1.35  -0.00191792
1.351  -0.00192145
1.352  -0.0019141
1.353  -0.00189534
1.354  -0.00191282
1.355  -0.00191344
1.356  -0.0019146
1.357  -0.00192022
1.358  -0.00191868
1.359  -0.00191917
1.36  -0.00191668
1.361  -0.00191319
1.362  -0.00190596
1.363  -0.00190765
1.364  -0.00191834
1.365  -0.00192978
1.366  -0.00192934
1.367  -0.00193216
1.368  -0.00192326
1.369  -0.00193448
1.37  -0.00194211
1.371  -0.00195109
1.372  -0.00195144
1.373  -0.00194137
1.374  -0.0019503
1.375  -0.00195698
1.376  -0.00194908
1.377  -0.00195347
1.378  -0.00196226
1.379  -0.00196954
1.38  -0.00197276
1.381  -0.00197557
1.382  -0.00197568
1.383  -0.00197179
1.384  -0.00197859
1.385  -0.00198206
1.386  -0.00198034
1.387  -0.00198576
1.388  -0.00198684
1.389  -0.00199061
1.39  -0.00198862
1.391  -0.00199804
1.392  -0.00199999
1.393  -0.00200881
1.394  -0.00201313
1.395  -0.00202239
1.396  -0.00202334
1.397  -0.00202202
1.398  -0.0020226
1.399  -0.00203093
1.4  -0.00203118
1.401  -0.00203949
1.402  -0.00203138
1.403  -0.00202448
1.404  -0.00203621
1.405  -0.00204255
1.406  -0.00204547
1.407  -0.00205113
1.408  -0.00206192
1.409  -0.00206384
1.41  -0.00206423
1.411  -0.00206566
1.412  -0.00205876
1.413  -0.00205483
1.414  -0.00205302
1.415  -0.00205351
1.416  -0.00204504
1.417  -0.00204421
1.418  -0.0020364
1.419  -0.00204103
1.42  -0.00204095
1.421  -0.00205267
1.422  -0.0020692
1.423  -0.00206956
1.424  -0.00207186
1.425  -0.00207263
1.426  -0.00206828
1.427  -0.00207352
1.428  -0.00208477
1.429  -0.00208856
1.43  -0.00208149
1.431  -0.00208967
1.432  -0.00208274
1.433  -0.00207899
1.434  -0.00207504
1.435  -0.00208154
1.436  -0.00208036
1.437  -0.00208638
1.438  -0.00209721
1.439  -0.00209658
1.44  -0.00209825
1.441  -0.00209069
1.442  -0.00207929
1.443  -0.00207934
1.444  -0.00207957
1.445  -0.00207987
1.446  -0.00207188
1.447  -0.00205785
1.448  -0.00205864
1.449  -0.00207001
1.45  -0.00206307
1.451  -0.00206972
1.452  -0.00208608
1.453  -0.002098
1.454  -0.00210453
1.455  -0.00210763
1.456  -0.00211759
1.457  -0.00212422
1.458  -0.0021384
1.459  -0.00214916
1.46  -0.00214713
1.461  -0.00216681
1.462  -0.00217067
1.463  -0.0021872
1.464  -0.0021944
1.465  -0.0022001
1.466  -0.00221204
1.467  -0.0022215
1.468  -0.0022284
1.469  -0.00224289
1.47  -0.00225414
1.471  -0.0022538
1.472  -0.00225639
1.473  -0.00226103
1.474  -0.00227652
1.475  -0.00227475
1.476  -0.00227643
1.477  -0.00226037
1.478  -0.00225945
1.479  -0.00228087
1.48  -0.00228197
1.481  -0.00228027
1.482  -0.00227562
1.483  -0.00227596
1.484  -0.00228182
1.485  -0.0022895
1.486  -0.00230615
1.487  -0.00232049
1.488  -0.00233974
1.489  -0.00236263
1.49  -0.00236997
1.491  -0.00237861
1.492  -0.00238649
1.493  -0.0023806
1.494  -0.00239584
1.495  -0.0024036
1.496  -0.00242224
1.497  -0.00242066
1.498  -0.00242291
1.499  -0.00244169
1.5  -0.00246189
1.501  -0.00248915
1.502  -0.00250105
1.503  -0.00251505
1.504  -0.00254051
1.505  -0.0025371
1.506  -0.00254318
1.507  -0.00254005
1.508  -0.00253144
1.509  -0.00254763
1.51  -0.00255904
1.511  -0.002543
1.512  -0.00255909
1.513  -0.00256034
1.514  -0.00257456
1.515  -0.00258213
1.516  -0.00261454
1.517  -0.00262696
1.518  -0.00263043
1.519  -0.00264869
1.52  -0.00263861
1.521  -0.00264702
1.522  -0.00265114
1.523  -0.00263286
1.524  -0.00261283
1.525  -0.00262802
1.526  -0.00264143
1.527  -0.00263047
1.528  -0.00262899
1.529  -0.00264934
1.53  -0.00268967
1.531  -0.00270804
1.532  -0.00271801
1.533  -0.00270729
1.534  -0.00271966
1.535  -0.00269314
1.536  -0.00270014
1.537  -0.00270845
1.538  -0.00270958
1.539  -0.00273333
1.54  -0.00273731
1.541  -0.00272105
1.542  -0.00272607
1.543  -0.00275436
1.544  -0.0027432
1.545  -0.00273191
1.546  -0.00274882
1.547  -0.00275089
1.548  -0.00273459
1.549  -0.00277403
1.55  -0.00281603
1.551  -0.0028674
1.552  -0.00292575
1.553  -0.00297151
1.554  -0.0030405
1.555  -0.00308144
1.556  -0.00312232
1.557  -0.0031632
1.558  -0.00319577
1.559  -0.00324929
1.56  -0.00331667
1.561  -0.0033749
1.562  -0.00342762
1.563  -0.00348035
1.564  -0.00353307
1.565  -0.0035858
1.566  -0.00363852
1.567  -0.00369125
1.568  -0.00369125
1.569  -0.00369125
1.57  -0.00369125
1.571  -0.00369125
1.572  -0.00369125
1.573  -0.00369125
1.574  -0.00369125
1.575  -0.00369125
1.576  -0.00369125
1.577  -0.00369125
1.578  -0.00369125
1.579  -0.00369125
1.58  -0.00369125
1.581  -0.00369125
1.582  -0.00369125
1.583  -0.00369125
1.584  -0.00369125
1.585  -0.00369125
1.586  -0.00369125
1.587  -0.00369125
1.588  -0.00369125
1.589  -0.00369125
1.59  -0.00369125
1.591  -0.00369125
1.592  -0.00369125
1.593  -0.00369125
1.594  -0.00369125
1.595  -0.00369125
1.596  -0.00369125
1.597  -0.00369125
1.598  -0.00369125
1.599  -0.00369125
1.6  -0.00369125
1.601  -0.00369125
1.602  -0.00369125
1.603  -0.00369125
1.604  -0.00369125
1.605  -0.00369125
1.606  -0.00369125
1.607  -0.00369125
1.608  -0.00369125
1.609  -0.00369125
1.61  -0.00369125
1.611  -0.00369125
1.612  -0.00369125
1.613  -0.00369125
1.614  -0.00369125
1.615  -0.00369125
1.616  -0.00369125
1.617  -0.00369125
1.618  -0.00369125
1.619  -0.00369125
1.62  -0.00369125
1.621  -0.00369125
1.622  -0.00369125
1.623  -0.00369125
1.624  -0.00369125
1.625  -0.00369125
1.626  -0.00369125
1.627  -0.00369125
1.628  -0.00369125
1.629  -0.00369125
1.63  -0.00369125
1.631  -0.00369125
1.632  -0.00369125
1.633  -0.00369125
1.634  -0.00369125
1.635  -0.00369125
1.636  -0.00369125
1.637  -0.00369125
1.638  -0.00369125
1.639  -0.00369125
1.64  -0.00369125
1.641  -0.00369125
1.642  -0.00369125
1.643  -0.00369125
1.644  -0.00369125
1.645  -0.00369125
1.646  -0.00369125
1.647  -0.00369125
1.648  -0.00369125
1.649  -0.00369125
1.65  -0.00369125
1.651  -0.00369125
1.652  -0.00369125
1.653  -0.00369125
1.654  -0.00369125
1.655  -0.00369125
1.656  -0.00369125
1.657  -0.00369125
1.658  -0.00369125
1.659  -0.00369125
1.66  -0.00369125
1.661  -0.00369125
1.662  -0.00369125
1.663  -0.00369125
1.664  -0.00369125
1.665  -0.00369125
1.666  -0.00369125
1.667  -0.00369125
1.668  -0.00369125
1.669  -0.00369125
1.67  -0.00369125
1.671  -0.00369125
1.672  -0.00369125
1.673  -0.00369125
1.674  -0.00369125
1.675  -0.00369125
1.676  -0.00369125
1.677  -0.00369125
1.678  -0.00369125
1.679  -0.00369125
1.68  -0.00369125
1.681  -0.00369125
1.682  -0.00369125
1.683  -0.00369125
1.684  -0.00369125
1.685  -0.00369125
1.686  -0.00369125
1.687  -0.00369125
1.688  -0.00369125
1.689  -0.00369125
1.69  -0.00369125
1.691  -0.00369125
1.692  -0.00369125
1.693  -0.00369125
1.694  -0.00369125
1.695  -0.00369125
1.696  -0.00369125
1.697  -0.00369125
1.698  -0.00369125
1.699  -0.00369125
1.7  -0.00369125
1.701  -0.00369125
1.702  -0.00369125
1.703  -0.00369125
1.704  -0.00369125
1.705  -0.00369125
1.706  -0.00369125
1.707  -0.00369125
1.708  -0.00369125
1.709  -0.00369125
1.71  -0.00369125
1.711  -0.00369125
1.712  -0.00369125
1.713  -0.00369125
1.714  -0.00369125
1.715  -0.00369125
1.716  -0.00369125
1.717  -0.00369125
1.718  -0.00369125
1.719  -0.00369125
1.72  -0.00369125
1.721  -0.00369125
1.722  -0.00369125
1.723  -0.00369125
1.724  -0.00369125
1.725  -0.00369125
1.726  -0.00369125
1.727  -0.00369125
1.728  -0.00369125
1.729  -0.00369125
1.73  -0.00369125
1.731  -0.00369125
1.732  -0.00369125
1.733  -0.00369125
1.734  -0.00369125
1.735  -0.00369125
1.736  -0.00369125
1.737  -0.00369125
1.738  -0.00369125
1.739  -0.00369125
1.74  -0.00369125
1.741  -0.00369125
1.742  -0.00369125
1.743  -0.00369125
1.744  -0.00369125
1.745  -0.00369125
1.746  -0.00369125
1.747  -0.00369125
1.748  -0.00369125
1.749  -0.00369125
1.75  -0.00369125
1.751  -0.00369125
1.752  -0.00369125
1.753  -0.00369125
1.754  -0.00369125
1.755  -0.00369125
1.756  -0.00369125
1.757  -0.00369125
1.758  -0.00369125
1.759  -0.00369125
1.76  -0.00369125
1.761  -0.00369125
1.762  -0.00369125
1.763  -0.00369125
1.764  -0.00369125
1.765  -0.00369125
1.766  -0.00369125
1.767  -0.00369125
1.768  -0.00369125
1.769  -0.00369125
1.77  -0.00369125
1.771  -0.00369125
1.772  -0.00369125
1.773  -0.00369125
1.774  -0.00369125
1.775  -0.00369125
1.776  -0.00369125
1.777  -0.00369125
1.778  -0.00369125
1.779  -0.00369125
1.78  -0.00369125
1.781  -0.00369125
1.782  -0.00369125
1.783  -0.00369125
1.784  -0.00369125
1.785  -0.00369125
1.786  -0.00369125
1.787  -0.00369125
1.788  -0.00369125
1.789  -0.00369125
1.79  -0.00369125
1.791  -0.00369125
1.792  -0.00369125
1.793  -0.00369125
1.794  -0.00369125
1.795  -0.00369125
1.796  -0.00369125
1.797  -0.00369125
1.798  -0.00369125
1.799  -0.00369125
1.8  -0.00369125
1.801  -0.00369125
1.802  -0.00369125
1.803  -0.00369125
1.804  -0.00369125
1.805  -0.00369125
1.806  -0.00369125
1.807  -0.00369125
1.808  -0.00369125
1.809  -0.00369125
1.81  -0.00369125
1.811  -0.00369125
1.812  -0.00369125
1.813  -0.00369125
1.814  -0.00369125
1.815  -0.00369125
1.816  -0.00369125
1.817  -0.00369125
1.818  -0.00369125
1.819  -0.00369125
1.82  -0.00369125
1.821  -0.00369125
1.822  -0.00369125
1.823  -0.00369125
1.824  -0.00369125
1.825  -0.00369125
1.826  -0.00369125
1.827  -0.00369125
1.828  -0.00369125
1.829  -0.00369125
1.83  -0.00369125
1.831  -0.00369125
1.832  -0.00369125
1.833  -0.00369125
1.834  -0.00369125
1.835  -0.00369125
1.836  -0.00369125
1.837  -0.00369125
1.838  -0.00369125
1.839  -0.00369125
1.84  -0.00369125
1.841  -0.00369125
1.842  -0.00369125
1.843  -0.00369125
1.844  -0.00369125
1.845  -0.00369125
1.846  -0.00369125
1.847  -0.00369125
1.848  -0.00369125
1.849  -0.00369125
1.85  -0.00369125
1.851  -0.00369125
1.852  -0.00369125
1.853  -0.00369125
1.854  -0.00369125
1.855  -0.00369125
1.856  -0.00369125
1.857  -0.00369125
1.858  -0.00369125
1.859  -0.00369125
1.86  -0.00369125
1.861  -0.00369125
1.862  -0.00369125
1.863  -0.00369125
1.864  -0.00369125
1.865  -0.00369125
1.866  -0.00369125
1.867  -0.00369125
1.868  -0.00369125
1.869  -0.00369125
1.87  -0.00369125
1.871  -0.00369125
1.872  -0.00369125
1.873  -0.00369125
1.874  -0.00369125
1.875  -0.00369125
1.876  -0.00369125
1.877  -0.00369125
1.878  -0.00369125
1.879  -0.00369125
1.88  -0.00369125
1.881  -0.00369125
1.882  -0.00369125
1.883  -0.00369125
1.884  -0.00369125
1.885  -0.00369125
1.886  -0.00369125
1.887  -0.00369125
1.888  -0.00369125
1.889  -0.00369125
1.89  -0.00369125
1.891  -0.00369125
1.892  -0.00369125
1.893  -0.00369125
1.894  -0.00369125
1.895  -0.00369125
1.896  -0.00369125
1.897  -0.00369125
1.898  -0.00369125
1.899  -0.00369125
1.9  -0.00369125
1.901  -0.00369125
1.902  -0.00369125
1.903  -0.00369125
1.904  -0.00369125
1.905  -0.00369125
1.906  -0.00369125
1.907  -0.00369125
1.908  -0.00369125
1.909  -0.00369125
1.91  -0.00369125
1.911  -0.00369125
1.912  -0.00369125
1.913  -0.00369125
1.914  -0.00369125
1.915  -0.00369125
1.916  -0.00369125
1.917  -0.00369125
1.918  -0.00369125
1.919  -0.00369125
1.92  -0.00369125
1.921  -0.00369125
1.922  -0.00369125
1.923  -0.00369125
1.924  -0.00369125
1.925  -0.00369125
1.926  -0.00369125
1.927  -0.00369125
1.928  -0.00369125
1.929  -0.00369125
1.93  -0.00369125
1.931  -0.00369125
1.932  -0.00369125
1.933  -0.00369125
1.934  -0.00369125
1.935  -0.00369125
1.936  -0.00369125
1.937  -0.00369125
1.938  -0.00369125
1.939  -0.00369125
1.94  -0.00369125
1.941  -0.00369125
1.942  -0.00369125
1.943  -0.00369125
1.944  -0.00369125
1.945  -0.00369125
1.946  -0.00369125
1.947  -0.00369125
1.948  -0.00369125
1.949  -0.00369125
1.95  -0.00369125
1.951  -0.00369125
1.952  -0.00369125
1.953  -0.00369125
1.954  -0.00369125
1.955  -0.00369125
1.956  -0.00369125
1.957  -0.00369125
1.958  -0.00369125
1.959  -0.00369125
1.96  -0.00369125
1.961  -0.00369125
1.962  -0.00369125
1.963  -0.00369125
1.964  -0.00369125
1.965  -0.00369125
1.966  -0.00369125
1.967  -0.00369125
1.968  -0.00369125
1.969  -0.00369125
1.97  -0.00369125
1.971  -0.00369125
1.972  -0.00369125
1.973  -0.00369125
1.974  -0.00369125
1.975  -0.00369125
1.976  -0.00369125
1.977  -0.00369125
1.978  -0.00369125
1.979  -0.00369125
1.98  -0.00369125
1.981  -0.00369125
1.982  -0.00369125
1.983  -0.00369125
1.984  -0.00369125
1.985  -0.00369125
1.986  -0.00369125
1.987  -0.00369125
1.988  -0.00369125
1.989  -0.00369125
1.99  -0.00369125
1.991  -0.00369125
1.992  -0.00369125
1.993  -0.00369125
1.994  -0.00369125
1.995  -0.00369125
1.996  -0.00369125
1.997  -0.00369125
1.998  -0.00369125
1.999  -0.00369125
2  -0.00369125
2.001  -0.00369125
2.002  -0.00369125
2.003  -0.00369125
2.004  -0.00369125
2.005  -0.00369125
2.006  -0.00369125
2.007  -0.00369125
2.008  -0.00369125
2.009  -0.00369125
2.01  -0.00369125
2.011  -0.00369125
2.012  -0.00369125
2.013  -0.00369125
2.014  -0.00369125
2.015  -0.00369125
2.016  -0.00369125
2.017  -0.00369125
2.018  -0.00369125
2.019  -0.00369125
2.02  -0.00369125
2.021  -0.00369125
2.022  -0.00369125
2.023  -0.00369125
2.024  -0.00369125
2.025  -0.00369125
2.026  -0.00369125
2.027  -0.00369125
2.028  -0.00369125
2.029  -0.00369125
2.03  -0.00369125
2.031  -0.00369125
2.032  -0.00369125
2.033  -0.00369125
2.034  -0.00369125
2.035  -0.00369125
2.036  -0.00369125
2.037  -0.00369125
2.038  -0.00369125
2.039  -0.00369125
2.04  -0.00369125
2.041  -0.00369125
2.042  -0.00369125
2.043  -0.00369125
2.044  -0.00369125
2.045  -0.00369125
2.046  -0.00369125
2.047  -0.00369125
2.048  -0.00369125
2.049  -0.00369125
2.05  -0.00369125
2.051  -0.00369125
2.052  -0.00369125
2.053  -0.00369125
2.054  -0.00369125
2.055  -0.00369125
2.056  -0.00369125
2.057  -0.00369125
2.058  -0.00369125
2.059  -0.00369125
2.06  -0.00369125
2.061  -0.00369125
2.062  -0.00369125
2.063  -0.00369125
2.064  -0.00369125
2.065  -0.00369125
2.066  -0.00369125
2.067  -0.00369125
2.068  -0.00369125
2.069  -0.00369125
2.07  -0.00369125
2.071  -0.00369125
2.072  -0.00369125
2.073  -0.00369125
2.074  -0.00369125
2.075  -0.00369125
2.076  -0.00369125
2.077  -0.00369125
2.078  -0.00369125
2.079  -0.00369125
2.08  -0.00369125
2.081  -0.00369125
2.082  -0.00369125
2.083  -0.00369125
2.084  -0.00369125
2.085  -0.00369125
2.086  -0.00369125
2.087  -0.00369125
2.088  -0.00369125
2.089  -0.00369125
2.09  -0.00369125
2.091  -0.00369125
2.092  -0.00369125
2.093  -0.00369125
2.094  -0.00369125
2.095  -0.00369125
2.096  -0.00369125
2.097  -0.00369125
2.098  -0.00369125
2.099  -0.00369125
2.1  -0.00369125
2.101  -0.00369125
2.102  -0.00369125
2.103  -0.00369125
2.104  -0.00369125
2.105  -0.00369125
2.106  -0.00369125
2.107  -0.00369125
2.108  -0.00369125
2.109  -0.00369125
2.11  -0.00369125
2.111  -0.00369125
2.112  -0.00369125
2.113  -0.00369125
2.114  -0.00369125
2.115  -0.00369125
2.116  -0.00369125
2.117  -0.00369125
2.118  -0.00369125
2.119  -0.00369125
2.12  -0.00369125
2.121  -0.00369125
2.122  -0.00369125
2.123  -0.00369125
2.124  -0.00369125
2.125  -0.00369125
2.126  -0.00369125
2.127  -0.00369125
2.128  -0.00369125
2.129  -0.00369125
2.13  -0.00369125
2.131  -0.00369125
2.132  -0.00369125
2.133  -0.00369125
2.134  -0.00369125
2.135  -0.00369125
2.136  -0.00369125
2.137  -0.00369125
2.138  -0.00369125
2.139  -0.00369125
2.14  -0.00369125
2.141  -0.00369125
2.142  -0.00369125
2.143  -0.00369125
2.144  -0.00369125
2.145  -0.00369125
2.146  -0.00369125
2.147  -0.00369125
2.148  -0.00369125
2.149  -0.00369125
2.15  -0.00369125
2.151  -0.00369125
2.152  -0.00369125
2.153  -0.00369125
2.154  -0.00369125
2.155  -0.00369125
2.156  -0.00369125
2.157  -0.00369125
2.158  -0.00369125
2.159  -0.00369125
2.16  -0.00369125
2.161  -0.00369125
2.162  -0.00369125
2.163  -0.00369125
2.164  -0.00369125
2.165  -0.00369125
2.166  -0.00369125
2.167  -0.00369125
2.168  -0.00369125
2.169  -0.00369125
2.17  -0.00369125
2.171  -0.00369125
2.172  -0.00369125
2.173  -0.00369125
2.174  -0.00369125
2.175  -0.00369125
2.176  -0.00369125
2.177  -0.00369125
2.178  -0.00369125
2.179  -0.00369125
2.18  -0.00369125
2.181  -0.00369125
2.182  -0.00369125
2.183  -0.00369125
2.184  -0.00369125
2.185  -0.00369125
2.186  -0.00369125
2.187  -0.00369125
2.188  -0.00369125
2.189  -0.00369125
2.19  -0.00369125
2.191  -0.00369125
2.192  -0.00369125
2.193  -0.00369125
2.194  -0.00369125
2.195  -0.00369125
2.196  -0.00369125
2.197  -0.00369125
2.198  -0.00369125
2.199  -0.00369125
2.2  -0.00369125
2.201  -0.00369125
2.202  -0.00369125
2.203  -0.00369125
2.204  -0.00369125
2.205  -0.00369125
2.206  -0.00369125
2.207  -0.00369125
2.208  -0.00369125
2.209  -0.00369125
2.21  -0.00369125
2.211  -0.00369125
2.212  -0.00369125
2.213  -0.00369125
2.214  -0.00369125
2.215  -0.00369125
2.216  -0.00369125
2.217  -0.00369125
2.218  -0.00369125
2.219  -0.00369125
2.22  -0.00369125
2.221  -0.00369125
2.222  -0.00369125
2.223  -0.00369125
2.224  -0.00369125
2.225  -0.00369125
2.226  -0.00369125
2.227  -0.00369125
2.228  -0.00369125
2.229  -0.00369125
2.23  -0.00369125
2.231  -0.00369125
2.232  -0.00369125
2.233  -0.00369125
2.234  -0.00369125
2.235  -0.00369125
2.236  -0.00369125
2.237  -0.00369125
2.238  -0.00369125
2.239  -0.00369125
2.24  -0.00369125
2.241  -0.00369125
2.242  -0.00369125
2.243  -0.00369125
2.244  -0.00369125
2.245  -0.00369125
2.246  -0.00369125
2.247  -0.00369125
2.248  -0.00369125
2.249  -0.00369125
2.25  -0.00369125
2.251  -0.00369125
2.252  -0.00369125
2.253  -0.00369125
2.254  -0.00369125
2.255  -0.00369125
2.256  -0.00369125
2.257  -0.00369125
2.258  -0.00369125
2.259  -0.00369125
2.26  -0.00369125
2.261  -0.00369125
2.262  -0.00369125
2.263  -0.00369125
2.264  -0.00369125
2.265  -0.00369125
2.266  -0.00369125
2.267  -0.00369125
2.268  -0.00369125
2.269  -0.00369125
2.27  -0.00369125
2.271  -0.00369125
2.272  -0.00369125
2.273  -0.00369125
2.274  -0.00369125
2.275  -0.00369125
2.276  -0.00369125
2.277  -0.00369125
2.278  -0.00369125
2.279  -0.00369125
2.28  -0.00369125
2.281  -0.00369125
2.282  -0.00369125
2.283  -0.00369125
2.284  -0.00369125
2.285  -0.00369125
2.286  -0.00369125
2.287  -0.00369125
2.288  -0.00369125
2.289  -0.00369125
2.29  -0.00369125
2.291  -0.00369125
2.292  -0.00369125
2.293  -0.00369125
2.294  -0.00369125
2.295  -0.00369125
2.296  -0.00369125
2.297  -0.00369125
2.298  -0.00369125
2.299  -0.00369125
2.3  -0.00369125
2.301  -0.00369125
2.302  -0.00369125
2.303  -0.00369125
2.304  -0.00369125
2.305  -0.00369125
2.306  -0.00369125
2.307  -0.00369125
2.308  -0.00369125
2.309  -0.00369125
2.31  -0.00369125
2.311  -0.00369125
2.312  -0.00369125
2.313  -0.00369125
2.314  -0.00369125
2.315  -0.00369125
2.316  -0.00369125
2.317  -0.00369125
2.318  -0.00369125
2.319  -0.00369125
2.32  -0.00369125
2.321  -0.00369125
2.322  -0.00369125
2.323  -0.00369125
2.324  -0.00369125
2.325  -0.00369125
2.326  -0.00369125
2.327  -0.00369125
2.328  -0.00369125
2.329  -0.00369125
2.33  -0.00369125
2.331  -0.00369125
2.332  -0.00369125
2.333  -0.00369125
2.334  -0.00369125
2.335  -0.00369125
2.336  -0.00369125
2.337  -0.00369125
2.338  -0.00369125
2.339  -0.00369125
2.34  -0.00369125
2.341  -0.00369125
2.342  -0.00369125
2.343  -0.00369125
2.344  -0.00369125
2.345  -0.00369125
2.346  -0.00369125
2.347  -0.00369125
2.348  -0.00369125
2.349  -0.00369125
2.35  -0.00369125
2.351  -0.00369125
2.352  -0.00369125
2.353  -0.00369125
2.354  -0.00369125
2.355  -0.00369125
2.356  -0.00369125
2.357  -0.00369125
2.358  -0.00369125
2.359  -0.00369125
2.36  -0.00369125
2.361  -0.00369125
2.362  -0.00369125
2.363  -0.00369125
2.364  -0.00369125
2.365  -0.00369125
2.366  -0.00369125
2.367  -0.00369125
2.368  -0.00369125
2.369  -0.00369125
2.37  -0.00369125
2.371  -0.00369125
2.372  -0.00369125
2.373  -0.00369125
2.374  -0.00369125
2.375  -0.00369125
2.376  -0.00369125
2.377  -0.00369125
2.378  -0.00369125
2.379  -0.00369125
2.38  -0.00369125
2.381  -0.00369125
2.382  -0.00369125
2.383  -0.00369125
2.384  -0.00369125
2.385  -0.00369125
2.386  -0.00369125
2.387  -0.00369125
2.388  -0.00369125
2.389  -0.00369125
2.39  -0.00369125
2.391  -0.00369125
2.392  -0.00369125
2.393  -0.00369125
2.394  -0.00369125
2.395  -0.00369125
2.396  -0.00369125
2.397  -0.00369125
2.398  -0.00369125
2.399  -0.00369125
2.4  -0.00369125
2.401  -0.00369125
2.402  -0.00369125
2.403  -0.00369125
2.404  -0.00369125
2.405  -0.00369125
2.406  -0.00369125
2.407  -0.00369125
2.408  -0.00369125
2.409  -0.00369125
2.41  -0.00369125
2.411  -0.00369125
2.412  -0.00369125
2.413  -0.00369125
2.414  -0.00369125
2.415  -0.00369125
2.416  -0.00369125
2.417  -0.00369125
2.418  -0.00369125
2.419  -0.00369125
2.42  -0.00369125
2.421  -0.00369125
2.422  -0.00369125
2.423  -0.00369125
2.424  -0.00369125
2.425  -0.00369125
2.426  -0.00369125
2.427  -0.00369125
2.428  -0.00369125
2.429  -0.00369125
2.43  -0.00369125
2.431  -0.00369125
2.432  -0.00369125
2.433  -0.00369125
2.434  -0.00369125
2.435  -0.00369125
2.436  -0.00369125
2.437  -0.00369125
2.438  -0.00369125
2.439  -0.00369125
2.44  -0.00369125
2.441  -0.00369125
2.442  -0.00369125
2.443  -0.00369125
2.444  -0.00369125
2.445  -0.00369125
2.446  -0.00369125
2.447  -0.00369125
2.448  -0.00369125
2.449  -0.00369125
2.45  -0.00369125
2.451  -0.00369125
2.452  -0.00369125
2.453  -0.00369125
2.454  -0.00369125
2.455  -0.00369125
2.456  -0.00369125
2.457  -0.00369125
2.458  -0.00369125
2.459  -0.00369125
2.46  -0.00369125
2.461  -0.00369125
2.462  -0.00369125
2.463  -0.00369125
2.464  -0.00369125
2.465  -0.00369125
2.466  -0.00369125
2.467  -0.00369125
2.468  -0.00369125
2.469  -0.00369125
2.47  -0.00369125
2.471  -0.00369125
2.472  -0.00369125
2.473  -0.00369125
2.474  -0.00369125
2.475  -0.00369125
2.476  -0.00369125
2.477  -0.00369125
2.478  -0.00369125
2.479  -0.00369125
2.48  -0.00369125
2.481  -0.00369125
2.482  -0.00369125
2.483  -0.00369125
2.484  -0.00369125
2.485  -0.00369125
2.486  -0.00369125
2.487  -0.00369125
2.488  -0.00369125
2.489  -0.00369125
2.49  -0.00369125
2.491  -0.00369125
2.492  -0.00369125
2.493  -0.00369125
2.494  -0.00369125
2.495  -0.00369125
2.496  -0.00369125
2.497  -0.00369125
2.498  -0.00369125
2.499  -0.00369125
