-2 4.24219
-1.99 0.255728
-1.98 3.76776
-1.97 -0.00451025
-1.96 -0.0204157
-1.95 -0.00319389
-1.94 -0.00430149
-1.93 0.0675679
-1.92 -0.00459909
-1.91 -0.0593188
-1.9 -0.0390159
-1.89 -0.00380885
-1.88 5.94556
-1.87 -0.000975325
-1.86 -0.00212758
-1.85 7.33724
-1.84 -0.0018062
-1.83 -0.00104481
-1.82 2.68316
-1.81 -0.0046319
-1.8 -0.000871346
-1.79 -0.00450871
-1.78 -0.00400739
-1.77 -0.00157031
-1.76 0.876011
-1.75 2.25962
-1.74 -0.00452146
-1.73 -0.00589672
-1.72 -0.00604309
-1.71 -0.00560378
-1.7 -0.00653017
-1.69 -0.00472602
-1.68 -0.00625172
-1.67 1.17835
-1.66 -0.00455843
-1.65 -0.179165
-1.64 2.21207
-1.63 -0.00493383
-1.62 -0.00684799
-1.61 -0.00535246
-1.6 -0.00909376
-1.59 -0.00877058
-1.58 0.0999451
-1.57 4.7345
-1.56 -0.00591815
-1.55 3.68492
-1.54 4.08549
-1.53 0.224748
-1.52 2.58892
-1.51 5.23263
-1.5 -0.0064911
-1.49 2.78914
-1.48 -0.0049157
-1.47 -0.00511671
-1.46 3.30761
-1.45 4.95506
-1.44 2.63293
-1.43 3.78766
-1.42 4.76223
-1.41 3.10425
-1.4 3.49201
-1.39 3.52111
-1.38 -0.00525786
-1.37 -0.0793763
-1.36 -0.0606341
-1.35 -0.002718
-1.34 -0.0485579
-1.33 0.000193469
-1.32 0.000149504
-1.31 0.000479515
-1.3 0.0005741
-1.29 2.52902e-05
-1.28 0.000365952
-1.27 0.000652495
-1.26 -4.007e-06
-1.25 0.00037099
-1.24 0.000641982
-1.23 5.20004e-06
-1.22 0.000429119
-1.21 0.000633739
-1.2 -8.67419e-06
-1.19 0.000486002
-1.18 0.000647138
-1.17 -2.6079e-05
-1.16 0.000519068
-1.15 0.000607158
-1.14 -5.32147e-05
-1.13 0.000520832
-1.12 0.000667664
-1.11 -1.75196e-05
-1.1 0.000496666
-1.09 0.000591313
-1.08 1.65143e-05
-1.07 0.000510454
-1.06 0.000582149
-1.05 -1.32242e-05
-1.04 0.000489962
-1.03 0.000572341
-1.02 6.10369e-05
-1.01 0.000453886
-1 0.000607221
-0.99 3.62247e-05
-0.98 0.000382305
-0.97 0.00057919
-0.96 -9.82752e-07
-0.95 0.000396054
-0.94 0.000654324
-0.93 -5.64748e-06
-0.92 0.00037738
-0.91 0.000648447
-0.9 -4.20481e-05
-0.89 0.000405554
-0.88 0.000674399
-0.87 -1.19126e-05
-0.86 0.000442293
-0.85 0.000621188
-0.84 1.56564e-05
-0.83 0.000383054
-0.82 0.000591024
-0.81 -5.57153e-06
-0.8 0.000398868
-0.79 0.000624272
-0.78 2.95603e-05
-0.77 0.000454295
-0.76 0.000655587
-0.75 0.000128792
-0.74 0.000549975
-0.73 0.000638775
-0.72 0.000129502
-0.71 0.00058027
-0.7 0.000689164
-0.69 9.60306e-05
-0.68 0.000547839
-0.67 0.000667625
-0.66 6.68358e-05
-0.65 0.000508604
-0.64 0.000622627
-0.63 1.1409e-05
-0.62 0.000548337
-0.61 0.000674835
-0.6 2.11804e-05
-0.59 0.000563765
-0.58 0.000614378
-0.57 6.52809e-05
-0.56 0.000503523
-0.55 0.000581563
-0.54 -1.85179e-05
-0.53 0.000484611
-0.52 0.000586753
-0.51 -6.66033e-05
-0.5 0.000418494
-0.49 0.000584585
-0.48 -2.83722e-05
-0.47 0.000438375
-0.46 0.000564693
-0.45 -5.57374e-06
-0.44 0.00041207
-0.43 0.000604165
-0.42 -2.75076e-05
-0.41 0.000483454
-0.4 0.000665079
-0.39 -1.6119e-05
-0.38 0.000509387
-0.37 0.000649675
-0.36 -3.90714e-05
-0.35 0.000573768
-0.34 0.000735142
-0.33 -3.64627e-05
-0.32 0.000682482
-0.31 0.000743644
-0.3 -7.40346e-05
-0.29 0.000747382
-0.28 0.000729086
-0.27 -1.1976e-05
-0.26 0.000736814
-0.25 0.000693696
-0.24 7.13902e-05
-0.23 0.000700031
-0.22 0.000695454
-0.21 0.000114677
-0.2 0.000730596
-0.19 0.000695159
-0.18 0.000124086
-0.17 0.000652898
-0.16 0.000620243
-0.15 5.08756e-05
-0.14 0.000565824
-0.13 0.000641005
-0.12 -3.7898e-05
-0.11 -0.00319939
-0.1 -0.0359644
-0.09 -0.128713
-0.08 -0.265575
-0.07 -0.427599
-0.06 -0.58621
-0.05 -0.725309
-0.04 -0.839083
-0.03 -0.920983
-0.02 -0.973149
-0.01 -0.996997
0 -0.996376
0.01 -0.975298
0.02 -0.941893
0.03 -0.902204
0.04 -0.857858
0.05 -0.810677
0.06 -0.764379
0.07 -0.718643
0.08 -0.674787
0.09 -0.634888
0.1 -0.597154
0.11 -0.561498
0.12 -0.529343
0.13 -0.498649
0.14 -0.469213
0.15 -0.441977
0.16 -0.414568
0.17 -0.387498
0.18 -0.361926
0.19 -0.33632
0.2 -0.311872
0.21 -0.289876
0.22 -0.269165
0.23 -0.250593
0.24 -0.235069
0.25 -0.220787
0.26 -0.207926
0.27 -0.19703
0.28 -0.185817
0.29 -0.175097
0.3 -0.165072
0.31 -0.154408
0.32 -0.143816
0.33 -0.134457
0.34 -0.125152
0.35 -0.116489
0.36 -0.109606
0.37 -0.102998
0.38 -0.0968657
0.39 -0.0922701
0.4 -0.0871833
0.41 -0.0822758
0.42 -0.0782144
0.43 -0.0734126
0.44 -0.0681575
0.45 -0.06369
0.46 -0.0589369
0.47 -0.0542309
0.48 -0.0507287
0.49 -0.047017
0.5 -0.0437653
0.51 -0.0415959
0.52 -0.0388376
0.53 -0.0362156
0.54 -0.0345308
0.55 -0.031924
0.56 -0.0294671
0.57 -0.0276736
0.58 -0.0249683
0.59 -0.022625
0.6 -0.021106
0.61 -0.0190856
0.62 -0.0173486
0.63 -0.0167855
0.64 -0.0153688
0.65 -0.0144359
0.66 -0.0143165
0.67 -0.0130763
0.68 -0.012437
0.69 -0.0124759
0.7 -0.0114116
0.71 -0.0106703
0.72 -0.0109101
0.73 -0.0101082
0.74 -0.00964218
0.75 -0.0102871
0.76 -0.00994921
0.77 -0.00988532
0.78 -0.0107033
0.79 -0.0105908
0.8 -0.0106336
0.81 -0.0113561
0.82 -0.0111671
0.83 -0.0111104
0.84 -0.011825
0.85 -0.0117142
0.86 -0.0116917
0.87 -0.012492
0.88 -0.0124388
0.89 -0.0124588
0.9 -0.0133357
0.91 -0.0132746
0.92 -0.0131234
0.93 -0.0137979
0.94 -0.0135555
0.95 -0.0134065
0.96 -0.0138437
0.97 -0.0136115
0.98 -0.0133359
0.99 -0.0136935
1 -0.0133643
1.01 -0.0132364
1.02 -0.0134228
1.03 -0.0130351
1.04 -0.0127572
1.05 -0.0129686
1.06 -0.0125192
1.07 -0.0120289
1.08 -0.0119749
1.09 -0.0112881
1.1 -0.011028
1.11 -0.0107114
1.12 -0.00995389
1.13 -0.00958908
1.14 -0.00894116
1.15 0.013309
1.16 -0.00798902
1.17 0.00455028
1.18 -0.0110075
1.19 -0.00687961
1.2 0.0280411
1.21 -0.00870023
1.22 -0.0102199
1.23 0.148498
1.24 -92.9799
1.25 -0.0039345
1.26 -0.00325208
1.27 -0.00114168
1.28 -0.000385799
1.29 0.000950882
1.3 0.0041712
1.31 0.00572387
1.32 0.00997557
1.33 1.90369
1.34 0.0145686
1.35 0.0228891
1.36 0.0759466
1.37 -12.705
1.38 0.0245044
1.39 2.49601
1.4 0.0733458
1.41 0.749579
1.42 2.58975
1.43 4.46964
1.44 -0.10537
1.45 2.85663
1.46 0.198215
1.47 0.00499942
1.48 0.00295788
1.49 4.16904
1.5 -0.00215418
1.51 0.00656444
1.52 0.0864807
1.53 1.01892
1.54 0.0430232
1.55 0.0368483
1.56 -1.85721
1.57 -0.00135229
1.58 -0.00972904
1.59 3.25202
1.6 6.3904
1.61 0.389633
1.62 0.576583
1.63 0
1.64 0
1.65 0
1.66 0
1.67 0
1.68 0
1.69 0
1.7 0
1.71 0
1.72 0
1.73 0
1.74 0
1.75 0
1.76 0
1.77 0
1.78 0
1.79 0
1.8 0
1.81 0
1.82 0
1.83 0
1.84 0
1.85 0
1.86 0
1.87 0
1.88 0
1.89 0
1.9 0
1.91 0
1.92 0
1.93 0
1.94 0
1.95 0
1.96 0
1.97 0
1.98 0
1.99 0
