-2 -0.00207934
-1.99 -0.00383886
-1.98 -0.00297685
-1.97 -0.0023552
-1.96 -0.00385596
-1.95 -0.00311073
-1.94 -0.00325974
-1.93 -0.00369418
-1.92 -0.00345916
-1.91 -0.00407801
-1.9 -0.00342114
-1.89 -0.0043995
-1.88 -0.00478741
-1.87 0.136452
-1.86 -0.00475383
-1.85 -0.00494022
-1.84 -0.00288404
-1.83 -0.00448383
-1.82 -0.00488501
-1.81 -0.00370721
-1.8 -0.00481725
-1.79 -0.00423523
-1.78 -0.00379545
-1.77 -0.0219097
-1.76 -0.00461851
-1.75 -0.0718771
-1.74 -0.0056407
-1.73 -0.0047365
-1.72 -0.00523882
-1.71 -0.00528802
-1.7 -0.00519985
-1.69 0.0176284
-1.68 -0.00534766
-1.67 -0.0057286
-1.66 -0.00463689
-1.65 -0.0058765
-1.64 -0.0052372
-1.63 -0.00350937
-1.62 -0.00669472
-1.61 -0.00702538
-1.6 -0.00457654
-1.59 -0.00722755
-1.58 -0.00572239
-1.57 -0.00378509
-1.56 -0.00693464
-1.55 -0.00593048
-1.54 -0.00430343
-1.53 -0.00615049
-1.52 -0.00477206
-1.51 -0.00573262
-1.5 -0.00691595
-1.49 -0.00603029
-1.48 -0.00479468
-1.47 -0.00679904
-1.46 -0.00544555
-1.45 -0.00587643
-1.44 -0.00714308
-1.43 -0.00640758
-1.42 -0.00637602
-1.41 -0.0076655
-1.4 -0.00824088
-1.39 -0.00604569
-1.38 -0.00705286
-1.37 -0.00895218
-1.36 -0.00781576
-1.35 4.3888
-1.34 -0.00377392
-1.33 -0.034076
-1.32 3.98421e-05
-1.31 0.00043917
-1.3 0.000707062
-1.29 2.67553e-05
-1.28 0.000444484
-1.27 0.000856367
-1.26 2.49103e-05
-1.25 0.000431155
-1.24 0.000873185
-1.23 7.02691e-06
-1.22 0.00044139
-1.21 0.000943301
-1.2 -2.6837e-06
-1.19 0.000472774
-1.18 0.000921515
-1.17 -2.12936e-06
-1.16 0.000483906
-1.15 0.00094133
-1.14 6.38736e-06
-1.13 0.000506602
-1.12 0.0009233
-1.11 2.97103e-05
-1.1 0.000526483
-1.09 0.000942675
-1.08 6.57437e-05
-1.07 0.000541119
-1.06 0.000948636
-1.05 7.30035e-05
-1.04 0.000562036
-1.03 0.000923539
-1.02 4.53356e-05
-1.01 0.000549605
-1 0.000936189
-0.99 4.83882e-05
-0.98 0.000481097
-0.97 0.000892143
-0.96 9.90565e-06
-0.95 0.000450739
-0.94 0.000914451
-0.93 2.93834e-05
-0.92 0.000418749
-0.91 0.000897094
-0.9 -1.90739e-05
-0.89 0.000417311
-0.88 0.000897141
-0.87 -5.70682e-05
-0.86 0.000435319
-0.85 0.000906855
-0.84 -4.11603e-05
-0.83 0.000459183
-0.82 0.000916967
-0.81 -1.67585e-05
-0.8 0.000412728
-0.79 0.000926936
-0.78 -2.07139e-06
-0.77 0.000425412
-0.76 0.000910755
-0.75 6.96382e-06
-0.74 0.000424305
-0.73 0.000948836
-0.72 2.88437e-05
-0.71 0.000437932
-0.7 0.000955097
-0.69 2.62295e-05
-0.68 0.000497845
-0.67 0.000973292
-0.66 8.83045e-05
-0.65 0.000546646
-0.64 0.000978968
-0.63 7.39464e-05
-0.62 0.000567615
-0.61 0.000950044
-0.6 3.60052e-05
-0.59 0.000516622
-0.58 0.000961816
-0.57 4.78319e-05
-0.56 0.000512674
-0.55 0.000956006
-0.54 2.02678e-05
-0.53 0.000484347
-0.52 0.00091057
-0.51 4.85934e-05
-0.5 0.00044781
-0.49 0.000923936
-0.48 3.23074e-05
-0.47 0.000453879
-0.46 0.000895189
-0.45 1.89423e-05
-0.44 0.000472585
-0.43 0.000895876
-0.42 -2.95306e-05
-0.41 0.000460118
-0.4 0.00091794
-0.39 -1.23458e-05
-0.38 0.000475971
-0.37 0.000940657
-0.36 -2.56636e-05
-0.35 0.000474963
-0.34 0.000932821
-0.33 -4.94411e-05
-0.32 0.000553917
-0.31 0.000924638
-0.3 -1.53845e-05
-0.29 0.0005851
-0.28 0.00094223
-0.27 2.77154e-05
-0.26 0.000623797
-0.25 0.000966421
-0.24 5.68236e-05
-0.23 0.000675871
-0.22 0.000990178
-0.21 0.00011697
-0.2 0.000739859
-0.19 0.00102881
-0.18 0.000124866
-0.17 0.000683558
-0.16 0.000963883
-0.15 8.44475e-05
-0.14 0.000580667
-0.13 0.000987376
-0.12 1.1687e-05
-0.11 -0.00298333
-0.1 -0.0319208
-0.09 -0.122523
-0.08 -0.262495
-0.07 -0.423288
-0.06 -0.579817
-0.05 -0.720976
-0.04 -0.831905
-0.03 -0.917811
-0.02 -0.97059
-0.01 -0.99281
0 -0.990356
0.01 -0.967665
0.02 -0.932739
0.03 -0.893366
0.04 -0.849721
0.05 -0.804033
0.06 -0.760509
0.07 -0.717279
0.08 -0.675187
0.09 -0.636402
0.1 -0.598364
0.11 -0.560921
0.12 -0.526535
0.13 -0.493013
0.14 -0.460651
0.15 -0.431149
0.16 -0.402343
0.17 -0.374527
0.18 -0.349356
0.19 -0.324818
0.2 -0.301336
0.21 -0.280534
0.22 -0.260049
0.23 -0.240929
0.24 -0.224367
0.25 -0.20832
0.26 -0.193743
0.27 -0.181608
0.28 -0.169655
0.29 -0.158344
0.3 -0.148996
0.31 -0.13936
0.32 -0.130057
0.33 -0.122327
0.34 -0.114192
0.35 -0.106267
0.36 -0.100045
0.37 -0.0933
0.38 -0.0869846
0.39 -0.0825415
0.4 -0.0775319
0.41 -0.0729684
0.42 -0.0698385
0.43 -0.0658898
0.44 -0.0621863
0.45 -0.0599568
0.46 -0.0566856
0.47 -0.0531671
0.48 -0.0510174
0.49 -0.0480517
0.5 -0.0448463
0.51 -0.0432668
0.52 -0.0410128
0.53 -0.0386675
0.54 -0.0378402
0.55 -0.0361607
0.56 -0.0343179
0.57 -0.0338892
0.58 -0.03241
0.59 -0.0306642
0.6 -0.0302797
0.61 -0.0288885
0.62 -0.02722
0.63 -0.0268994
0.64 -0.0256885
0.65 -0.024283
0.66 -0.0243098
0.67 -0.0232369
0.68 -0.0220836
0.69 -0.0224185
0.7 -0.0214809
0.71 -0.0204001
0.72 -0.020703
0.73 -0.0196957
0.74 -0.0185084
0.75 -0.0187061
0.76 -0.0177478
0.77 -0.0164652
0.78 -0.0166262
0.79 -0.0158258
0.8 -0.014715
0.81 -0.0150294
0.82 -0.0142229
0.83 -0.0132386
0.84 -0.013651
0.85 -0.012873
0.86 -0.0120082
0.87 -0.0122921
0.88 -0.0115391
0.89 -0.0105799
0.9 -0.0108965
0.91 -0.0102732
0.92 -0.00939212
0.93 -0.00981131
0.94 -0.00924167
0.95 -0.00850911
0.96 -0.00896644
0.97 -0.00841795
0.98 -0.00780845
0.99 -0.00815906
1 -0.00757691
1.01 -0.00695638
1.02 -0.00708632
1.03 -0.00639324
1.04 -0.00591783
1.05 -0.00588766
1.06 -0.00523407
1.07 -0.00493125
1.08 -0.0048034
1.09 -0.00434637
1.1 -0.00406371
1.11 -0.00392264
1.12 -0.00337227
1.13 -0.0032745
1.14 -0.00313508
1.15 -0.00262179
1.16 -0.00250539
1.17 -0.00238404
1.18 -0.00196178
1.19 -0.00578738
1.2 -0.00200207
1.21 -0.00160253
1.22 -0.00181686
1.23 -0.00189364
1.24 -0.00152916
1.25 -0.00172021
1.26 -0.00199214
1.27 -0.00162623
1.28 -0.00178076
1.29 -0.0520642
1.3 -0.00163145
1.31 -0.00188144
1.32 -0.00190983
1.33 -0.00162811
1.34 -0.00209986
1.35 -0.00214674
1.36 -0.00214195
1.37 -0.00255032
1.38 0.0140369
1.39 -0.00264733
1.4 -0.00304366
1.41 -0.00296456
1.42 -0.00299908
1.43 -0.00365274
1.44 -0.00357197
1.45 -0.00354383
1.46 -0.00440801
1.47 -0.00426427
1.48 -0.00453515
1.49 -0.00548404
1.5 -0.0054151
1.51 -0.00583513
1.52 -0.0110443
1.53 -0.00974591
1.54 -0.00742022
1.55 -0.0102025
1.56 -0.0330164
1.57 1.52211
1.58 -0.013567
1.59 -0.0454303
1.6 1.65128
1.61 0.00413026
1.62 0.154891
1.63 0
1.64 0
1.65 0
1.66 0
1.67 0
1.68 0
1.69 0
1.7 0
1.71 0
1.72 0
1.73 0
1.74 0
1.75 0
1.76 0
1.77 0
1.78 0
1.79 0
1.8 0
1.81 0
1.82 0
1.83 0
1.84 0
1.85 0
1.86 0
1.87 0
1.88 0
1.89 0
1.9 0
1.91 0
1.92 0
1.93 0
1.94 0
1.95 0
1.96 0
1.97 0
1.98 0
1.99 0
