-2 -0.00368129
-1.99 -0.00393533
-1.98 -0.00411048
-1.97 -0.0391905
-1.96 0.0473761
-1.95 -0.00414975
-1.94 4.88994
-1.93 -0.00456606
-1.92 -0.00508325
-1.91 0.0788108
-1.9 -0.00389606
-1.89 3.3299
-1.88 3.74047
-1.87 4.36912
-1.86 -0.00435403
-1.85 -0.00609099
-1.84 -0.00415796
-1.83 -0.00375412
-1.82 -0.00594509
-1.81 -0.00371524
-1.8 -0.00492835
-1.79 -0.0600444
-1.78 -0.0445172
-1.77 -0.00631489
-1.76 -0.00700931
-1.75 -0.00484987
-1.74 -0.00552838
-1.73 -0.00684002
-1.72 -0.0052196
-1.71 -0.00592864
-1.7 -0.006085
-1.69 1.7591
-1.68 -0.00764259
-1.67 -0.00631686
-1.66 -0.0374688
-1.65 -0.0078183
-1.64 -0.00541041
-1.63 0.33342
-1.62 -0.00689304
-1.61 0.0986398
-1.6 0.232447
-1.59 -0.00750291
-1.58 5.43195
-1.57 3.88534
-1.56 -0.051929
-1.55 0.588583
-1.54 0.0425102
-1.53 -0.0528723
-1.52 -0.00758604
-1.51 -0.00488018
-1.5 -0.00893764
-1.49 5.38564
-1.48 -0.00541334
-1.47 -0.00648859
-1.46 6.29923
-1.45 -0.00679676
-1.44 0.00708613
-1.43 5.19548
-1.42 0.101846
-1.41 0.111028
-1.4 7.39903
-1.39 0.233617
-1.38 -0.0284763
-1.37 1.37278
-1.36 -0.00738738
-1.35 -0.00886937
-1.34 -0.000369062
-1.33 -0.00071734
-1.32 -0.00089571
-1.31 -0.00060317
-1.3 -0.000938602
-1.29 -0.000982891
-1.28 -0.000583325
-1.27 -0.00106443
-1.26 -0.000961797
-1.25 -0.000581924
-1.24 -0.00103141
-1.23 -0.000923869
-1.22 -0.000631121
-1.21 -0.00107541
-1.2 -0.00086794
-1.19 -0.000631211
-1.18 -0.00106131
-1.17 -0.000947783
-1.16 -0.000627657
-1.15 -0.00103047
-1.14 -0.00092115
-1.13 -0.000662632
-1.12 -0.00105105
-1.11 -0.000897051
-1.1 -0.000639047
-1.09 -0.00105863
-1.08 -0.000873426
-1.07 -0.000637487
-1.06 -0.00104784
-1.05 -0.000819663
-1.04 -0.00058739
-1.03 -0.00103958
-1.02 -0.00082356
-1.01 -0.000571286
-1 -0.00105283
-0.99 -0.000867199
-0.98 -0.000543623
-0.97 -0.00105411
-0.96 -0.000922947
-0.95 -0.000622813
-0.94 -0.00104346
-0.93 -0.00088916
-0.92 -0.000548815
-0.91 -0.00104022
-0.9 -0.000888791
-0.89 -0.000517483
-0.88 -0.00104136
-0.87 -0.000805992
-0.86 -0.00051177
-0.85 -0.0010412
-0.84 -0.000841141
-0.83 -0.000549132
-0.82 -0.00103283
-0.81 -0.000821971
-0.8 -0.00058373
-0.79 -0.000979386
-0.78 -0.000861235
-0.77 -0.000598647
-0.76 -0.000901997
-0.75 -0.000845844
-0.74 -0.000559716
-0.73 -0.00095806
-0.72 -0.000822326
-0.71 -0.000589387
-0.7 -0.000965695
-0.69 -0.000816864
-0.68 -0.000618774
-0.67 -0.00100292
-0.66 -0.000866818
-0.65 -0.000581049
-0.64 -0.000994221
-0.63 -0.000871095
-0.62 -0.000655266
-0.61 -0.000976979
-0.6 -0.000936544
-0.59 -0.000659478
-0.58 -0.00101529
-0.57 -0.000920604
-0.56 -0.000723031
-0.55 -0.000963203
-0.54 -0.000876119
-0.53 -0.000682564
-0.52 -0.00101653
-0.51 -0.000882378
-0.5 -0.000682278
-0.49 -0.000998593
-0.48 -0.0010032
-0.47 -0.000643056
-0.46 -0.000990969
-0.45 -0.00102635
-0.44 -0.000520102
-0.43 -0.00097714
-0.42 -0.000967606
-0.41 -0.000548337
-0.4 -0.00101769
-0.39 -0.00092822
-0.38 -0.000499196
-0.37 -0.000943839
-0.36 -0.000874479
-0.35 -0.000451892
-0.34 -0.000889833
-0.33 -0.000797986
-0.32 -0.00040681
-0.31 -0.000598937
-0.3 -0.000581508
-0.29 -0.000177068
-0.28 -0.000313355
-0.27 -0.000317614
-0.26 4.43866e-05
-0.25 -0.000373938
-0.24 -0.000352942
-0.23 -3.77329e-05
-0.22 -0.000712133
-0.21 -0.000527554
-0.2 -8.09505e-05
-0.19 -0.000756908
-0.18 -0.000492395
-0.17 -8.83615e-05
-0.16 -0.000393365
-0.15 -0.000334373
-0.14 2.4415e-05
-0.13 -0.000368103
-0.12 -0.000746798
-0.11 -0.0109899
-0.1 -0.0592874
-0.09 -0.15753
-0.08 -0.292105
-0.07 -0.442342
-0.06 -0.591362
-0.05 -0.724169
-0.04 -0.833828
-0.03 -0.914829
-0.02 -0.967843
-0.01 -0.99378
0 -0.995603
0.01 -0.978947
0.02 -0.95054
0.03 -0.914173
0.04 -0.871709
0.05 -0.82731
0.06 -0.781787
0.07 -0.736222
0.08 -0.69312
0.09 -0.65221
0.1 -0.612945
0.11 -0.577113
0.12 -0.543468
0.13 -0.511294
0.14 -0.481535
0.15 -0.452753
0.16 -0.424418
0.17 -0.39716
0.18 -0.370257
0.19 -0.344282
0.2 -0.319976
0.21 -0.297093
0.22 -0.275862
0.23 -0.257428
0.24 -0.24076
0.25 -0.22605
0.26 -0.213199
0.27 -0.201036
0.28 -0.189749
0.29 -0.17929
0.3 -0.168458
0.31 -0.157567
0.32 -0.147507
0.33 -0.137603
0.34 -0.128001
0.35 -0.119752
0.36 -0.112487
0.37 -0.105486
0.38 -0.0999431
0.39 -0.0948775
0.4 -0.0895491
0.41 -0.085325
0.42 -0.0806004
0.43 -0.0752823
0.44 -0.0709003
0.45 -0.0656655
0.46 -0.0605789
0.47 -0.0564599
0.48 -0.052327
0.49 -0.0485368
0.5 -0.0459433
0.51 -0.0430603
0.52 -0.0403172
0.53 -0.0384464
0.54 -0.0360256
0.55 -0.0332767
0.56 -0.0312525
0.57 -0.0287637
0.58 -0.0258084
0.59 -0.0240278
0.6 -0.0218219
0.61 -0.0198351
0.62 -0.0188152
0.63 -0.0174668
0.64 -0.0165053
0.65 -0.015958
0.66 -0.0151223
0.67 -0.0143729
0.68 -0.0139537
0.69 -0.0131274
0.7 -0.0125016
0.71 -0.0119559
0.72 -0.0113838
0.73 -0.0109214
0.74 -0.0109568
0.75 -0.0109217
0.76 -0.010921
0.77 -0.0115024
0.78 -0.0116571
0.79 -0.0117148
0.8 -0.0123011
0.81 -0.0123528
0.82 -0.0122585
0.83 -0.0127868
0.84 -0.0128617
0.85 -0.0127212
0.86 -0.0134779
0.87 -0.0136889
0.88 -0.0137112
0.89 -0.0145871
0.9 -0.0148555
0.91 -0.014861
0.92 -0.0155741
0.93 -0.0156948
0.94 -0.0154012
0.95 -0.0157088
0.96 -0.0156254
0.97 -0.0149789
0.98 -0.0153666
0.99 -0.0152372
1 -0.0146943
1.01 -0.0149742
1.02 -0.0148668
1.03 -0.0144987
1.04 -0.0145469
1.05 -0.0141842
1.06 -0.013708
1.07 -0.0136429
1.08 -0.01315
1.09 -0.012453
1.1 -0.0122428
1.11 -0.0118203
1.12 -0.0110346
1.13 -0.0107784
1.14 -0.0103195
1.15 -0.00949488
1.16 -0.00908807
1.17 -0.00873606
1.18 -0.00791084
1.19 -0.00746619
1.2 -0.0069078
1.21 -0.00585791
1.22 -0.00552692
1.23 -0.00459932
1.24 -0.00347188
1.25 -0.00306781
1.26 -0.00231852
1.27 -0.000855349
1.28 -0.000439594
1.29 6.35922e-05
1.3 -0.00977474
1.31 0.00128924
1.32 0.0018851
1.33 2.70877
1.34 0.00284036
1.35 0.00307395
1.36 0.00322326
1.37 0.00356229
1.38 0.0100646
1.39 0.00342053
1.4 0.00912505
1.41 0.00330399
1.42 0.0100107
1.43 0.0105974
1.44 0.0024563
1.45 0.00205019
1.46 0.00103372
1.47 0.00031958
1.48 -0.000390223
1.49 -0.0099831
1.5 -0.0103434
1.51 0.0111595
1.52 -0.00991156
1.53 -0.0049286
1.54 -0.0100357
1.55 -0.0226932
1.56 -0.0119294
1.57 -3.38022
1.58 -0.0106313
1.59 -0.032589
1.6 0.946594
1.61 -0.00842476
1.62 0.0236518
1.63 0
1.64 0
1.65 0
1.66 0
1.67 0
1.68 0
1.69 0
1.7 0
1.71 0
1.72 0
1.73 0
1.74 0
1.75 0
1.76 0
1.77 0
1.78 0
1.79 0
1.8 0
1.81 0
1.82 0
1.83 0
1.84 0
1.85 0
1.86 0
1.87 0
1.88 0
1.89 0
1.9 0
1.91 0
1.92 0
1.93 0
1.94 0
1.95 0
1.96 0
1.97 0
1.98 0
1.99 0
