-2 -0.0033709
-1.99 -0.00378937
-1.98 -0.00428229
-1.97 -0.00418893
-1.96 -0.00441565
-1.95 4.74932
-1.94 -0.00332159
-1.93 -0.00249459
-1.92 -0.0053815
-1.91 -0.0400002
-1.9 -0.00255799
-1.89 -0.00438074
-1.88 4.01648
-1.87 -0.00411403
-1.86 -0.00455945
-1.85 1.8832
-1.84 2.42496
-1.83 -0.00539593
-1.82 -0.00255894
-1.81 -0.00562747
-1.8 -0.00529291
-1.79 -0.00221346
-1.78 -0.00362628
-1.77 5.29445
-1.76 2.9073
-1.75 -0.00442681
-1.74 2.59859
-1.73 -0.00191544
-1.72 -0.00539208
-1.71 -0.00575157
-1.7 4.41941
-1.69 -0.00587757
-1.68 -0.0475671
-1.67 -0.00344198
-1.66 -0.00723307
-1.65 -0.00548072
-1.64 -0.00435465
-1.63 0.271954
-1.62 -0.00609646
-1.61 0.178817
-1.6 -0.00702401
-1.59 -0.00474761
-1.58 4.53552
-1.57 0.249707
-1.56 -0.00389105
-1.55 3.11543
-1.54 -0.00454242
-1.53 4.12926
-1.52 2.71982
-1.51 -0.00559261
-1.5 -0.00604967
-1.49 4.87491
-1.48 -0.0440458
-1.47 -0.00666929
-1.46 3.41866
-1.45 0.0582895
-1.44 0.387895
-1.43 -0.0327552
-1.42 -0.00848395
-1.41 -0.00581533
-1.4 -0.00667784
-1.39 -0.00877374
-1.38 -0.00615232
-1.37 -0.0638596
-1.36 2.55716
-1.35 0.546265
-1.34 1.62168
-1.33 0.000166151
-1.32 6.30241e-05
-1.31 0.00050378
-1.3 0.000807157
-1.29 -3.56719e-06
-1.28 0.000535982
-1.27 0.000941058
-1.26 -1.90346e-05
-1.25 0.000562802
-1.24 0.000893109
-1.23 6.02351e-05
-1.22 0.000500693
-1.21 0.000960299
-1.2 7.21752e-05
-1.19 0.000476049
-1.18 0.00097552
-1.17 1.92525e-05
-1.16 0.000471829
-1.15 0.00104932
-1.14 -4.76629e-05
-1.13 0.000534929
-1.12 0.00103299
-1.11 -3.32525e-05
-1.1 0.000541978
-1.09 0.00104252
-1.08 5.01214e-05
-1.07 0.000469684
-1.06 0.00104814
-1.05 3.68843e-05
-1.04 0.000450668
-1.03 0.00103565
-1.02 6.0958e-05
-1.01 0.000443588
-1 0.00103689
-0.99 3.0043e-05
-0.98 0.000380352
-0.97 0.000881428
-0.96 6.05522e-06
-0.95 0.000408062
-0.94 0.000875124
-0.93 1.61239e-05
-0.92 0.000415977
-0.91 0.000951608
-0.9 3.85182e-05
-0.89 0.000379711
-0.88 0.000993463
-0.87 2.73059e-05
-0.86 0.000390184
-0.85 0.0010131
-0.84 1.17355e-07
-0.83 0.000414372
-0.82 0.000984194
-0.81 0.000154777
-0.8 0.000498607
-0.79 0.00107012
-0.78 0.000101479
-0.77 0.000448798
-0.76 0.00103347
-0.75 0.000132293
-0.74 0.000469783
-0.73 0.00102801
-0.72 8.05211e-05
-0.71 0.000610081
-0.7 0.00105372
-0.69 0.00014811
-0.68 0.000588593
-0.67 0.00102901
-0.66 0.000200966
-0.65 0.000665746
-0.64 0.00106977
-0.63 0.000153066
-0.62 0.000565948
-0.61 0.00100412
-0.6 4.33102e-05
-0.59 0.000540963
-0.58 0.000947535
-0.57 -4.1177e-05
-0.56 0.000499848
-0.55 0.000962616
-0.54 -2.90837e-05
-0.53 0.00049935
-0.52 0.00093355
-0.51 7.27138e-05
-0.5 0.000486561
-0.49 0.000891825
-0.48 -4.2225e-06
-0.47 0.000509322
-0.46 0.0008805
-0.45 -1.28466e-05
-0.44 0.000523343
-0.43 0.000916967
-0.42 -6.67362e-05
-0.41 0.000503336
-0.4 0.000853287
-0.39 -3.84929e-06
-0.38 0.000456672
-0.37 0.000866732
-0.36 9.10892e-05
-0.35 0.0004926
-0.34 0.00092534
-0.33 0.000126369
-0.32 0.000582564
-0.31 0.00101009
-0.3 0.000114376
-0.29 0.000625208
-0.28 0.00109829
-0.27 0.000142881
-0.26 0.000668679
-0.25 0.00111344
-0.24 0.000108413
-0.23 0.000692485
-0.22 0.00109333
-0.21 0.000145396
-0.2 0.000770079
-0.19 0.00105426
-0.18 0.000130821
-0.17 0.000708369
-0.16 0.00101575
-0.15 6.3989e-05
-0.14 0.000625476
-0.13 0.00109427
-0.12 -3.33179e-05
-0.11 -0.00315048
-0.1 -0.0309547
-0.09 -0.120669
-0.08 -0.258097
-0.07 -0.416899
-0.06 -0.577533
-0.05 -0.718318
-0.04 -0.83085
-0.03 -0.917182
-0.02 -0.969805
-0.01 -0.992595
0 -0.990998
0.01 -0.968181
0.02 -0.932705
0.03 -0.892576
0.04 -0.849003
0.05 -0.802471
0.06 -0.758097
0.07 -0.714745
0.08 -0.672213
0.09 -0.632779
0.1 -0.594817
0.11 -0.557702
0.12 -0.523511
0.13 -0.49042
0.14 -0.458126
0.15 -0.429003
0.16 -0.400686
0.17 -0.372529
0.18 -0.347777
0.19 -0.323183
0.2 -0.299473
0.21 -0.27937
0.22 -0.258608
0.23 -0.239217
0.24 -0.223571
0.25 -0.207161
0.26 -0.192704
0.27 -0.181138
0.28 -0.169032
0.29 -0.158006
0.3 -0.149349
0.31 -0.139622
0.32 -0.1307
0.33 -0.123506
0.34 -0.115239
0.35 -0.107268
0.36 -0.101265
0.37 -0.0946191
0.38 -0.0877993
0.39 -0.0835061
0.4 -0.0783937
0.41 -0.0733296
0.42 -0.0705124
0.43 -0.0667272
0.44 -0.0626532
0.45 -0.0603363
0.46 -0.0572579
0.47 -0.0535503
0.48 -0.0514205
0.49 -0.0484041
0.5 -0.0450012
0.51 -0.0434457
0.52 -0.0409435
0.53 -0.0384816
0.54 -0.0376916
0.55 -0.0360753
0.56 -0.0341182
0.57 -0.0337323
0.58 -0.0323945
0.59 -0.0306146
0.6 -0.0304017
0.61 -0.0288746
0.62 -0.0270525
0.63 -0.0268723
0.64 -0.025618
0.65 -0.0237438
0.66 -0.0238749
0.67 -0.0230041
0.68 -0.0215867
0.69 -0.0221021
0.7 -0.0214729
0.71 -0.0202348
0.72 -0.0206702
0.73 -0.0199829
0.74 -0.0186676
0.75 -0.0189563
0.76 -0.0181037
0.77 -0.01682
0.78 -0.0172343
0.79 -0.016322
0.8 -0.0151894
0.81 -0.0156557
0.82 -0.0149692
0.83 -0.0139804
0.84 -0.0145737
0.85 -0.0137551
0.86 -0.0128065
0.87 -0.0132766
0.88 -0.0124763
0.89 -0.0114264
0.9 -0.0118961
0.91 -0.0110819
0.92 -0.0102096
0.93 -0.010559
0.94 -0.00984278
0.95 -0.00940889
0.96 -0.00984355
0.97 -0.00904744
0.98 -0.0086512
0.99 -0.00906862
1 -0.00828025
1.01 -0.0078515
1.02 -0.00835086
1.03 -0.00740076
1.04 -0.00709983
1.05 -0.0072789
1.06 -0.00643824
1.07 -0.00606455
1.08 -0.00635055
1.09 -0.00567923
1.1 -0.00532834
1.11 -0.00551885
1.12 -0.00474444
1.13 -0.00482929
1.14 -0.00478531
1.15 -0.00411913
1.16 -0.00416521
1.17 -0.00396094
1.18 -0.00350454
1.19 -0.00363666
1.2 -0.00347049
1.21 -0.00305293
1.22 -0.00312678
1.23 -0.00325529
1.24 -0.00285435
1.25 -0.00293664
1.26 -0.00308901
1.27 -0.00289322
1.28 -0.00296943
1.29 -0.00301349
1.3 -0.00272756
1.31 -0.0029458
1.32 -0.00277128
1.33 -0.00272117
1.34 -0.0117592
1.35 -1.41771
1.36 -0.00273016
1.37 -0.00934755
1.38 -0.00351907
1.39 -0.00339108
1.4 -0.00383271
1.41 -0.00408444
1.42 -0.00989258
1.43 -0.00419902
1.44 -0.00464466
1.45 -0.010151
1.46 -0.00466225
1.47 -0.00503222
1.48 -0.0214388
1.49 -0.00990215
1.5 -0.00996451
1.51 0.00893357
1.52 -0.00589247
1.53 -0.0100192
1.54 -0.0100256
1.55 -0.00588721
1.56 -0.00652668
1.57 -0.0065525
1.58 -0.00609887
1.59 -0.00659035
1.6 -0.00957961
1.61 -0.00622368
1.62 3.83138
1.63 0
1.64 0
1.65 0
1.66 0
1.67 0
1.68 0
1.69 0
1.7 0
1.71 0
1.72 0
1.73 0
1.74 0
1.75 0
1.76 0
1.77 0
1.78 0
1.79 0
1.8 0
1.81 0
1.82 0
1.83 0
1.84 0
1.85 0
1.86 0
1.87 0
1.88 0
1.89 0
1.9 0
1.91 0
1.92 0
1.93 0
1.94 0
1.95 0
1.96 0
1.97 0
1.98 0
1.99 0
