-2 4.04027
-1.99 -0.00797991
-1.98 -0.0087981
-1.97 -0.0089849
-1.96 -0.00811255
-1.95 -0.0090275
-1.94 -4.91907
-1.93 -0.00869714
-1.92 -0.00965181
-1.91 -0.00872982
-1.9 -0.00957613
-1.89 -0.00950024
-1.88 -0.00909533
-1.87 -0.00961121
-1.86 -0.00973787
-1.85 -0.00986071
-1.84 -0.0103721
-1.83 0.89182
-1.82 -0.0101403
-1.81 -0.00927285
-1.8 -0.0111478
-1.79 -0.009966
-1.78 -0.00965842
-1.77 0.616693
-1.76 -0.0102551
-1.75 -0.0100256
-1.74 -0.0106648
-1.73 -0.0107081
-1.72 -0.0101851
-1.71 -0.00934955
-1.7 -0.0105723
-1.69 -0.0100197
-1.68 -0.0101615
-1.67 -0.00972333
-1.66 -0.0107619
-1.65 0.0410557
-1.64 -0.0101559
-1.63 -0.0492572
-1.62 -0.00885274
-1.61 -0.0097739
-1.6 -0.0106038
-1.59 -0.00920297
-1.58 -0.0101793
-1.57 -0.0119514
-1.56 -0.00936075
-1.55 -0.0106449
-1.54 -0.0107136
-1.53 -0.00878979
-1.52 -0.010633
-1.51 3.16968
-1.5 -0.00846605
-1.49 -0.0106591
-1.48 4.69641
-1.47 -0.00914992
-1.46 -0.0120059
-1.45 4.26372
-1.44 -0.00960626
-1.43 -0.012486
-1.42 -0.00943311
-1.41 0.00973774
-1.4 -0.0142165
-1.39 -0.0103771
-1.38 0.248641
-1.37 -0.014099
-1.36 -0.0117203
-1.35 -0.00976838
-1.34 -0.00981826
-1.33 -0.00453535
-1.32 -0.00616763
-1.31 -0.00601374
-1.3 -0.00579303
-1.29 -0.00616555
-1.28 -0.00609173
-1.27 -0.00617389
-1.26 -0.00615975
-1.25 -0.00600453
-1.24 -0.00611728
-1.23 -0.00611377
-1.22 -0.00590704
-1.21 -0.00601548
-1.2 -0.00604645
-1.19 -0.00584202
-1.18 -0.0059381
-1.17 -0.00592131
-1.16 -0.00578245
-1.15 -0.00580296
-1.14 -0.00581784
-1.13 -0.00567618
-1.12 -0.00574985
-1.11 -0.00571343
-1.1 -0.00563242
-1.09 -0.00568768
-1.08 -0.00565104
-1.07 -0.00566175
-1.06 -0.00578234
-1.05 -0.00580517
-1.04 -0.00575568
-1.03 -0.00586919
-1.02 -0.00593053
-1.01 -0.00590227
-1 -0.00599847
-0.99 -0.00604927
-0.98 -0.00603278
-0.97 -0.00617247
-0.96 -0.00618386
-0.95 -0.00610251
-0.94 -0.00627369
-0.93 -0.00621774
-0.92 -0.00618608
-0.91 -0.00632164
-0.9 -0.00632554
-0.89 -0.00625063
-0.88 -0.00627272
-0.87 -0.00626602
-0.86 -0.00623729
-0.85 -0.00627647
-0.84 -0.00613428
-0.83 -0.00610985
-0.82 -0.00615556
-0.81 -0.00599133
-0.8 -0.00597542
-0.79 -0.00591782
-0.78 -0.00583834
-0.77 -0.00579071
-0.76 -0.00569203
-0.75 -0.00565813
-0.74 -0.00556363
-0.73 -0.00550162
-0.72 -0.00556775
-0.71 -0.00548575
-0.7 -0.00538277
-0.69 -0.00543819
-0.68 -0.00539401
-0.67 -0.00534319
-0.66 -0.00547207
-0.65 -0.00549111
-0.64 -0.00537139
-0.63 -0.00554118
-0.62 -0.00545254
-0.61 -0.00550358
-0.6 -0.00570652
-0.59 -0.005567
-0.58 -0.00572667
-0.57 -0.00589361
-0.56 -0.00582904
-0.55 -0.00592773
-0.54 -0.00610907
-0.53 -0.00600774
-0.52 -0.00610614
-0.51 -0.00628274
-0.5 -0.00621065
-0.49 -0.00618057
-0.48 -0.00642405
-0.47 -0.00639404
-0.46 -0.0063044
-0.45 -0.00639473
-0.44 -0.00634025
-0.43 -0.00632186
-0.42 -0.00630435
-0.41 -0.00620701
-0.4 -0.00604379
-0.39 -0.00605778
-0.38 -0.00594196
-0.37 -0.00566364
-0.36 -0.00558441
-0.35 -0.0054538
-0.34 -0.00509027
-0.33 -0.00502558
-0.32 -0.00484119
-0.31 -0.00423365
-0.3 -0.00416676
-0.29 -0.00317073
-0.28 -0.00145003
-0.27 -0.00164934
-0.26 -0.00342027
-0.25 -0.00353588
-0.24 -0.00274648
-0.23 -0.00372787
-0.22 -0.00351625
-0.21 -0.00339438
-0.2 -0.00365742
-0.19 -0.0032195
-0.18 -0.00359749
-0.17 -0.00358364
-0.16 -0.00278244
-0.15 -0.00289459
-0.14 -0.00224513
-0.13 -0.00143835
-0.12 -0.00171837
-0.11 -0.00525286
-0.1 -0.0305541
-0.09 -0.116881
-0.08 -0.255744
-0.07 -0.423293
-0.06 -0.585049
-0.05 -0.728116
-0.04 -0.838819
-0.03 -0.924205
-0.02 -0.977621
-0.01 -1.00006
0 -0.996044
0.01 -0.971955
0.02 -0.935656
0.03 -0.893664
0.04 -0.84849
0.05 -0.802406
0.06 -0.757064
0.07 -0.713468
0.08 -0.671629
0.09 -0.631932
0.1 -0.594625
0.11 -0.55813
0.12 -0.523434
0.13 -0.491033
0.14 -0.459451
0.15 -0.429567
0.16 -0.401458
0.17 -0.374267
0.18 -0.348562
0.19 -0.324355
0.2 -0.301528
0.21 -0.280089
0.22 -0.260405
0.23 -0.242082
0.24 -0.225414
0.25 -0.210305
0.26 -0.196578
0.27 -0.183839
0.28 -0.172383
0.29 -0.16168
0.3 -0.151733
0.31 -0.142678
0.32 -0.133818
0.33 -0.125697
0.34 -0.11824
0.35 -0.110787
0.36 -0.104268
0.37 -0.0982754
0.38 -0.0925395
0.39 -0.0875984
0.4 -0.0831099
0.41 -0.0789728
0.42 -0.075333
0.43 -0.0716251
0.44 -0.0684519
0.45 -0.0654512
0.46 -0.0625663
0.47 -0.0597567
0.48 -0.0570154
0.49 -0.054302
0.5 -0.0519052
0.51 -0.0497641
0.52 -0.0477911
0.53 -0.0459071
0.54 -0.0443986
0.55 -0.0428143
0.56 -0.0413049
0.57 -0.0403053
0.58 -0.0390428
0.59 -0.0375995
0.6 -0.0364726
0.61 -0.0352268
0.62 -0.0337706
0.63 -0.0328016
0.64 -0.0318013
0.65 -0.0308683
0.66 -0.0302396
0.67 -0.0296185
0.68 -0.0288441
0.69 -0.0284517
0.7 -0.0281096
0.71 -0.0273977
0.72 -0.0269323
0.73 -0.0264554
0.74 -0.0257253
0.75 -0.0250281
0.76 -0.024316
0.77 -0.0235697
0.78 -0.0228855
0.79 -0.0223736
0.8 -0.0217561
0.81 -0.0213135
0.82 -0.0208697
0.83 -0.0203938
0.84 -0.0199994
0.85 -0.0194888
0.86 -0.0188388
0.87 -0.0181985
0.88 -0.0175301
0.89 -0.0168893
0.9 -0.0163874
0.91 -0.0158331
0.92 -0.0155071
0.93 -0.0152221
0.94 -0.014831
0.95 -0.0146306
0.96 -0.0142948
0.97 -0.0140609
0.98 -0.013729
0.99 -0.0135878
1 -0.0132367
1.01 -0.0128161
1.02 -0.0127014
1.03 -0.0121639
1.04 -0.0119751
1.05 -0.0118062
1.06 -0.0113906
1.07 -0.011214
1.08 -0.0110109
1.09 -0.0106601
1.1 -0.0105004
1.11 -0.0101709
1.12 -0.00989162
1.13 -0.00961614
1.14 -0.00937959
1.15 -0.00904534
1.16 -0.00871682
1.17 -0.00874179
1.18 -0.00849427
1.19 -0.00820326
1.2 -0.00826117
1.21 -0.00803071
1.22 -0.00799194
1.23 -0.00797383
1.24 -0.00783293
1.25 -0.00775586
1.26 -0.00784352
1.27 -0.00771637
1.28 -0.00769083
1.29 -0.0104933
1.3 -0.00743328
1.31 -0.0101387
1.32 -0.006636
1.33 -5.54566
1.34 -0.00999996
1.35 -0.00722302
1.36 -0.0099828
1.37 -0.00936155
1.38 -0.0165845
1.39 -0.00842932
1.4 -0.00728193
1.41 -0.00588119
1.42 -7.94447
1.43 -0.00716766
1.44 -0.00731068
1.45 -0.00726198
1.46 -0.0071153
1.47 -0.00731763
1.48 -0.00731661
1.49 -0.00994588
1.5 -0.00740622
1.51 -0.00743982
1.52 -0.0100674
1.53 -0.0101259
1.54 -0.00764007
1.55 -0.0098119
1.56 -0.0104558
1.57 -0.00785536
1.58 -0.0105252
1.59 -0.0097703
1.6 -0.0101335
1.61 -0.00756796
1.62 -0.00990059
1.63 -0.00828087
1.64 0
1.65 0
1.66 0
1.67 0
1.68 0
1.69 0
1.7 0
1.71 0
1.72 0
1.73 0
1.74 0
1.75 0
1.76 0
1.77 0
1.78 0
1.79 0
1.8 0
1.81 0
1.82 0
1.83 0
1.84 0
1.85 0
1.86 0
1.87 0
1.88 0
1.89 0
1.9 0
1.91 0
1.92 0
1.93 0
1.94 0
1.95 0
1.96 0
1.97 0
1.98 0
1.99 0
