-2 2.82651
-1.99 0.00415505
-1.98 0.152723
-1.97 5.17415
-1.96 -0.00237559
-1.95 6.94977
-1.94 -0.0181391
-1.93 0.466503
-1.92 1.71827
-1.91 -0.0112358
-1.9 -0.0185093
-1.89 0.555917
-1.88 3.07694
-1.87 -0.0187344
-1.86 0.23116
-1.85 0.250001
-1.84 -0.0178744
-1.83 -0.027752
-1.82 -0.0157046
-1.81 -0.0220606
-1.8 2.68897
-1.79 3.56131
-1.78 -0.0221659
-1.77 -0.0238324
-1.76 -0.0235668
-1.75 -0.0187486
-1.74 2.41051
-1.73 3.51941
-1.72 -0.0173305
-1.71 0.64199
-1.7 0.446605
-1.69 -0.0205984
-1.68 -0.0124992
-1.67 0.208051
-1.66 -0.0241729
-1.65 0.00428692
-1.64 0.552878
-1.63 0.568704
-1.62 2.64368
-1.61 0.680652
-1.6 -0.0253635
-1.59 1.83684
-1.58 0.905195
-1.57 -0.025843
-1.56 -0.0137073
-1.55 0.682061
-1.54 0.745918
-1.53 -0.0179012
-1.52 0.645492
-1.51 0.443895
-1.5 -0.018392
-1.49 0.840316
-1.48 -0.0217798
-1.47 0.61618
-1.46 0
-1.45 -0.027667
-1.44 0.554146
-1.43 0
-1.42 -0.0174598
-1.41 0.507677
-1.4 0
-1.39 0
-1.38 -0.0116559
-1.37 0
-1.36 0
-1.35 -0.0242411
-1.34 0.327484
-1.33 -0.0142621
-1.32 -0.016538
-1.31 -0.0164424
-1.3 -0.0157225
-1.29 -0.0164178
-1.28 -0.0164855
-1.27 -0.0161586
-1.26 -0.0163047
-1.25 -0.0163383
-1.24 -0.0159728
-1.23 -0.0161547
-1.22 -0.015973
-1.21 -0.0155935
-1.2 -0.0156326
-1.19 -0.0152872
-1.18 -0.0147889
-1.17 -0.0148663
-1.16 -0.0148588
-1.15 -0.0147789
-1.14 -0.0147519
-1.13 -0.0147663
-1.12 -0.0146637
-1.11 -0.0145663
-1.1 -0.014513
-1.09 -0.0145716
-1.08 -0.0146223
-1.07 -0.01456
-1.06 -0.0145268
-1.05 -0.0146442
-1.04 -0.0145927
-1.03 -0.0145668
-1.02 -0.0145324
-1.01 -0.0145762
-1 -0.0146272
-0.99 -0.0144436
-0.98 -0.0145866
-0.97 -0.0145967
-0.96 -0.0145091
-0.95 -0.0147067
-0.94 -0.0146435
-0.93 -0.0145324
-0.92 -0.0146892
-0.91 -0.0146667
-0.9 -0.0146297
-0.89 -0.014636
-0.88 -0.0146698
-0.87 -0.0146985
-0.86 -0.0146929
-0.85 -0.0146415
-0.84 -0.0146933
-0.83 -0.0144545
-0.82 -0.0147026
-0.81 -0.0146969
-0.8 -0.0146239
-0.79 -0.0146839
-0.78 -0.0145417
-0.77 -0.0145577
-0.76 -0.0145966
-0.75 -0.0145905
-0.74 -0.0144767
-0.73 -0.0146048
-0.72 -0.0145422
-0.71 -0.0144553
-0.7 -0.0145932
-0.69 -0.0144747
-0.68 -0.0145842
-0.67 -0.0145323
-0.66 -0.0145861
-0.65 -0.0144044
-0.64 -0.0146044
-0.63 -0.014516
-0.62 -0.0146165
-0.61 -0.0145308
-0.6 -0.0145461
-0.59 -0.0145322
-0.58 -0.0145775
-0.57 -0.0146279
-0.56 -0.0145936
-0.55 -0.014537
-0.54 -0.01468
-0.53 -0.0146998
-0.52 -0.0146646
-0.51 -0.0147623
-0.5 -0.0146475
-0.49 -0.0147664
-0.48 -0.0148122
-0.47 -0.014702
-0.46 -0.0147231
-0.45 -0.0147951
-0.44 -0.0147692
-0.43 -0.0147862
-0.42 -0.0148267
-0.41 -0.0147094
-0.4 -0.0146229
-0.39 -0.0147294
-0.38 -0.0146454
-0.37 -0.0146099
-0.36 -0.0146749
-0.35 -0.0146491
-0.34 -0.0146441
-0.33 -0.0145675
-0.32 -0.0144756
-0.31 -0.0146411
-0.3 -0.0146544
-0.29 -0.0144757
-0.28 -0.014467
-0.27 -0.0146226
-0.26 -0.0145074
-0.25 -0.0144926
-0.24 -0.0146649
-0.23 -0.0145417
-0.22 -0.0144819
-0.21 -0.0147438
-0.2 -0.014561
-0.19 -0.014641
-0.18 -0.0146408
-0.17 -0.0146683
-0.16 -0.0147982
-0.15 -0.0147485
-0.14 -0.0146586
-0.13 -0.0146516
-0.12 -0.0149079
-0.11 -0.0184181
-0.1 -0.055265
-0.09 -0.149706
-0.08 -0.286617
-0.07 -0.448749
-0.06 -0.604559
-0.05 -0.741004
-0.04 -0.85405
-0.03 -0.937588
-0.02 -0.991232
-0.01 -1.01707
0 -1.01771
0.01 -0.998613
0.02 -0.967375
0.03 -0.928397
0.04 -0.883947
0.05 -0.837636
0.06 -0.790529
0.07 -0.744812
0.08 -0.700666
0.09 -0.659765
0.1 -0.622055
0.11 -0.586353
0.12 -0.553575
0.13 -0.522508
0.14 -0.493494
0.15 -0.464896
0.16 -0.436864
0.17 -0.409577
0.18 -0.381977
0.19 -0.355734
0.2 -0.33117
0.21 -0.308445
0.22 -0.28765
0.23 -0.269466
0.24 -0.254331
0.25 -0.239922
0.26 -0.227659
0.27 -0.216521
0.28 -0.205178
0.29 -0.194381
0.3 -0.183778
0.31 -0.172674
0.32 -0.162205
0.33 -0.152282
0.34 -0.142961
0.35 -0.134636
0.36 -0.127697
0.37 -0.121598
0.38 -0.11642
0.39 -0.112075
0.4 -0.10784
0.41 -0.1032
0.42 -0.0986093
0.43 -0.0935796
0.44 -0.0882829
0.45 -0.0831389
0.46 -0.0780148
0.47 -0.0734056
0.48 -0.069389
0.49 -0.0663787
0.5 -0.0637256
0.51 -0.061159
0.52 -0.058973
0.53 -0.0572397
0.54 -0.0549679
0.55 -0.0524293
0.56 -0.0504901
0.57 -0.0476876
0.58 -0.0451131
0.59 -0.0424419
0.6 -0.0401155
0.61 -0.0380731
0.62 -0.0363676
0.63 -0.0355255
0.64 -0.0349579
0.65 -0.0343554
0.66 -0.033888
0.67 -0.0333925
0.68 -0.0328002
0.69 -0.0319116
0.7 -0.0311433
0.71 -0.0303656
0.72 -0.0293891
0.73 -0.0289726
0.74 -0.0288432
0.75 -0.0285335
0.76 -0.0287724
0.77 -0.029071
0.78 -0.0297948
0.79 -0.0298191
0.8 -0.0302161
0.81 -0.0305952
0.82 -0.030541
0.83 -0.0305411
0.84 -0.0305455
0.85 -0.0304374
0.86 -0.0306761
0.87 -0.030609
0.88 -0.031138
0.89 -0.0316047
0.9 -0.0318028
0.91 -0.031916
0.92 -0.0325773
0.93 -0.0327895
0.94 -0.0326831
0.95 -0.0328079
0.96 -0.0326962
0.97 -0.0324489
0.98 -0.0324054
0.99 -0.0320352
1 -0.0318029
1.01 -0.0317918
1.02 -0.0315682
1.03 -0.0314201
1.04 -0.0315026
1.05 -0.0308503
1.06 -0.0304978
1.07 -0.030212
1.08 -0.0295879
1.09 -0.0286113
1.1 -0.0279237
1.11 -0.027009
1.12 -0.025615
1.13 -0.0247215
1.14 -0.0218303
1.15 -0.021146
1.16 -0.0202786
1.17 -0.0197877
1.18 -0.0193746
1.19 -0.0189489
1.2 -0.0184936
1.21 -0.0179058
1.22 -0.0175101
1.23 -0.0169311
1.24 -0.016059
1.25 -0.015726
1.26 -0.0152462
1.27 -0.0144127
1.28 -0.0141091
1.29 -0.0133909
1.3 -0.0129438
1.31 -0.0127185
1.32 -0.00923843
1.33 -0.0116186
1.34 -0.0114303
1.35 -0.0106736
1.36 -0.0103045
1.37 -0.0103995
1.38 -0.0099482
1.39 -0.0096936
1.4 -0.0115641
1.41 -0.0101492
1.42 -0.00994173
1.43 -0.0104541
1.44 -0.0108007
1.45 -0.0111428
1.46 -0.0117321
1.47 -0.0116995
1.48 -0.0128002
1.49 -0.0089527
1.5 -0.0129767
1.51 -0.0105696
1.52 -0.010074
1.53 -0.010308
1.54 -0.0148336
1.55 -0.0102013
1.56 -0.0145626
1.57 -0.0156499
1.58 -0.0126674
1.59 0.0755387
1.6 -0.0156164
1.61 0.00854995
1.62 0.00878172
1.63 0
1.64 0
1.65 0
1.66 0
1.67 0
1.68 0
1.69 0
1.7 0
1.71 0
1.72 0
1.73 0
1.74 0
1.75 0
1.76 0
1.77 0
1.78 0
1.79 0
1.8 0
1.81 0
1.82 0
1.83 0
1.84 0
1.85 0
1.86 0
1.87 0
1.88 0
1.89 0
1.9 0
1.91 0
1.92 0
1.93 0
1.94 0
1.95 0
1.96 0
1.97 0
1.98 0
1.99 0
