-1.5  0
-1.499  0
-1.498  0
-1.497  0
-1.496  0
-1.495  0
-1.494  0
-1.493  0
-1.492  0
-1.491  0
-1.49  0
-1.489  0
-1.488  0
-1.487  0
-1.486  0
-1.485  0
-1.484  0
-1.483  0
-1.482  0
-1.481  0
-1.48  0
-1.479  0
-1.478  0
-1.477  0
-1.476  0
-1.475  0
-1.474  0
-1.473  0
-1.472  0
-1.471  0
-1.47  0
-1.469  0
-1.468  0
-1.467  0
-1.466  0
-1.465  0
-1.464  0
-1.463  0
-1.462  0
-1.461  0
-1.46  0
-1.459  0
-1.458  0
-1.457  0
-1.456  0
-1.455  0
-1.454  0
-1.453  0
-1.452  0
-1.451  0
-1.45  0
-1.449  0
-1.448  0
-1.447  0
-1.446  0
-1.445  0
-1.444  0
-1.443  0
-1.442  0
-1.441  0
-1.44  0
-1.439  0
-1.438  0
-1.437  0
-1.436  0
-1.435  0
-1.434  0
-1.433  0
-1.432  0
-1.431  0
-1.43  0
-1.429  0
-1.428  0
-1.427  0
-1.426  0
-1.425  0
-1.424  0
-1.423  0
-1.422  0
-1.421  0
-1.42  0
-1.419  0
-1.418  0
-1.417  0
-1.416  0
-1.415  0
-1.414  0
-1.413  0
-1.412  0
-1.411  0
-1.41  0
-1.409  0
-1.408  0
-1.407  0
-1.406  0
-1.405  0
-1.404  0
-1.403  0
-1.402  0
-1.401  0
-1.4  0
-1.399  0
-1.398  0
-1.397  0
-1.396  0
-1.395  0
-1.394  0
-1.393  0
-1.392  0
-1.391  0
-1.39  0
-1.389  0
-1.388  0
-1.387  0
-1.386  0
-1.385  0
-1.384  0
-1.383  0
-1.382  0
-1.381  0
-1.38  0
-1.379  0
-1.378  0
-1.377  0
-1.376  0
-1.375  0
-1.374  0
-1.373  0
-1.372  0
-1.371  0
-1.37  0
-1.369  0
-1.368  0
-1.367  0
-1.366  0
-1.365  0
-1.364  0
-1.363  0
-1.362  0
-1.361  0
-1.36  0
-1.359  0
-1.358  0
-1.357  0
-1.356  0
-1.355  0
-1.354  0
-1.353  0
-1.352  0
-1.351  0
-1.35  0
-1.349  0
-1.348  0
-1.347  0
-1.346  0
-1.345  0
-1.344  0
-1.343  0
-1.342  0
-1.341  0
-1.34  0
-1.339  -1.1837e-05
-1.338  -1.97894e-05
-1.337  -2.54324e-05
-1.336  -3.43847e-05
-1.335  -4.01967e-05
-1.334  -4.11575e-05
-1.333  -4.71902e-05
-1.332  -4.72333e-05
-1.331  -5.13355e-05
-1.33  -6.06762e-05
-1.329  -6.65394e-05
-1.328  -6.52989e-05
-1.327  -7.11835e-05
-1.326  -7.585e-05
-1.325  -8.54476e-05
-1.324  -8.88233e-05
-1.323  -8.55203e-05
-1.322  -8.66326e-05
-1.321  -9.25816e-05
-1.32  -7.72664e-05
-1.319  -7.46687e-05
-1.318  -7.13129e-05
-1.317  -6.82496e-05
-1.316  -6.73659e-05
-1.315  -6.84213e-05
-1.314  -6.85982e-05
-1.313  -7.28915e-05
-1.312  -7.09377e-05
-1.311  -5.73754e-05
-1.31  -5.06669e-05
-1.309  -5.48402e-05
-1.308  -5.12031e-05
-1.307  -5.53365e-05
-1.306  -4.96284e-05
-1.305  -4.82492e-05
-1.304  -5.55947e-05
-1.303  -6.02863e-05
-1.302  -5.20008e-05
-1.301  -6.16513e-05
-1.3  -6.17314e-05
-1.299  -5.77491e-05
-1.298  -5.144e-05
-1.297  -4.69437e-05
-1.296  -4.90009e-05
-1.295  -4.92797e-05
-1.294  -4.82243e-05
-1.293  -4.93657e-05
-1.292  -5.35958e-05
-1.291  -5.65313e-05
-1.29  -5.71e-05
-1.289  -5.8904e-05
-1.288  -5.15935e-05
-1.287  -5.24126e-05
-1.286  -5.08263e-05
-1.285  -4.80194e-05
-1.284  -4.4738e-05
-1.283  -4.83147e-05
-1.282  -4.44047e-05
-1.281  -4.05098e-05
-1.28  -4.20114e-05
-1.279  -4.6201e-05
-1.278  -4.78404e-05
-1.277  -4.67397e-05
-1.276  -4.25228e-05
-1.275  -3.45925e-05
-1.274  -3.16081e-05
-1.273  -3.35667e-05
-1.272  -2.71353e-05
-1.271  -2.66794e-05
-1.27  -2.55846e-05
-1.269  -2.19004e-05
-1.268  -2.0456e-05
-1.267  -2.06934e-05
-1.266  -2.17193e-05
-1.265  -2.20471e-05
-1.264  -2.30293e-05
-1.263  -2.213e-05
-1.262  -2.29872e-05
-1.261  -2.5828e-05
-1.26  -2.71933e-05
-1.259  -2.71079e-05
-1.258  -2.7753e-05
-1.257  -2.88246e-05
-1.256  -3.25646e-05
-1.255  -2.77735e-05
-1.254  -3.05788e-05
-1.253  -3.62271e-05
-1.252  -3.49205e-05
-1.251  -3.35695e-05
-1.25  -4.02737e-05
-1.249  -3.98134e-05
-1.248  -4.09795e-05
-1.247  -3.99743e-05
-1.246  -3.62288e-05
-1.245  -3.55328e-05
-1.244  -3.5898e-05
-1.243  -3.3932e-05
-1.242  -2.66366e-05
-1.241  -2.35447e-05
-1.24  -2.29441e-05
-1.239  -1.94788e-05
-1.238  -2.08513e-05
-1.237  -2.279e-05
-1.236  -3.08594e-05
-1.235  -3.08431e-05
-1.234  -2.95963e-05
-1.233  -2.8129e-05
-1.232  -2.64164e-05
-1.231  -2.50083e-05
-1.23  -2.68506e-05
-1.229  -2.44758e-05
-1.228  -2.55667e-05
-1.227  -2.91448e-05
-1.226  -2.75355e-05
-1.225  -2.41257e-05
-1.224  -2.7774e-05
-1.223  -3.43447e-05
-1.222  -3.20152e-05
-1.221  -3.1569e-05
-1.22  -3.84226e-05
-1.219  -3.31502e-05
-1.218  -3.57035e-05
-1.217  -3.36098e-05
-1.216  -2.80842e-05
-1.215  -3.29566e-05
-1.214  -3.46479e-05
-1.213  -3.49585e-05
-1.212  -2.92863e-05
-1.211  -2.64606e-05
-1.21  -2.7846e-05
-1.209  -2.48056e-05
-1.208  -2.21243e-05
-1.207  -2.39696e-05
-1.206  -2.64549e-05
-1.205  -2.5326e-05
-1.204  -2.34175e-05
-1.203  -2.68058e-05
-1.202  -2.6469e-05
-1.201  -2.21679e-05
-1.2  -2.58699e-05
-1.199  -2.11863e-05
-1.198  -2.27654e-05
-1.197  -2.5207e-05
-1.196  -1.98804e-05
-1.195  -1.73002e-05
-1.194  -1.7317e-05
-1.193  -2.26585e-05
-1.192  -2.24194e-05
-1.191  -2.57835e-05
-1.19  -3.39753e-05
-1.189  -3.41945e-05
-1.188  -3.5212e-05
-1.187  -3.7692e-05
-1.186  -3.66633e-05
-1.185  -3.8467e-05
-1.184  -3.76448e-05
-1.183  -3.81079e-05
-1.182  -3.57734e-05
-1.181  -3.38492e-05
-1.18  -3.51178e-05
-1.179  -3.34075e-05
-1.178  -3.11573e-05
-1.177  -3.13128e-05
-1.176  -3.74317e-05
-1.175  -3.81267e-05
-1.174  -3.8678e-05
-1.173  -3.87178e-05
-1.172  -3.00929e-05
-1.171  -2.68393e-05
-1.17  -2.90884e-05
-1.169  -2.51516e-05
-1.168  -2.57517e-05
-1.167  -2.6304e-05
-1.166  -2.38875e-05
-1.165  -2.0005e-05
-1.164  -2.00548e-05
-1.163  -2.49517e-05
-1.162  -2.47935e-05
-1.161  -2.65573e-05
-1.16  -2.83897e-05
-1.159  -2.73125e-05
-1.158  -2.7964e-05
-1.157  -2.55634e-05
-1.156  -2.58713e-05
-1.155  -2.89489e-05
-1.154  -2.82974e-05
-1.153  -3.52165e-05
-1.152  -3.4824e-05
-1.151  -3.58767e-05
-1.15  -3.78246e-05
-1.149  -3.44827e-05
-1.148  -2.94487e-05
-1.147  -3.16485e-05
-1.146  -3.91803e-05
-1.145  -4.04408e-05
-1.144  -3.72142e-05
-1.143  -3.77432e-05
-1.142  -3.19701e-05
-1.141  -3.39241e-05
-1.14  -3.832e-05
-1.139  -3.62556e-05
-1.138  -3.64094e-05
-1.137  -3.9175e-05
-1.136  -3.43572e-05
-1.135  -2.91698e-05
-1.134  -2.89507e-05
-1.133  -2.69143e-05
-1.132  -1.78007e-05
-1.131  -1.92952e-05
-1.13  -1.99917e-05
-1.129  -2.29301e-05
-1.128  -2.18541e-05
-1.127  -1.96717e-05
-1.126  -1.75071e-05
-1.125  -1.63559e-05
-1.124  -1.9574e-05
-1.123  -2.56015e-05
-1.122  -2.54872e-05
-1.121  -2.81109e-05
-1.12  -3.19693e-05
-1.119  -3.065e-05
-1.118  -2.73664e-05
-1.117  -2.78594e-05
-1.116  -3.62469e-05
-1.115  -3.36528e-05
-1.114  -3.41239e-05
-1.113  -4.17082e-05
-1.112  -3.814e-05
-1.111  -4.05257e-05
-1.11  -4.06097e-05
-1.109  -3.91818e-05
-1.108  -3.72673e-05
-1.107  -4.20598e-05
-1.106  -4.57562e-05
-1.105  -3.89108e-05
-1.104  -4.27847e-05
-1.103  -3.82337e-05
-1.102  -2.85944e-05
-1.101  -2.85625e-05
-1.1  -3.27643e-05
-1.099  -3.40352e-05
-1.098  -3.57553e-05
-1.097  -3.65721e-05
-1.096  -3.48951e-05
-1.095  -3.38628e-05
-1.094  -3.45407e-05
-1.093  -3.75593e-05
-1.092  -3.94429e-05
-1.091  -4.59689e-05
-1.09  -4.63298e-05
-1.089  -4.29997e-05
-1.088  -3.71899e-05
-1.087  -3.22775e-05
-1.086  -3.79899e-05
-1.085  -3.37318e-05
-1.084  -3.47427e-05
-1.083  -4.14176e-05
-1.082  -3.97984e-05
-1.081  -3.8738e-05
-1.08  -3.76924e-05
-1.079  -3.3117e-05
-1.078  -2.7919e-05
-1.077  -3.177e-05
-1.076  -3.33596e-05
-1.075  -3.08154e-05
-1.074  -3.34217e-05
-1.073  -2.87453e-05
-1.072  -2.04514e-05
-1.071  -2.63667e-05
-1.07  -3.44232e-05
-1.069  -3.38685e-05
-1.068  -4.30701e-05
-1.067  -4.37569e-05
-1.066  -4.29506e-05
-1.065  -4.42647e-05
-1.064  -4.42696e-05
-1.063  -4.04214e-05
-1.062  -3.72985e-05
-1.061  -4.23349e-05
-1.06  -4.60719e-05
-1.059  -4.86736e-05
-1.058  -4.61808e-05
-1.057  -4.77686e-05
-1.056  -5.20524e-05
-1.055  -4.90839e-05
-1.054  -4.95347e-05
-1.053  -5.10262e-05
-1.052  -4.74912e-05
-1.051  -4.39093e-05
-1.05  -4.7049e-05
-1.049  -3.92535e-05
-1.048  -3.40034e-05
-1.047  -3.15224e-05
-1.046  -3.30902e-05
-1.045  -3.47117e-05
-1.044  -4.19008e-05
-1.043  -3.94244e-05
-1.042  -3.36578e-05
-1.041  -3.78913e-05
-1.04  -4.11936e-05
-1.039  -4.12694e-05
-1.038  -4.09874e-05
-1.037  -4.098e-05
-1.036  -4.13904e-05
-1.035  -4.07752e-05
-1.034  -4.53568e-05
-1.033  -4.4103e-05
-1.032  -4.34709e-05
-1.031  -4.30193e-05
-1.03  -4.80431e-05
-1.029  -5.13055e-05
-1.028  -5.24713e-05
-1.027  -5.16494e-05
-1.026  -5.25041e-05
-1.025  -4.88988e-05
-1.024  -5.21356e-05
-1.023  -5.54118e-05
-1.022  -5.01339e-05
-1.021  -4.66439e-05
-1.02  -4.78999e-05
-1.019  -4.62531e-05
-1.018  -4.19483e-05
-1.017  -4.10221e-05
-1.016  -4.13203e-05
-1.015  -4.1243e-05
-1.014  -4.38076e-05
-1.013  -4.02122e-05
-1.012  -3.92285e-05
-1.011  -4.10041e-05
-1.01  -4.14027e-05
-1.009  -4.16285e-05
-1.008  -4.23669e-05
-1.007  -3.69375e-05
-1.006  -3.81346e-05
-1.005  -3.59775e-05
-1.004  -3.88337e-05
-1.003  -3.50451e-05
-1.002  -3.54045e-05
-1.001  -3.52835e-05
-1  -3.57585e-05
-0.999  -3.852e-05
-0.998  -3.68165e-05
-0.997  -4.07762e-05
-0.996  -3.72805e-05
-0.995  -3.75132e-05
-0.994  -4.06997e-05
-0.993  -4.4373e-05
-0.992  -3.97232e-05
-0.991  -4.01349e-05
-0.99  -4.10979e-05
-0.989  -3.55627e-05
-0.988  -3.83694e-05
-0.987  -3.99174e-05
-0.986  -4.3081e-05
-0.985  -3.67474e-05
-0.984  -3.99654e-05
-0.983  -3.92329e-05
-0.982  -3.79076e-05
-0.981  -3.74929e-05
-0.98  -3.62595e-05
-0.979  -3.82635e-05
-0.978  -3.58347e-05
-0.977  -3.37536e-05
-0.976  -3.21693e-05
-0.975  -3.26866e-05
-0.974  -3.22782e-05
-0.973  -3.0689e-05
-0.972  -3.06146e-05
-0.971  -2.75515e-05
-0.97  -3.06429e-05
-0.969  -3.09106e-05
-0.968  -2.50649e-05
-0.967  -2.69614e-05
-0.966  -3.10855e-05
-0.965  -3.13122e-05
-0.964  -3.39683e-05
-0.963  -3.744e-05
-0.962  -3.81604e-05
-0.961  -4.14716e-05
-0.96  -3.95903e-05
-0.959  -4.04721e-05
-0.958  -4.42315e-05
-0.957  -4.45909e-05
-0.956  -4.51564e-05
-0.955  -4.09619e-05
-0.954  -3.83403e-05
-0.953  -3.63626e-05
-0.952  -3.86173e-05
-0.951  -4.10373e-05
-0.95  -4.24708e-05
-0.949  -4.49359e-05
-0.948  -4.16192e-05
-0.947  -3.91838e-05
-0.946  -4.17561e-05
-0.945  -3.92894e-05
-0.944  -4.04867e-05
-0.943  -3.90847e-05
-0.942  -3.52627e-05
-0.941  -3.49129e-05
-0.94  -3.38124e-05
-0.939  -3.36222e-05
-0.938  -2.94179e-05
-0.937  -3.313e-05
-0.936  -3.99413e-05
-0.935  -4.19533e-05
-0.934  -4.70347e-05
-0.933  -4.85164e-05
-0.932  -4.83274e-05
-0.931  -4.59226e-05
-0.93  -4.66743e-05
-0.929  -5.03046e-05
-0.928  -5.16972e-05
-0.927  -5.12738e-05
-0.926  -5.49733e-05
-0.925  -5.1079e-05
-0.924  -4.7154e-05
-0.923  -4.76659e-05
-0.922  -4.91901e-05
-0.921  -5.18699e-05
-0.92  -5.12256e-05
-0.919  -5.61077e-05
-0.918  -5.04081e-05
-0.917  -4.39224e-05
-0.916  -4.4556e-05
-0.915  -3.9851e-05
-0.914  -4.27485e-05
-0.913  -4.20521e-05
-0.912  -3.95901e-05
-0.911  -3.74947e-05
-0.91  -3.47486e-05
-0.909  -3.50569e-05
-0.908  -3.3641e-05
-0.907  -3.2118e-05
-0.906  -3.83669e-05
-0.905  -4.29918e-05
-0.904  -4.47628e-05
-0.903  -4.79429e-05
-0.902  -4.56855e-05
-0.901  -4.26633e-05
-0.9  -4.04125e-05
-0.899  -4.85909e-05
-0.898  -5.31588e-05
-0.897  -5.00796e-05
-0.896  -5.42941e-05
-0.895  -5.19793e-05
-0.894  -4.78744e-05
-0.893  -4.90631e-05
-0.892  -5.31469e-05
-0.891  -5.44797e-05
-0.89  -5.14368e-05
-0.889  -5.57044e-05
-0.888  -5.52026e-05
-0.887  -5.05164e-05
-0.886  -5.05174e-05
-0.885  -4.75626e-05
-0.884  -4.82469e-05
-0.883  -4.71482e-05
-0.882  -4.49038e-05
-0.881  -4.03835e-05
-0.88  -3.57224e-05
-0.879  -3.43125e-05
-0.878  -3.73971e-05
-0.877  -3.29947e-05
-0.876  -3.76817e-05
-0.875  -4.28611e-05
-0.874  -4.46611e-05
-0.873  -4.31777e-05
-0.872  -4.19154e-05
-0.871  -4.09735e-05
-0.87  -3.50651e-05
-0.869  -3.76195e-05
-0.868  -3.80216e-05
-0.867  -3.19954e-05
-0.866  -3.51856e-05
-0.865  -3.25013e-05
-0.864  -3.1646e-05
-0.863  -3.59219e-05
-0.862  -3.95502e-05
-0.861  -3.79692e-05
-0.86  -3.39844e-05
-0.859  -3.58054e-05
-0.858  -3.88425e-05
-0.857  -3.66802e-05
-0.856  -3.50046e-05
-0.855  -3.26219e-05
-0.854  -3.59092e-05
-0.853  -3.45805e-05
-0.852  -3.12629e-05
-0.851  -2.79311e-05
-0.85  -2.48354e-05
-0.849  -2.31639e-05
-0.848  -3.23851e-05
-0.847  -3.16004e-05
-0.846  -3.7007e-05
-0.845  -3.61347e-05
-0.844  -3.60127e-05
-0.843  -3.42205e-05
-0.842  -3.20849e-05
-0.841  -3.37741e-05
-0.84  -2.88194e-05
-0.839  -3.09952e-05
-0.838  -2.95729e-05
-0.837  -2.70317e-05
-0.836  -3.20726e-05
-0.835  -2.64834e-05
-0.834  -2.37094e-05
-0.833  -3.18696e-05
-0.832  -3.7532e-05
-0.831  -3.80923e-05
-0.83  -3.69129e-05
-0.829  -3.17851e-05
-0.828  -3.09604e-05
-0.827  -2.83973e-05
-0.826  -2.82116e-05
-0.825  -2.80608e-05
-0.824  -3.22622e-05
-0.823  -3.25054e-05
-0.822  -2.77312e-05
-0.821  -2.95047e-05
-0.82  -2.91566e-05
-0.819  -2.62388e-05
-0.818  -3.00916e-05
-0.817  -2.84169e-05
-0.816  -3.63848e-05
-0.815  -3.44964e-05
-0.814  -3.09269e-05
-0.813  -2.72532e-05
-0.812  -2.65941e-05
-0.811  -3.01549e-05
-0.81  -2.89516e-05
-0.809  -3.63251e-05
-0.808  -3.21213e-05
-0.807  -3.4036e-05
-0.806  -3.58219e-05
-0.805  -3.40619e-05
-0.804  -3.321e-05
-0.803  -3.94413e-05
-0.802  -3.93781e-05
-0.801  -3.6896e-05
-0.8  -3.90432e-05
-0.799  -3.74666e-05
-0.798  -3.81583e-05
-0.797  -3.59673e-05
-0.796  -4.35821e-05
-0.795  -4.6404e-05
-0.794  -4.92432e-05
-0.793  -4.83254e-05
-0.792  -4.34217e-05
-0.791  -4.45433e-05
-0.79  -3.74753e-05
-0.789  -3.87606e-05
-0.788  -3.71027e-05
-0.787  -3.79419e-05
-0.786  -4.14922e-05
-0.785  -4.06021e-05
-0.784  -4.1078e-05
-0.783  -4.09022e-05
-0.782  -4.40195e-05
-0.781  -4.34018e-05
-0.78  -3.79241e-05
-0.779  -4.129e-05
-0.778  -3.60965e-05
-0.777  -3.59855e-05
-0.776  -3.59182e-05
-0.775  -3.15629e-05
-0.774  -2.97755e-05
-0.773  -3.22355e-05
-0.772  -3.45393e-05
-0.771  -3.71849e-05
-0.77  -3.95186e-05
-0.769  -3.98118e-05
-0.768  -4.25463e-05
-0.767  -4.14951e-05
-0.766  -4.36045e-05
-0.765  -4.40146e-05
-0.764  -4.42878e-05
-0.763  -3.97888e-05
-0.762  -3.71051e-05
-0.761  -4.09337e-05
-0.76  -3.67693e-05
-0.759  -3.82117e-05
-0.758  -3.54929e-05
-0.757  -3.5499e-05
-0.756  -4.04176e-05
-0.755  -4.06645e-05
-0.754  -3.76619e-05
-0.753  -3.40283e-05
-0.752  -3.52483e-05
-0.751  -3.3066e-05
-0.75  -3.08014e-05
-0.749  -3.0354e-05
-0.748  -2.99828e-05
-0.747  -3.34677e-05
-0.746  -3.2436e-05
-0.745  -3.00655e-05
-0.744  -3.00664e-05
-0.743  -3.01927e-05
-0.742  -2.65813e-05
-0.741  -2.56337e-05
-0.74  -3.01572e-05
-0.739  -2.81171e-05
-0.738  -2.752e-05
-0.737  -2.78659e-05
-0.736  -3.01054e-05
-0.735  -3.40165e-05
-0.734  -3.70362e-05
-0.733  -3.37255e-05
-0.732  -2.99397e-05
-0.731  -3.17584e-05
-0.73  -3.14054e-05
-0.729  -3.10031e-05
-0.728  -2.72403e-05
-0.727  -2.71521e-05
-0.726  -3.002e-05
-0.725  -2.76945e-05
-0.724  -2.77608e-05
-0.723  -3.14567e-05
-0.722  -3.54378e-05
-0.721  -2.82683e-05
-0.72  -2.49178e-05
-0.719  -2.62978e-05
-0.718  -2.44753e-05
-0.717  -2.60481e-05
-0.716  -2.44e-05
-0.715  -1.95211e-05
-0.714  -1.68351e-05
-0.713  -2.19733e-05
-0.712  -2.31595e-05
-0.711  -2.03197e-05
-0.71  -1.99455e-05
-0.709  -1.98784e-05
-0.708  -1.90464e-05
-0.707  -1.85741e-05
-0.706  -2.36388e-05
-0.705  -2.6706e-05
-0.704  -3.11945e-05
-0.703  -2.84496e-05
-0.702  -2.73444e-05
-0.701  -3.06461e-05
-0.7  -2.94864e-05
-0.699  -2.99366e-05
-0.698  -2.60068e-05
-0.697  -2.54853e-05
-0.696  -3.0816e-05
-0.695  -3.19205e-05
-0.694  -3.13114e-05
-0.693  -2.97934e-05
-0.692  -3.04657e-05
-0.691  -2.83714e-05
-0.69  -2.60216e-05
-0.689  -2.88238e-05
-0.688  -3.25715e-05
-0.687  -3.07573e-05
-0.686  -3.05149e-05
-0.685  -2.70842e-05
-0.684  -2.8081e-05
-0.683  -3.47103e-05
-0.682  -3.45643e-05
-0.681  -3.63027e-05
-0.68  -3.43196e-05
-0.679  -3.23383e-05
-0.678  -3.70434e-05
-0.677  -3.58771e-05
-0.676  -3.80501e-05
-0.675  -4.08627e-05
-0.674  -3.92248e-05
-0.673  -4.00321e-05
-0.672  -4.17544e-05
-0.671  -4.31357e-05
-0.67  -4.5988e-05
-0.669  -3.99288e-05
-0.668  -3.4348e-05
-0.667  -3.00801e-05
-0.666  -3.07087e-05
-0.665  -3.0491e-05
-0.664  -2.97361e-05
-0.663  -3.23429e-05
-0.662  -3.2297e-05
-0.661  -3.40163e-05
-0.66  -3.37862e-05
-0.659  -3.5298e-05
-0.658  -3.3949e-05
-0.657  -3.39298e-05
-0.656  -3.23737e-05
-0.655  -3.39672e-05
-0.654  -3.36767e-05
-0.653  -3.34426e-05
-0.652  -3.32615e-05
-0.651  -3.09268e-05
-0.65  -3.24978e-05
-0.649  -3.62904e-05
-0.648  -3.87491e-05
-0.647  -3.69213e-05
-0.646  -3.60267e-05
-0.645  -3.43797e-05
-0.644  -3.48936e-05
-0.643  -3.19871e-05
-0.642  -3.18597e-05
-0.641  -3.49145e-05
-0.64  -2.99696e-05
-0.639  -3.02342e-05
-0.638  -2.58464e-05
-0.637  -2.28724e-05
-0.636  -2.5888e-05
-0.635  -2.55287e-05
-0.634  -2.57377e-05
-0.633  -3.08736e-05
-0.632  -2.93126e-05
-0.631  -3.21695e-05
-0.63  -3.3148e-05
-0.629  -3.71939e-05
-0.628  -3.86515e-05
-0.627  -3.76908e-05
-0.626  -4.05358e-05
-0.625  -4.02082e-05
-0.624  -4.05017e-05
-0.623  -3.89563e-05
-0.622  -3.93947e-05
-0.621  -4.18236e-05
-0.62  -3.94627e-05
-0.619  -4.21045e-05
-0.618  -4.26603e-05
-0.617  -4.23364e-05
-0.616  -3.91563e-05
-0.615  -4.01738e-05
-0.614  -3.81385e-05
-0.613  -3.7065e-05
-0.612  -3.60961e-05
-0.611  -3.5706e-05
-0.61  -3.06537e-05
-0.609  -2.64159e-05
-0.608  -1.8545e-05
-0.607  -1.55041e-05
-0.606  -1.63735e-05
-0.605  -2.07631e-05
-0.604  -2.00985e-05
-0.603  -2.24354e-05
-0.602  -2.34814e-05
-0.601  -2.59044e-05
-0.6  -2.42641e-05
-0.599  -2.88993e-05
-0.598  -2.63455e-05
-0.597  -2.85779e-05
-0.596  -2.76967e-05
-0.595  -2.68872e-05
-0.594  -2.87498e-05
-0.593  -2.9334e-05
-0.592  -3.1166e-05
-0.591  -3.52963e-05
-0.59  -3.4731e-05
-0.589  -4.41752e-05
-0.588  -4.58132e-05
-0.587  -4.49604e-05
-0.586  -3.82107e-05
-0.585  -4.33212e-05
-0.584  -4.21976e-05
-0.583  -3.92451e-05
-0.582  -3.89745e-05
-0.581  -4.11614e-05
-0.58  -3.67936e-05
-0.579  -3.7786e-05
-0.578  -3.49942e-05
-0.577  -3.33697e-05
-0.576  -3.53446e-05
-0.575  -3.61977e-05
-0.574  -3.42496e-05
-0.573  -3.56965e-05
-0.572  -3.33596e-05
-0.571  -3.65945e-05
-0.57  -3.14937e-05
-0.569  -3.57207e-05
-0.568  -3.32058e-05
-0.567  -3.48936e-05
-0.566  -3.29485e-05
-0.565  -3.31809e-05
-0.564  -3.68699e-05
-0.563  -4.39185e-05
-0.562  -4.33382e-05
-0.561  -4.41523e-05
-0.56  -4.2578e-05
-0.559  -4.50551e-05
-0.558  -4.75628e-05
-0.557  -4.17535e-05
-0.556  -3.74737e-05
-0.555  -4.01665e-05
-0.554  -4.1047e-05
-0.553  -4.04176e-05
-0.552  -4.04164e-05
-0.551  -4.22337e-05
-0.55  -3.95781e-05
-0.549  -4.11318e-05
-0.548  -4.17765e-05
-0.547  -3.88989e-05
-0.546  -3.78868e-05
-0.545  -3.76434e-05
-0.544  -3.13538e-05
-0.543  -3.28106e-05
-0.542  -3.33078e-05
-0.541  -3.45921e-05
-0.54  -3.18584e-05
-0.539  -3.55215e-05
-0.538  -3.80415e-05
-0.537  -4.03587e-05
-0.536  -3.90285e-05
-0.535  -3.64893e-05
-0.534  -3.85992e-05
-0.533  -4.62239e-05
-0.532  -4.91112e-05
-0.531  -4.57944e-05
-0.53  -4.34629e-05
-0.529  -4.02878e-05
-0.528  -4.34402e-05
-0.527  -4.10805e-05
-0.526  -3.80284e-05
-0.525  -3.78946e-05
-0.524  -3.96905e-05
-0.523  -3.78223e-05
-0.522  -4.05262e-05
-0.521  -4.16401e-05
-0.52  -4.06085e-05
-0.519  -4.17561e-05
-0.518  -4.1638e-05
-0.517  -3.95133e-05
-0.516  -3.96778e-05
-0.515  -3.9314e-05
-0.514  -3.19676e-05
-0.513  -3.25985e-05
-0.512  -3.2052e-05
-0.511  -3.03683e-05
-0.51  -3.24151e-05
-0.509  -3.7777e-05
-0.508  -3.69028e-05
-0.507  -4.04557e-05
-0.506  -4.02215e-05
-0.505  -3.49636e-05
-0.504  -3.24708e-05
-0.503  -3.48394e-05
-0.502  -3.82881e-05
-0.501  -3.59775e-05
-0.5  -3.46866e-05
-0.499  -3.2532e-05
-0.498  -4.0472e-05
-0.497  -3.90986e-05
-0.496  -3.54958e-05
-0.495  -3.75333e-05
-0.494  -3.83016e-05
-0.493  -4.01882e-05
-0.492  -4.65665e-05
-0.491  -4.47352e-05
-0.49  -3.96764e-05
-0.489  -4.03725e-05
-0.488  -3.74645e-05
-0.487  -3.85934e-05
-0.486  -4.40799e-05
-0.485  -5.08877e-05
-0.484  -4.64443e-05
-0.483  -4.61123e-05
-0.482  -4.72515e-05
-0.481  -4.73838e-05
-0.48  -4.96297e-05
-0.479  -4.51655e-05
-0.478  -3.97627e-05
-0.477  -4.37816e-05
-0.476  -4.19589e-05
-0.475  -3.52693e-05
-0.474  -3.16934e-05
-0.473  -3.25804e-05
-0.472  -3.65019e-05
-0.471  -3.72123e-05
-0.47  -3.59777e-05
-0.469  -3.63646e-05
-0.468  -3.89153e-05
-0.467  -3.74464e-05
-0.466  -3.57171e-05
-0.465  -3.89545e-05
-0.464  -3.94653e-05
-0.463  -3.66174e-05
-0.462  -3.85853e-05
-0.461  -3.56753e-05
-0.46  -3.50533e-05
-0.459  -3.7263e-05
-0.458  -3.49475e-05
-0.457  -3.41617e-05
-0.456  -3.98988e-05
-0.455  -4.49543e-05
-0.454  -4.18397e-05
-0.453  -4.38812e-05
-0.452  -4.30305e-05
-0.451  -4.75748e-05
-0.45  -4.99302e-05
-0.449  -4.58295e-05
-0.448  -3.69502e-05
-0.447  -3.58162e-05
-0.446  -3.6347e-05
-0.445  -3.04785e-05
-0.444  -2.89574e-05
-0.443  -3.05827e-05
-0.442  -3.33525e-05
-0.441  -3.45547e-05
-0.44  -3.1559e-05
-0.439  -3.27919e-05
-0.438  -3.77686e-05
-0.437  -3.69675e-05
-0.436  -3.74088e-05
-0.435  -4.00266e-05
-0.434  -3.85517e-05
-0.433  -3.57119e-05
-0.432  -3.3844e-05
-0.431  -3.06614e-05
-0.43  -3.06885e-05
-0.429  -3.4237e-05
-0.428  -3.29128e-05
-0.427  -3.02236e-05
-0.426  -3.41276e-05
-0.425  -4.05217e-05
-0.424  -3.52276e-05
-0.423  -3.97445e-05
-0.422  -3.84764e-05
-0.421  -4.58569e-05
-0.42  -4.66778e-05
-0.419  -4.47269e-05
-0.418  -3.55903e-05
-0.417  -3.38257e-05
-0.416  -3.62444e-05
-0.415  -3.09076e-05
-0.414  -3.48276e-05
-0.413  -3.71227e-05
-0.412  -3.7894e-05
-0.411  -4.13515e-05
-0.41  -3.96244e-05
-0.409  -3.65147e-05
-0.408  -3.66414e-05
-0.407  -3.68378e-05
-0.406  -3.3101e-05
-0.405  -3.64892e-05
-0.404  -3.21607e-05
-0.403  -3.13375e-05
-0.402  -2.98789e-05
-0.401  -3.03791e-05
-0.4  -2.89568e-05
-0.399  -3.61895e-05
-0.398  -3.32734e-05
-0.397  -2.3713e-05
-0.396  -2.84233e-05
-0.395  -2.74179e-05
-0.394  -2.46245e-05
-0.393  -2.65521e-05
-0.392  -2.63732e-05
-0.391  -3.44298e-05
-0.39  -3.69954e-05
-0.389  -3.86429e-05
-0.388  -3.45932e-05
-0.387  -3.54193e-05
-0.386  -3.66927e-05
-0.385  -3.56028e-05
-0.384  -3.68218e-05
-0.383  -3.49916e-05
-0.382  -3.35711e-05
-0.381  -3.55732e-05
-0.38  -3.10033e-05
-0.379  -3.01272e-05
-0.378  -3.19294e-05
-0.377  -2.84484e-05
-0.376  -2.92292e-05
-0.375  -3.10165e-05
-0.374  -3.21196e-05
-0.373  -3.13773e-05
-0.372  -2.654e-05
-0.371  -3.00386e-05
-0.37  -2.4923e-05
-0.369  -2.83036e-05
-0.368  -2.60393e-05
-0.367  -2.43498e-05
-0.366  -2.94183e-05
-0.365  -2.15524e-05
-0.364  -1.97144e-05
-0.363  -2.52557e-05
-0.362  -2.37215e-05
-0.361  -2.95404e-05
-0.36  -3.08706e-05
-0.359  -3.32474e-05
-0.358  -3.22185e-05
-0.357  -3.14012e-05
-0.356  -3.46516e-05
-0.355  -3.40266e-05
-0.354  -3.51247e-05
-0.353  -3.59855e-05
-0.352  -3.52814e-05
-0.351  -4.13295e-05
-0.35  -3.94227e-05
-0.349  -4.03072e-05
-0.348  -3.93343e-05
-0.347  -3.38349e-05
-0.346  -3.8419e-05
-0.345  -4.24004e-05
-0.344  -3.54099e-05
-0.343  -3.55802e-05
-0.342  -3.21673e-05
-0.341  -3.6152e-05
-0.34  -3.294e-05
-0.339  -3.91004e-05
-0.338  -3.67736e-05
-0.337  -2.96955e-05
-0.336  -3.15389e-05
-0.335  -2.64594e-05
-0.334  -2.50119e-05
-0.333  -2.38948e-05
-0.332  -1.85992e-05
-0.331  -2.14113e-05
-0.33  -1.8226e-05
-0.329  -2.2736e-05
-0.328  -2.37516e-05
-0.327  -2.87597e-05
-0.326  -2.82248e-05
-0.325  -2.88013e-05
-0.324  -3.03749e-05
-0.323  -3.44035e-05
-0.322  -3.39258e-05
-0.321  -4.10363e-05
-0.32  -3.40537e-05
-0.319  -3.57879e-05
-0.318  -3.9694e-05
-0.317  -3.39921e-05
-0.316  -3.3186e-05
-0.315  -3.20862e-05
-0.314  -2.86107e-05
-0.313  -2.73878e-05
-0.312  -2.53794e-05
-0.311  -2.90652e-05
-0.31  -2.3381e-05
-0.309  -2.75559e-05
-0.308  -2.57587e-05
-0.307  -2.45626e-05
-0.306  -3.34102e-05
-0.305  -2.69968e-05
-0.304  -2.33112e-05
-0.303  -2.40645e-05
-0.302  -2.20261e-05
-0.301  -2.89425e-05
-0.3  -2.53856e-05
-0.299  -2.65002e-05
-0.298  -2.69436e-05
-0.297  -2.92444e-05
-0.296  -3.1991e-05
-0.295  -3.28044e-05
-0.294  -3.87616e-05
-0.293  -3.67434e-05
-0.292  -3.89636e-05
-0.291  -4.34055e-05
-0.29  -3.47184e-05
-0.289  -3.08204e-05
-0.288  -3.30028e-05
-0.287  -2.71561e-05
-0.286  -3.13537e-05
-0.285  -3.33831e-05
-0.284  -2.74375e-05
-0.283  -1.84799e-05
-0.282  -1.55558e-05
-0.281  -1.45331e-05
-0.28  -1.35532e-05
-0.279  -1.98516e-05
-0.278  -2.18537e-05
-0.277  -2.22532e-05
-0.276  -2.77186e-05
-0.275  -2.53398e-05
-0.274  -2.59633e-05
-0.273  -2.23925e-05
-0.272  -1.88529e-05
-0.271  -2.27839e-05
-0.27  -2.28233e-05
-0.269  -1.89692e-05
-0.268  -1.94471e-05
-0.267  -2.0139e-05
-0.266  -1.93503e-05
-0.265  -2.51695e-05
-0.264  -3.55262e-05
-0.263  -3.31442e-05
-0.262  -3.74836e-05
-0.261  -3.98346e-05
-0.26  -2.91861e-05
-0.259  -2.92385e-05
-0.258  -3.22879e-05
-0.257  -3.35918e-05
-0.256  -3.25243e-05
-0.255  -3.36953e-05
-0.254  -3.32125e-05
-0.253  -2.79563e-05
-0.252  -2.69776e-05
-0.251  -2.65263e-05
-0.25  -3.08146e-05
-0.249  -3.09554e-05
-0.248  -3.07273e-05
-0.247  -3.26739e-05
-0.246  -2.98921e-05
-0.245  -2.63943e-05
-0.244  -2.52377e-05
-0.243  -2.16497e-05
-0.242  -1.76861e-05
-0.241  -2.18857e-05
-0.24  -2.04539e-05
-0.239  -1.60869e-05
-0.238  -1.35945e-05
-0.237  -1.52155e-05
-0.236  -1.46782e-05
-0.235  -1.74742e-05
-0.234  -2.70394e-05
-0.233  -2.58943e-05
-0.232  -3.13688e-05
-0.231  -3.33885e-05
-0.23  -2.8819e-05
-0.229  -2.86139e-05
-0.228  -3.00052e-05
-0.227  -3.69061e-05
-0.226  -3.76389e-05
-0.225  -4.07011e-05
-0.224  -4.07436e-05
-0.223  -3.85421e-05
-0.222  -3.95153e-05
-0.221  -3.67542e-05
-0.22  -3.54274e-05
-0.219  -3.25953e-05
-0.218  -2.98319e-05
-0.217  -3.27332e-05
-0.216  -2.79169e-05
-0.215  -2.56405e-05
-0.214  -2.59368e-05
-0.213  -2.21412e-05
-0.212  -1.56138e-05
-0.211  -1.71595e-05
-0.21  -1.49241e-05
-0.209  -1.14692e-05
-0.208  -5.2702e-06
-0.207  -1.99954e-06
-0.206  -3.23127e-06
-0.205  -8.7473e-06
-0.204  -9.39944e-06
-0.203  -1.03038e-05
-0.202  -1.40657e-05
-0.201  -1.73407e-05
-0.2  -1.81327e-05
-0.199  -1.80416e-05
-0.198  -1.74033e-05
-0.197  -2.65861e-05
-0.196  -2.81683e-05
-0.195  -2.75026e-05
-0.194  -2.87358e-05
-0.193  -3.01248e-05
-0.192  -2.6797e-05
-0.191  -2.59513e-05
-0.19  -2.73137e-05
-0.189  -2.35797e-05
-0.188  -2.47739e-05
-0.187  -2.42155e-05
-0.186  -2.02774e-05
-0.185  -2.32028e-05
-0.184  -2.2972e-05
-0.183  -1.35351e-05
-0.182  -1.52464e-05
-0.181  -1.51625e-05
-0.18  -1.81972e-05
-0.179  -1.64448e-05
-0.178  -1.32261e-05
-0.177  -7.45056e-06
-0.176  -9.78459e-06
-0.175  -1.47358e-05
-0.174  -1.31352e-05
-0.173  -1.70071e-05
-0.172  -1.79265e-05
-0.171  -1.6453e-05
-0.17  -2.10603e-05
-0.169  -1.97473e-05
-0.168  -1.95087e-05
-0.167  -2.91034e-05
-0.166  -2.75707e-05
-0.165  -2.21601e-05
-0.164  -3.1718e-05
-0.163  -2.65155e-05
-0.162  -2.38174e-05
-0.161  -1.80798e-05
-0.16  -1.96844e-05
-0.159  -1.53861e-05
-0.158  -1.65235e-05
-0.157  -1.94159e-05
-0.156  -1.57598e-05
-0.155  -2.07234e-05
-0.154  -2.14435e-05
-0.153  -1.7661e-05
-0.152  -1.93821e-05
-0.151  -1.6893e-05
-0.15  -2.21804e-05
-0.149  -2.55926e-05
-0.148  -1.93317e-05
-0.147  -1.80629e-05
-0.146  -2.48087e-05
-0.145  -2.77234e-05
-0.144  -2.57748e-05
-0.143  -2.7303e-05
-0.142  -3.22107e-05
-0.141  -3.25366e-05
-0.14  -3.62419e-05
-0.139  -3.67261e-05
-0.138  -3.34737e-05
-0.137  -3.75956e-05
-0.136  -3.56884e-05
-0.135  -3.16156e-05
-0.134  -3.00238e-05
-0.133  -2.91672e-05
-0.132  -2.70526e-05
-0.131  -2.16079e-05
-0.13  -1.731e-05
-0.129  -1.53199e-05
-0.128  -1.36492e-05
-0.127  -1.32204e-05
-0.126  -1.01097e-05
-0.125  -1.46244e-05
-0.124  -1.4108e-05
-0.123  -9.87191e-06
-0.122  -1.01601e-05
-0.121  -1.09551e-05
-0.12  -2.48609e-05
-0.119  -4.69611e-05
-0.118  -7.87555e-05
-0.117  -0.000134516
-0.116  -0.000219637
-0.115  -0.00034846
-0.114  -0.000517101
-0.113  -0.000757277
-0.112  -0.0010865
-0.111  -0.00152097
-0.11  -0.00208304
-0.109  -0.00280308
-0.108  -0.00369751
-0.107  -0.00481572
-0.106  -0.00617516
-0.105  -0.00780237
-0.104  -0.00975984
-0.103  -0.0120669
-0.102  -0.0147327
-0.101  -0.0178181
-0.1  -0.0213412
-0.099  -0.0253221
-0.098  -0.0297977
-0.097  -0.0347977
-0.096  -0.0403362
-0.095  -0.0464164
-0.094  -0.0530662
-0.093  -0.0602731
-0.092  -0.0680613
-0.091  -0.0764108
-0.09  -0.0853199
-0.089  -0.0947999
-0.088  -0.104802
-0.087  -0.115339
-0.086  -0.12639
-0.085  -0.137925
-0.084  -0.149926
-0.083  -0.162369
-0.082  -0.175234
-0.081  -0.188505
-0.08  -0.202123
-0.079  -0.216082
-0.078  -0.230357
-0.077  -0.244926
-0.076  -0.259764
-0.075  -0.274808
-0.074  -0.290094
-0.073  -0.30556
-0.072  -0.321181
-0.071  -0.336942
-0.07  -0.352804
-0.069  -0.36875
-0.068  -0.384756
-0.067  -0.400811
-0.066  -0.416862
-0.065  -0.432897
-0.064  -0.448914
-0.063  -0.464847
-0.062  -0.4807
-0.061  -0.49649
-0.06  -0.512159
-0.059  -0.527688
-0.058  -0.54306
-0.057  -0.558271
-0.056  -0.573321
-0.055  -0.588168
-0.054  -0.602805
-0.053  -0.617249
-0.052  -0.631465
-0.051  -0.645452
-0.05  -0.659222
-0.049  -0.672748
-0.048  -0.686027
-0.047  -0.699047
-0.046  -0.711837
-0.045  -0.724391
-0.044  -0.736691
-0.043  -0.74872
-0.042  -0.760489
-0.041  -0.772005
-0.04  -0.783261
-0.039  -0.79426
-0.038  -0.804984
-0.037  -0.815445
-0.036  -0.825615
-0.035  -0.83552
-0.034  -0.845151
-0.033  -0.854514
-0.032  -0.863579
-0.031  -0.872374
-0.03  -0.88088
-0.029  -0.889107
-0.028  -0.897081
-0.027  -0.90474
-0.026  -0.912116
-0.025  -0.919215
-0.024  -0.926047
-0.023  -0.932599
-0.022  -0.938868
-0.021  -0.944843
-0.02  -0.950551
-0.019  -0.955992
-0.018  -0.961168
-0.017  -0.966072
-0.016  -0.9707
-0.015  -0.975064
-0.014  -0.979149
-0.013  -0.982972
-0.012  -0.98653
-0.011  -0.989831
-0.01  -0.992864
-0.009  -0.995625
-0.008  -0.998154
-0.007  -1.00041
-0.006  -1.00239
-0.005  -1.00412
-0.004  -1.00559
-0.003  -1.00682
-0.002  -1.00781
-0.001  -1.00853
0  -1.00901
0.001  -1.00924
0.002  -1.00926
0.003  -1.00904
0.004  -1.00861
0.005  -1.00796
0.006  -1.00712
0.007  -1.00604
0.008  -1.00478
0.009  -1.00331
0.01  -1.00166
0.011  -0.999825
0.012  -0.997833
0.013  -0.995682
0.014  -0.993351
0.015  -0.990878
0.016  -0.988251
0.017  -0.985471
0.018  -0.982583
0.019  -0.979555
0.02  -0.976419
0.021  -0.973146
0.022  -0.969784
0.023  -0.966284
0.024  -0.962704
0.025  -0.959029
0.026  -0.955259
0.027  -0.951414
0.028  -0.947494
0.029  -0.943491
0.03  -0.939408
0.031  -0.935238
0.032  -0.931025
0.033  -0.926764
0.034  -0.922446
0.035  -0.918053
0.036  -0.913633
0.037  -0.909144
0.038  -0.904633
0.039  -0.900064
0.04  -0.895448
0.041  -0.890787
0.042  -0.886103
0.043  -0.881378
0.044  -0.876602
0.045  -0.871802
0.046  -0.86698
0.047  -0.862129
0.048  -0.857249
0.049  -0.852346
0.05  -0.847435
0.051  -0.842471
0.052  -0.83752
0.053  -0.83253
0.054  -0.827544
0.055  -0.82254
0.056  -0.817532
0.057  -0.812516
0.058  -0.807498
0.059  -0.802487
0.06  -0.797472
0.061  -0.792484
0.062  -0.78747
0.063  -0.782484
0.064  -0.777515
0.065  -0.772526
0.066  -0.767537
0.067  -0.762583
0.068  -0.757627
0.069  -0.752693
0.07  -0.747777
0.071  -0.742857
0.072  -0.737955
0.073  -0.733069
0.074  -0.728213
0.075  -0.723354
0.076  -0.718519
0.077  -0.713719
0.078  -0.708936
0.079  -0.704176
0.08  -0.699422
0.081  -0.694703
0.082  -0.690012
0.083  -0.685354
0.084  -0.680731
0.085  -0.676156
0.086  -0.671607
0.087  -0.667083
0.088  -0.662598
0.089  -0.658174
0.09  -0.653776
0.091  -0.649447
0.092  -0.645142
0.093  -0.640869
0.094  -0.636648
0.095  -0.632468
0.096  -0.628308
0.097  -0.624204
0.098  -0.620156
0.099  -0.616129
0.1  -0.61215
0.101  -0.608205
0.102  -0.604286
0.103  -0.600405
0.104  -0.59658
0.105  -0.59277
0.106  -0.589008
0.107  -0.585295
0.108  -0.581598
0.109  -0.577939
0.11  -0.574294
0.111  -0.570703
0.112  -0.567139
0.113  -0.563631
0.114  -0.560136
0.115  -0.556688
0.116  -0.553288
0.117  -0.549877
0.118  -0.546534
0.119  -0.543226
0.12  -0.539955
0.121  -0.536733
0.122  -0.533542
0.123  -0.530348
0.124  -0.527188
0.125  -0.524088
0.126  -0.520979
0.127  -0.517919
0.128  -0.514911
0.129  -0.511917
0.13  -0.508933
0.131  -0.505982
0.132  -0.503025
0.133  -0.500105
0.134  -0.497219
0.135  -0.494324
0.136  -0.491468
0.137  -0.488643
0.138  -0.485817
0.139  -0.483034
0.14  -0.480245
0.141  -0.477464
0.142  -0.474697
0.143  -0.471983
0.144  -0.469246
0.145  -0.466535
0.146  -0.463847
0.147  -0.46112
0.148  -0.458434
0.149  -0.455784
0.15  -0.453145
0.151  -0.450524
0.152  -0.447918
0.153  -0.445296
0.154  -0.442668
0.155  -0.440079
0.156  -0.437476
0.157  -0.434881
0.158  -0.432268
0.159  -0.429683
0.16  -0.427114
0.161  -0.424557
0.162  -0.42195
0.163  -0.419366
0.164  -0.416804
0.165  -0.414211
0.166  -0.411658
0.167  -0.409085
0.168  -0.406498
0.169  -0.403923
0.17  -0.401358
0.171  -0.398788
0.172  -0.396194
0.173  -0.39365
0.174  -0.391072
0.175  -0.388484
0.176  -0.385919
0.177  -0.38335
0.178  -0.380766
0.179  -0.378187
0.18  -0.375636
0.181  -0.373096
0.182  -0.370541
0.183  -0.367979
0.184  -0.365433
0.185  -0.362876
0.186  -0.36033
0.187  -0.357804
0.188  -0.355257
0.189  -0.352718
0.19  -0.350184
0.191  -0.347669
0.192  -0.34512
0.193  -0.342594
0.194  -0.340084
0.195  -0.337573
0.196  -0.335061
0.197  -0.332573
0.198  -0.33009
0.199  -0.327606
0.2  -0.325146
0.201  -0.322702
0.202  -0.320243
0.203  -0.31781
0.204  -0.315402
0.205  -0.312987
0.206  -0.310581
0.207  -0.308215
0.208  -0.305854
0.209  -0.303515
0.21  -0.301218
0.211  -0.298934
0.212  -0.296663
0.213  -0.294418
0.214  -0.292177
0.215  -0.289966
0.216  -0.287784
0.217  -0.285598
0.218  -0.283436
0.219  -0.281308
0.22  -0.279204
0.221  -0.277109
0.222  -0.27503
0.223  -0.272971
0.224  -0.270955
0.225  -0.26895
0.226  -0.266944
0.227  -0.264987
0.228  -0.263052
0.229  -0.261127
0.23  -0.259234
0.231  -0.257379
0.232  -0.25553
0.233  -0.253717
0.234  -0.251929
0.235  -0.250142
0.236  -0.248409
0.237  -0.246707
0.238  -0.245018
0.239  -0.243357
0.24  -0.241758
0.241  -0.240164
0.242  -0.238579
0.243  -0.237033
0.244  -0.235498
0.245  -0.23401
0.246  -0.232544
0.247  -0.231053
0.248  -0.229597
0.249  -0.228198
0.25  -0.226799
0.251  -0.225398
0.252  -0.224029
0.253  -0.222688
0.254  -0.221364
0.255  -0.220066
0.256  -0.218748
0.257  -0.21747
0.258  -0.216215
0.259  -0.21495
0.26  -0.213706
0.261  -0.212503
0.262  -0.211284
0.263  -0.210088
0.264  -0.208908
0.265  -0.207724
0.266  -0.2066
0.267  -0.205485
0.268  -0.204353
0.269  -0.203245
0.27  -0.202169
0.271  -0.20109
0.272  -0.200007
0.273  -0.198955
0.274  -0.197886
0.275  -0.196854
0.276  -0.195814
0.277  -0.194752
0.278  -0.193711
0.279  -0.192716
0.28  -0.191697
0.281  -0.190689
0.282  -0.189677
0.283  -0.188673
0.284  -0.187659
0.285  -0.18665
0.286  -0.185624
0.287  -0.184616
0.288  -0.183594
0.289  -0.182581
0.29  -0.181577
0.291  -0.180572
0.292  -0.179562
0.293  -0.178538
0.294  -0.177533
0.295  -0.1765
0.296  -0.175506
0.297  -0.174523
0.298  -0.173488
0.299  -0.172457
0.3  -0.171438
0.301  -0.170431
0.302  -0.169408
0.303  -0.168407
0.304  -0.167382
0.305  -0.166388
0.306  -0.165372
0.307  -0.164347
0.308  -0.163323
0.309  -0.162316
0.31  -0.161297
0.311  -0.160272
0.312  -0.159266
0.313  -0.15824
0.314  -0.157221
0.315  -0.156184
0.316  -0.15513
0.317  -0.154103
0.318  -0.153078
0.319  -0.152056
0.32  -0.151033
0.321  -0.149995
0.322  -0.148973
0.323  -0.147944
0.324  -0.146922
0.325  -0.145895
0.326  -0.144887
0.327  -0.143896
0.328  -0.142861
0.329  -0.141834
0.33  -0.140825
0.331  -0.139818
0.332  -0.138804
0.333  -0.137817
0.334  -0.136841
0.335  -0.135881
0.336  -0.134921
0.337  -0.133953
0.338  -0.132987
0.339  -0.132044
0.34  -0.131107
0.341  -0.130157
0.342  -0.129233
0.343  -0.128299
0.344  -0.127379
0.345  -0.12646
0.346  -0.125544
0.347  -0.124654
0.348  -0.123784
0.349  -0.122898
0.35  -0.122038
0.351  -0.121189
0.352  -0.120353
0.353  -0.119513
0.354  -0.118676
0.355  -0.117859
0.356  -0.117064
0.357  -0.11628
0.358  -0.115476
0.359  -0.114691
0.36  -0.113933
0.361  -0.11317
0.362  -0.112422
0.363  -0.111695
0.364  -0.110987
0.365  -0.110279
0.366  -0.109586
0.367  -0.108898
0.368  -0.10823
0.369  -0.107574
0.37  -0.106918
0.371  -0.106261
0.372  -0.105627
0.373  -0.105003
0.374  -0.104382
0.375  -0.103765
0.376  -0.103165
0.377  -0.102579
0.378  -0.102003
0.379  -0.101418
0.38  -0.100865
0.381  -0.100315
0.382  -0.0997706
0.383  -0.0992254
0.384  -0.0986766
0.385  -0.0981587
0.386  -0.0976489
0.387  -0.0971364
0.388  -0.0966147
0.389  -0.0961182
0.39  -0.0956351
0.391  -0.0951367
0.392  -0.094643
0.393  -0.0941688
0.394  -0.0936968
0.395  -0.09322
0.396  -0.0927562
0.397  -0.0922914
0.398  -0.0918409
0.399  -0.0913855
0.4  -0.0909199
0.401  -0.0904564
0.402  -0.090002
0.403  -0.0895668
0.404  -0.0891169
0.405  -0.0886629
0.406  -0.0882214
0.407  -0.0877763
0.408  -0.0873228
0.409  -0.0868538
0.41  -0.0864248
0.411  -0.08598
0.412  -0.0855298
0.413  -0.0850881
0.414  -0.0846352
0.415  -0.0841844
0.416  -0.0837475
0.417  -0.0832909
0.418  -0.0828222
0.419  -0.0823833
0.42  -0.0819378
0.421  -0.0814764
0.422  -0.0810043
0.423  -0.0805455
0.424  -0.080083
0.425  -0.0796167
0.426  -0.0791489
0.427  -0.0786681
0.428  -0.0782143
0.429  -0.0777228
0.43  -0.0772419
0.431  -0.0767551
0.432  -0.0762584
0.433  -0.0757705
0.434  -0.075287
0.435  -0.0747803
0.436  -0.0742952
0.437  -0.0738091
0.438  -0.073295
0.439  -0.0727746
0.44  -0.0722892
0.441  -0.0717834
0.442  -0.0712658
0.443  -0.0707632
0.444  -0.0702398
0.445  -0.0697258
0.446  -0.0692323
0.447  -0.0687058
0.448  -0.0681923
0.449  -0.0676925
0.45  -0.067175
0.451  -0.0666687
0.452  -0.0661492
0.453  -0.0656333
0.454  -0.0651184
0.455  -0.064606
0.456  -0.0640938
0.457  -0.0635721
0.458  -0.0630849
0.459  -0.062562
0.46  -0.0620583
0.461  -0.0615661
0.462  -0.0610546
0.463  -0.0605598
0.464  -0.0600728
0.465  -0.0595705
0.466  -0.0590857
0.467  -0.0586031
0.468  -0.0581023
0.469  -0.0576167
0.47  -0.0571521
0.471  -0.0566823
0.472  -0.0562167
0.473  -0.0557652
0.474  -0.0552936
0.475  -0.0548324
0.476  -0.0544
0.477  -0.0539405
0.478  -0.0535057
0.479  -0.0530784
0.48  -0.052644
0.481  -0.0522195
0.482  -0.0518031
0.483  -0.0513822
0.484  -0.0509728
0.485  -0.0505734
0.486  -0.0501847
0.487  -0.0497864
0.488  -0.0494244
0.489  -0.0490339
0.49  -0.0486641
0.491  -0.0482996
0.492  -0.0479348
0.493  -0.0475836
0.494  -0.0472389
0.495  -0.0468973
0.496  -0.0465587
0.497  -0.0462278
0.498  -0.0458945
0.499  -0.0455721
0.5  -0.0452701
0.501  -0.0449586
0.502  -0.044658
0.503  -0.0443676
0.504  -0.0440574
0.505  -0.043759
0.506  -0.043492
0.507  -0.0431939
0.508  -0.0429211
0.509  -0.0426531
0.51  -0.0423858
0.511  -0.042116
0.512  -0.0418636
0.513  -0.0416084
0.514  -0.0413531
0.515  -0.041113
0.516  -0.0408704
0.517  -0.0406179
0.518  -0.0403825
0.519  -0.0401359
0.52  -0.0398945
0.521  -0.0396679
0.522  -0.0394334
0.523  -0.0392082
0.524  -0.0389832
0.525  -0.0387596
0.526  -0.0385292
0.527  -0.0383029
0.528  -0.0380745
0.529  -0.0378554
0.53  -0.0376444
0.531  -0.0374162
0.532  -0.0371958
0.533  -0.0369768
0.534  -0.0367416
0.535  -0.0365122
0.536  -0.0363072
0.537  -0.0360774
0.538  -0.0358627
0.539  -0.0356475
0.54  -0.0354282
0.541  -0.0352
0.542  -0.0349902
0.543  -0.0347593
0.544  -0.034528
0.545  -0.0343038
0.546  -0.0340727
0.547  -0.0338412
0.548  -0.0336022
0.549  -0.0333615
0.55  -0.0331273
0.551  -0.0328972
0.552  -0.0326543
0.553  -0.0324199
0.554  -0.032184
0.555  -0.0319385
0.556  -0.0316938
0.557  -0.0314431
0.558  -0.0311999
0.559  -0.0309468
0.56  -0.0307061
0.561  -0.0304442
0.562  -0.0301926
0.563  -0.0299427
0.564  -0.0296854
0.565  -0.0294256
0.566  -0.0291755
0.567  -0.0289177
0.568  -0.0286711
0.569  -0.0284179
0.57  -0.0281628
0.571  -0.0279066
0.572  -0.0276581
0.573  -0.0273946
0.574  -0.027141
0.575  -0.0268772
0.576  -0.0266146
0.577  -0.0263565
0.578  -0.0260903
0.579  -0.0258224
0.58  -0.0255746
0.581  -0.0253237
0.582  -0.0250542
0.583  -0.0248062
0.584  -0.0245624
0.585  -0.0243089
0.586  -0.0240687
0.587  -0.0238066
0.588  -0.0235659
0.589  -0.0233188
0.59  -0.0230782
0.591  -0.0228281
0.592  -0.0225893
0.593  -0.0223506
0.594  -0.0221249
0.595  -0.0218961
0.596  -0.021666
0.597  -0.021441
0.598  -0.0212325
0.599  -0.0210107
0.6  -0.020795
0.601  -0.020592
0.602  -0.0203908
0.603  -0.0201846
0.604  -0.0199826
0.605  -0.0197698
0.606  -0.0195758
0.607  -0.0193851
0.608  -0.019187
0.609  -0.0189954
0.61  -0.0188326
0.611  -0.0186549
0.612  -0.0184677
0.613  -0.0182914
0.614  -0.0181241
0.615  -0.0179577
0.616  -0.0178146
0.617  -0.0176461
0.618  -0.0174927
0.619  -0.0173475
0.62  -0.017201
0.621  -0.0170464
0.622  -0.0169088
0.623  -0.0167705
0.624  -0.0166507
0.625  -0.0165297
0.626  -0.0164017
0.627  -0.0162832
0.628  -0.0161768
0.629  -0.0160519
0.63  -0.0159458
0.631  -0.0158502
0.632  -0.0157539
0.633  -0.0156486
0.634  -0.0155518
0.635  -0.0154441
0.636  -0.0153512
0.637  -0.0152605
0.638  -0.0151681
0.639  -0.0150809
0.64  -0.0150118
0.641  -0.0149242
0.642  -0.0148337
0.643  -0.0147398
0.644  -0.0146536
0.645  -0.0145674
0.646  -0.0145059
0.647  -0.0144249
0.648  -0.0143456
0.649  -0.0142765
0.65  -0.0142036
0.651  -0.0141221
0.652  -0.0140585
0.653  -0.0139918
0.654  -0.013934
0.655  -0.0138773
0.656  -0.0138116
0.657  -0.0137497
0.658  -0.013695
0.659  -0.0136344
0.66  -0.0135864
0.661  -0.013541
0.662  -0.0134888
0.663  -0.01343
0.664  -0.0133753
0.665  -0.0133149
0.666  -0.0132554
0.667  -0.013202
0.668  -0.0131402
0.669  -0.0130738
0.67  -0.0130273
0.671  -0.0129736
0.672  -0.0129082
0.673  -0.0128336
0.674  -0.0127653
0.675  -0.0127023
0.676  -0.0126454
0.677  -0.0125791
0.678  -0.0125066
0.679  -0.0124352
0.68  -0.0123685
0.681  -0.0122974
0.682  -0.012233
0.683  -0.0121676
0.684  -0.0121036
0.685  -0.0120408
0.686  -0.0119743
0.687  -0.011918
0.688  -0.0118658
0.689  -0.0118062
0.69  -0.0117441
0.691  -0.0116866
0.692  -0.0116278
0.693  -0.0115605
0.694  -0.0114914
0.695  -0.0114248
0.696  -0.011357
0.697  -0.011296
0.698  -0.0112271
0.699  -0.011158
0.7  -0.0111059
0.701  -0.0110552
0.702  -0.0109911
0.703  -0.0109156
0.704  -0.0108522
0.705  -0.010783
0.706  -0.0107168
0.707  -0.0106499
0.708  -0.0105886
0.709  -0.0105209
0.71  -0.010456
0.711  -0.0103955
0.712  -0.010339
0.713  -0.010284
0.714  -0.010229
0.715  -0.0101775
0.716  -0.0101245
0.717  -0.0100845
0.718  -0.0100375
0.719  -0.00998812
0.72  -0.00993725
0.721  -0.00989406
0.722  -0.00986273
0.723  -0.00981978
0.724  -0.00978257
0.725  -0.00974952
0.726  -0.00970943
0.727  -0.00967171
0.728  -0.00963392
0.729  -0.00960722
0.73  -0.00958749
0.731  -0.00957679
0.732  -0.00955962
0.733  -0.00953438
0.734  -0.00951042
0.735  -0.00948593
0.736  -0.00947241
0.737  -0.00946023
0.738  -0.00945596
0.739  -0.0094443
0.74  -0.00944478
0.741  -0.00944065
0.742  -0.00944808
0.743  -0.00945548
0.744  -0.00945606
0.745  -0.00946785
0.746  -0.00948019
0.747  -0.00950319
0.748  -0.00951346
0.749  -0.00952135
0.75  -0.00952953
0.751  -0.00954236
0.752  -0.00956826
0.753  -0.00959401
0.754  -0.00961609
0.755  -0.0096394
0.756  -0.00966788
0.757  -0.00969718
0.758  -0.00972306
0.759  -0.00975054
0.76  -0.00977727
0.761  -0.00981362
0.762  -0.00984837
0.763  -0.00988195
0.764  -0.00991947
0.765  -0.00994949
0.766  -0.00998879
0.767  -0.0100289
0.768  -0.0100738
0.769  -0.0101159
0.77  -0.0101676
0.771  -0.0102105
0.772  -0.0102644
0.773  -0.0103218
0.774  -0.0103655
0.775  -0.0104206
0.776  -0.0104704
0.777  -0.010528
0.778  -0.0105754
0.779  -0.0106201
0.78  -0.0106583
0.781  -0.0106968
0.782  -0.0107426
0.783  -0.0107878
0.784  -0.0108263
0.785  -0.0108735
0.786  -0.0109244
0.787  -0.0109745
0.788  -0.0110184
0.789  -0.0110555
0.79  -0.0110901
0.791  -0.0111263
0.792  -0.011161
0.793  -0.0111976
0.794  -0.0112326
0.795  -0.0112596
0.796  -0.0112961
0.797  -0.0113306
0.798  -0.0113724
0.799  -0.0114135
0.8  -0.0114648
0.801  -0.0115029
0.802  -0.0115454
0.803  -0.0115959
0.804  -0.0116243
0.805  -0.0116628
0.806  -0.0116994
0.807  -0.011735
0.808  -0.0117742
0.809  -0.0118136
0.81  -0.0118419
0.811  -0.0118702
0.812  -0.0119085
0.813  -0.0119337
0.814  -0.0119585
0.815  -0.0119864
0.816  -0.012019
0.817  -0.0120455
0.818  -0.0120694
0.819  -0.0120893
0.82  -0.012112
0.821  -0.0121331
0.822  -0.012148
0.823  -0.0121688
0.824  -0.0121906
0.825  -0.0122037
0.826  -0.0122269
0.827  -0.0122494
0.828  -0.0122737
0.829  -0.0123007
0.83  -0.0123353
0.831  -0.012359
0.832  -0.0123866
0.833  -0.0124183
0.834  -0.0124384
0.835  -0.0124649
0.836  -0.0124973
0.837  -0.0125231
0.838  -0.0125487
0.839  -0.0125755
0.84  -0.0126014
0.841  -0.0126305
0.842  -0.0126696
0.843  -0.0126896
0.844  -0.0127134
0.845  -0.0127333
0.846  -0.0127598
0.847  -0.0127822
0.848  -0.012807
0.849  -0.0128234
0.85  -0.012843
0.851  -0.0128698
0.852  -0.0128986
0.853  -0.0129305
0.854  -0.0129631
0.855  -0.0129831
0.856  -0.0130113
0.857  -0.0130472
0.858  -0.0130784
0.859  -0.0131147
0.86  -0.0131523
0.861  -0.0131858
0.862  -0.0132203
0.863  -0.013256
0.864  -0.0132974
0.865  -0.0133345
0.866  -0.0133759
0.867  -0.0134149
0.868  -0.0134575
0.869  -0.0135
0.87  -0.0135444
0.871  -0.0135861
0.872  -0.0136353
0.873  -0.013666
0.874  -0.0137079
0.875  -0.0137488
0.876  -0.0137884
0.877  -0.0138308
0.878  -0.0138642
0.879  -0.0139037
0.88  -0.0139357
0.881  -0.0139743
0.882  -0.0140216
0.883  -0.0140647
0.884  -0.0141094
0.885  -0.0141536
0.886  -0.014196
0.887  -0.014245
0.888  -0.0142861
0.889  -0.0143277
0.89  -0.0143716
0.891  -0.0144107
0.892  -0.0144568
0.893  -0.0145003
0.894  -0.0145507
0.895  -0.0145952
0.896  -0.014637
0.897  -0.0146879
0.898  -0.0147245
0.899  -0.0147732
0.9  -0.0148238
0.901  -0.0148735
0.902  -0.014925
0.903  -0.0149681
0.904  -0.01501
0.905  -0.0150479
0.906  -0.0150852
0.907  -0.015122
0.908  -0.015152
0.909  -0.0151923
0.91  -0.0152247
0.911  -0.0152589
0.912  -0.0152938
0.913  -0.0153222
0.914  -0.0153572
0.915  -0.015392
0.916  -0.0154204
0.917  -0.0154554
0.918  -0.0154799
0.919  -0.0155045
0.92  -0.0155256
0.921  -0.0155405
0.922  -0.0155625
0.923  -0.0155822
0.924  -0.0156088
0.925  -0.0156283
0.926  -0.0156478
0.927  -0.0156776
0.928  -0.0156824
0.929  -0.0157035
0.93  -0.0157219
0.931  -0.0157421
0.932  -0.0157605
0.933  -0.015773
0.934  -0.0157847
0.935  -0.0157881
0.936  -0.0157986
0.937  -0.0158063
0.938  -0.0158102
0.939  -0.0158191
0.94  -0.0158303
0.941  -0.0158328
0.942  -0.0158357
0.943  -0.0158372
0.944  -0.0158415
0.945  -0.015844
0.946  -0.0158412
0.947  -0.0158446
0.948  -0.0158359
0.949  -0.0158339
0.95  -0.0158271
0.951  -0.0158186
0.952  -0.0158074
0.953  -0.0158014
0.954  -0.0158063
0.955  -0.015798
0.956  -0.015787
0.957  -0.0157922
0.958  -0.0157703
0.959  -0.0157592
0.96  -0.0157465
0.961  -0.0157415
0.962  -0.015731
0.963  -0.0157188
0.964  -0.015709
0.965  -0.01569
0.966  -0.0156803
0.967  -0.0156678
0.968  -0.0156506
0.969  -0.0156389
0.97  -0.0156291
0.971  -0.0156151
0.972  -0.0155959
0.973  -0.0155724
0.974  -0.015554
0.975  -0.0155414
0.976  -0.0155209
0.977  -0.0155113
0.978  -0.015488
0.979  -0.0154714
0.98  -0.0154462
0.981  -0.0154254
0.982  -0.015405
0.983  -0.0153878
0.984  -0.0153776
0.985  -0.0153562
0.986  -0.0153376
0.987  -0.0153263
0.988  -0.0152984
0.989  -0.0152752
0.99  -0.0152569
0.991  -0.0152466
0.992  -0.0152273
0.993  -0.0152131
0.994  -0.0151985
0.995  -0.0151743
0.996  -0.0151561
0.997  -0.0151398
0.998  -0.0151215
0.999  -0.0151089
1  -0.0150947
1.001  -0.0150748
1.002  -0.0150546
1.003  -0.015031
1.004  -0.0150087
1.005  -0.0149881
1.006  -0.0149708
1.007  -0.0149631
1.008  -0.0149436
1.009  -0.0149317
1.01  -0.0149097
1.011  -0.0148934
1.012  -0.0148754
1.013  -0.0148537
1.014  -0.0148417
1.015  -0.0148209
1.016  -0.0148058
1.017  -0.0147887
1.018  -0.0147656
1.019  -0.0147438
1.02  -0.0147318
1.021  -0.0147188
1.022  -0.014697
1.023  -0.0146798
1.024  -0.0146677
1.025  -0.0146389
1.026  -0.0146118
1.027  -0.0145891
1.028  -0.01456
1.029  -0.0145393
1.03  -0.0145201
1.031  -0.0144903
1.032  -0.0144663
1.033  -0.0144364
1.034  -0.0144107
1.035  -0.0143763
1.036  -0.0143473
1.037  -0.0143218
1.038  -0.0142948
1.039  -0.0142664
1.04  -0.0142276
1.041  -0.0141983
1.042  -0.0141696
1.043  -0.0141312
1.044  -0.0141021
1.045  -0.0140685
1.046  -0.014035
1.047  -0.0139963
1.048  -0.0139566
1.049  -0.0139117
1.05  -0.0138801
1.051  -0.0138473
1.052  -0.0138006
1.053  -0.0137549
1.054  -0.0137168
1.055  -0.0136712
1.056  -0.0136255
1.057  -0.0135756
1.058  -0.0135213
1.059  -0.0134809
1.06  -0.013437
1.061  -0.0133848
1.062  -0.0133393
1.063  -0.0132891
1.064  -0.0132424
1.065  -0.0131876
1.066  -0.0131436
1.067  -0.0130932
1.068  -0.0130443
1.069  -0.0129898
1.07  -0.0129265
1.071  -0.012873
1.072  -0.0128215
1.073  -0.0127648
1.074  -0.0127172
1.075  -0.0126625
1.076  -0.0126129
1.077  -0.0125578
1.078  -0.0125036
1.079  -0.0124425
1.08  -0.0123925
1.081  -0.0123397
1.082  -0.0122799
1.083  -0.0122117
1.084  -0.0121544
1.085  -0.0120939
1.086  -0.0120392
1.087  -0.0119793
1.088  -0.0119173
1.089  -0.011867
1.09  -0.0118172
1.091  -0.0117624
1.092  -0.0117104
1.093  -0.0116498
1.094  -0.0115998
1.095  -0.0115394
1.096  -0.0114887
1.097  -0.0114257
1.098  -0.0113682
1.099  -0.0113093
1.1  -0.0112418
1.101  -0.0111826
1.102  -0.0111309
1.103  -0.0110781
1.104  -0.0110234
1.105  -0.0109602
1.106  -0.0109076
1.107  -0.0108541
1.108  -0.0107955
1.109  -0.0107308
1.11  -0.0106778
1.111  -0.0106225
1.112  -0.010566
1.113  -0.0104964
1.114  -0.0104377
1.115  -0.0103811
1.116  -0.0103296
1.117  -0.0102799
1.118  -0.0102162
1.119  -0.0101697
1.12  -0.010119
1.121  -0.0100655
1.122  -0.0100172
1.123  -0.00996181
1.124  -0.00991094
1.125  -0.00985564
1.126  -0.00980412
1.127  -0.00975332
1.128  -0.00970086
1.129  -0.00964623
1.13  -0.00958779
1.131  -0.00953006
1.132  -0.00948065
1.133  -0.00942634
1.134  -0.00936282
1.135  -0.00929892
1.136  -0.00924362
1.137  -0.00919473
1.138  -0.0091373
1.139  -0.0090806
1.14  -0.00902748
1.141  -0.00896606
1.142  -0.00890656
1.143  -0.00884162
1.144  -0.00878447
1.145  -0.00872493
1.146  -0.00866382
1.147  -0.00860992
1.148  -0.0085465
1.149  -0.00849018
1.15  -0.00843973
1.151  -0.00838307
1.152  -0.00832872
1.153  -0.00827663
1.154  -0.00822623
1.155  -0.00816635
1.156  -0.00810952
1.157  -0.00805623
1.158  -0.00799549
1.159  -0.00793432
1.16  -0.00787488
1.161  -0.00781585
1.162  -0.00776137
1.163  -0.00770071
1.164  -0.00763971
1.165  -0.00757394
1.166  -0.00751183
1.167  -0.00745475
1.168  -0.00739512
1.169  -0.00733142
1.17  -0.00727322
1.171  -0.00721006
1.172  -0.00714559
1.173  -0.00707322
1.174  -0.00701586
1.175  -0.0069511
1.176  -0.00688228
1.177  -0.00682089
1.178  -0.00675327
1.179  -0.00669107
1.18  -0.00663375
1.181  -0.00656814
1.182  -0.00650044
1.183  -0.00643813
1.184  -0.00638286
1.185  -0.00631631
1.186  -0.00624659
1.187  -0.00618084
1.188  -0.0061104
1.189  -0.00603741
1.19  -0.00596973
1.191  -0.00590173
1.192  -0.00584553
1.193  -0.00577377
1.194  -0.00570515
1.195  -0.00563577
1.196  -0.00556413
1.197  -0.00550265
1.198  -0.00543412
1.199  -0.00535935
1.2  -0.00529973
1.201  -0.00522897
1.202  -0.00516025
1.203  -0.0050787
1.204  -0.00501814
1.205  -0.00494758
1.206  -0.00487957
1.207  -0.00481136
1.208  -0.0047419
1.209  -0.00467199
1.21  -0.00460599
1.211  -0.0045321
1.212  -0.00445798
1.213  -0.00439323
1.214  -0.00432606
1.215  -0.00425667
1.216  -0.00417901
1.217  -0.00410419
1.218  -0.00403351
1.219  -0.00395626
1.22  -0.00389132
1.221  -0.00382025
1.222  -0.00376548
1.223  -0.00369222
1.224  -0.00362517
1.225  -0.00355127
1.226  -0.00348758
1.227  -0.00342439
1.228  -0.00336343
1.229  -0.00329806
1.23  -0.00323474
1.231  -0.00316776
1.232  -0.00310489
1.233  -0.00302995
1.234  -0.00296903
1.235  -0.00289948
1.236  -0.00283596
1.237  -0.00277204
1.238  -0.00271222
1.239  -0.00264502
1.24  -0.00258336
1.241  -0.00251113
1.242  -0.00243927
1.243  -0.00238604
1.244  -0.00232367
1.245  -0.00225992
1.246  -0.00218597
1.247  -0.00211744
1.248  -0.00204938
1.249  -0.0019868
1.25  -0.00193238
1.251  -0.00186552
1.252  -0.00181484
1.253  -0.00176189
1.254  -0.00170924
1.255  -0.00165377
1.256  -0.00159538
1.257  -0.00154089
1.258  -0.00148633
1.259  -0.00142285
1.26  -0.00136847
1.261  -0.00131473
1.262  -0.00125261
1.263  -0.00119676
1.264  -0.00114359
1.265  -0.0010921
1.266  -0.00103518
1.267  -0.000977968
1.268  -0.000921198
1.269  -0.000856435
1.27  -0.000799506
1.271  -0.00073159
1.272  -0.000652804
1.273  -0.000602289
1.274  -0.00055057
1.275  -0.000494801
1.276  -0.000424015
1.277  -0.00035911
1.278  -0.000300875
1.279  -0.00025013
1.28  -0.000199435
1.281  -0.000146853
1.282  -9.04257e-05
1.283  -4.13257e-05
1.284  2.29235e-05
1.285  7.24293e-05
1.286  0.000118792
1.287  0.000164187
1.288  0.000236523
1.289  0.000297501
1.29  0.000350666
1.291  0.000420454
1.292  0.000480624
1.293  0.000544275
1.294  0.000597613
1.295  0.000658545
1.296  0.000706516
1.297  0.000771395
1.298  0.000821992
1.299  0.000914615
1.3  0.000960557
1.301  0.0010386
1.302  0.00111535
1.303  0.00115093
1.304  0.00120013
1.305  0.00127726
1.306  0.00135039
1.307  0.00141076
1.308  0.00148914
1.309  0.00155854
1.31  0.00154945
1.311  0.00163578
1.312  0.00170276
1.313  0.00176782
1.314  0.00184238
1.315  0.00188813
1.316  0.00193269
1.317  0.00199806
1.318  0.00202677
1.319  0.00210654
1.32  0.00211564
1.321  0.00219804
1.322  0.00225469
1.323  0.00231851
1.324  0.00236043
1.325  0.00253281
1.326  0.0026227
1.327  0.00264895
1.328  0.00269142
1.329  0.00280342
1.33  0.00282855
1.331  0.00290039
1.332  0.00296727
1.333  0.00299264
1.334  0.00303111
1.335  0.00306752
1.336  0.0031096
1.337  0.00326636
1.338  0.00335472
1.339  0.0034897
1.34  0.00353751
1.341  0.00374402
1.342  0.00387992
1.343  0.00392027
1.344  0.00402762
1.345  0.00397991
1.346  0.00403551
1.347  0.0041226
1.348  0.00416596
1.349  0.00430085
1.35  0.00433688
1.351  0.00435569
1.352  0.00441377
1.353  0.00444893
1.354  0.00445691
1.355  0.00447334
1.356  0.00446436
1.357  0.00440047
1.358  0.00446717
1.359  0.00444897
1.36  0.00428818
1.361  0.0042225
1.362  0.00420091
1.363  0.00406543
1.364  0.00410597
1.365  0.00418667
1.366  0.00414672
1.367  0.00424956
1.368  0.00417012
1.369  0.00426006
1.37  0.00422613
1.371  0.00427377
1.372  0.00432073
1.373  0.00450793
1.374  0.00457817
1.375  0.00455357
1.376  0.00464157
1.377  0.00462392
1.378  0.00453266
1.379  0.00459661
1.38  0.00484329
1.381  0.00487061
1.382  0.00493529
1.383  0.00489999
1.384  0.00481569
1.385  0.00493166
1.386  0.00485411
1.387  0.00482908
1.388  0.00489349
1.389  0.00518039
1.39  0.00508886
1.391  0.00507106
1.392  0.00493441
1.393  0.00482647
1.394  0.00474058
1.395  0.00468273
1.396  0.00459721
1.397  0.00465638
1.398  0.00455117
1.399  0.00433782
1.4  0.00450855
1.401  0.00444789
1.402  0.00443219
1.403  0.00444783
1.404  0.00428933
1.405  0.00421679
1.406  0.00421519
1.407  0.00398322
1.408  0.00364636
1.409  0.0036028
1.41  0.00361254
1.411  0.00356379
1.412  0.00358845
1.413  0.00354758
1.414  0.00352557
1.415  0.00352371
1.416  0.00354286
1.417  0.00361712
1.418  0.00352328
1.419  0.0033487
1.42  0.00329631
1.421  0.00331039
1.422  0.00322208
1.423  0.00324234
1.424  0.00324236
1.425  0.00320744
1.426  0.00318101
1.427  0.0031718
1.428  0.00311694
1.429  0.00302565
1.43  0.00299055
1.431  0.00295596
1.432  0.00296309
1.433  0.00291247
1.434  0.0027891
1.435  0.00272246
1.436  0.00264248
1.437  0.00258164
1.438  0.00248555
1.439  0.00237193
1.44  0.00233571
1.441  0.00231001
1.442  0.00224038
1.443  0.00213565
1.444  0.00206568
1.445  0.00202535
1.446  0.00197245
1.447  0.00196328
1.448  0.00190702
1.449  0.00185012
1.45  0.0017978
1.451  0.0017133
1.452  0.00165485
1.453  0.00164596
1.454  0.00158032
1.455  0.00149174
1.456  0.00144595
1.457  0.00140614
1.458  0.00135844
1.459  0.00126368
1.46  0.00120507
1.461  0.00112211
1.462  0.0010888
1.463  0.00104285
1.464  0.000990999
1.465  0.000964732
1.466  0.000914347
1.467  0.000851653
1.468  0.000792534
1.469  0.000713066
1.47  0.00068024
1.471  0.000628498
1.472  0.000559075
1.473  0.000504082
1.474  0.000463013
1.475  0.000415855
1.476  0.000352745
1.477  0.000312573
1.478  0.000266596
1.479  0.000202924
1.48  0.000152181
1.481  9.25436e-05
1.482  2.56232e-05
1.483  -3.23864e-05
1.484  -8.78245e-05
1.485  -0.000147518
1.486  -0.000196219
1.487  -0.000247919
1.488  -0.000291419
1.489  -0.000347783
1.49  -0.0003974
1.491  -0.000448358
1.492  -0.000488041
1.493  -0.000542157
1.494  -0.000592677
1.495  -0.000641243
1.496  -0.000695028
1.497  -0.000753965
1.498  -0.000804086
1.499  -0.000857838
1.5  -0.000904149
1.501  -0.000951702
1.502  -0.00100491
1.503  -0.00106497
1.504  -0.00111302
1.505  -0.00116915
1.506  -0.00122619
1.507  -0.00127327
1.508  -0.00133083
1.509  -0.00139298
1.51  -0.00145178
1.511  -0.00151042
1.512  -0.00156136
1.513  -0.00161117
1.514  -0.00166514
1.515  -0.00171969
1.516  -0.00176794
1.517  -0.00181897
1.518  -0.00187331
1.519  -0.00191945
1.52  -0.00196889
1.521  -0.00201946
1.522  -0.00206566
1.523  -0.002128
1.524  -0.00218023
1.525  -0.00222965
1.526  -0.00228801
1.527  -0.00234841
1.528  -0.00239832
1.529  -0.00245001
1.53  -0.0025106
1.531  -0.00256799
1.532  -0.00262501
1.533  -0.00267676
1.534  -0.00272694
1.535  -0.00278
1.536  -0.00283464
1.537  -0.00288669
1.538  -0.00294238
1.539  -0.00300306
1.54  -0.00306079
1.541  -0.00311351
1.542  -0.00315239
1.543  -0.0031998
1.544  -0.00325844
1.545  -0.00330363
1.546  -0.00335272
1.547  -0.00340536
1.548  -0.00345503
1.549  -0.00349137
1.55  -0.00353724
1.551  -0.00358376
1.552  -0.00362847
1.553  -0.00368898
1.554  -0.00374514
1.555  -0.00379922
1.556  -0.00385577
1.557  -0.00392104
1.558  -0.00397347
1.559  -0.00402289
1.56  -0.00408346
1.561  -0.00414194
1.562  -0.00419261
1.563  -0.00423907
1.564  -0.00429553
1.565  -0.00434255
1.566  -0.00439627
1.567  -0.00444208
1.568  -0.00449035
1.569  -0.00454317
1.57  -0.00459651
1.571  -0.004646
1.572  -0.00468003
1.573  -0.00472323
1.574  -0.00476783
1.575  -0.00480728
1.576  -0.00484903
1.577  -0.00489273
1.578  -0.00494178
1.579  -0.00497563
1.58  -0.00501967
1.581  -0.00506218
1.582  -0.00511417
1.583  -0.00515964
1.584  -0.00520947
1.585  -0.005261
1.586  -0.00530611
1.587  -0.00536556
1.588  -0.00541432
1.589  -0.00546054
1.59  -0.00551547
1.591  -0.00556048
1.592  -0.00561103
1.593  -0.0056566
1.594  -0.00569945
1.595  -0.00574397
1.596  -0.00579293
1.597  -0.00583212
1.598  -0.00587024
1.599  -0.00591177
1.6  -0.00594996
1.601  -0.00598402
1.602  -0.0060188
1.603  -0.00605217
1.604  -0.00608005
1.605  -0.00612317
1.606  -0.00615455
1.607  -0.0061908
1.608  -0.00622663
1.609  -0.00625757
1.61  -0.00629728
1.611  -0.00631971
1.612  -0.0063515
1.613  -0.00639323
1.614  -0.00643199
1.615  -0.00646319
1.616  -0.00650186
1.617  -0.0065512
1.618  -0.00658642
1.619  -0.00663087
1.62  -0.00666686
1.621  -0.00669723
1.622  -0.00673607
1.623  -0.00676882
1.624  -0.0067918
1.625  -0.00682447
1.626  -0.0068574
1.627  -0.00688608
1.628  -0.00690296
1.629  -0.00692894
1.63  -0.00695692
1.631  -0.00698968
1.632  -0.0070179
1.633  -0.00703923
1.634  -0.00706206
1.635  -0.00707971
1.636  -0.00708857
1.637  -0.00712044
1.638  -0.00712907
1.639  -0.00714546
1.64  -0.00716198
1.641  -0.00717051
1.642  -0.00718955
1.643  -0.00722042
1.644  -0.00724485
1.645  -0.00726359
1.646  -0.00728089
1.647  -0.00730774
1.648  -0.00734241
1.649  -0.00737288
1.65  -0.00739115
1.651  -0.00739965
1.652  -0.00741837
1.653  -0.00742992
1.654  -0.00744496
1.655  -0.00746481
1.656  -0.00747674
1.657  -0.00749437
1.658  -0.00750938
1.659  -0.00752294
1.66  -0.00754605
1.661  -0.00754144
1.662  -0.00754574
1.663  -0.00756224
1.664  -0.00756403
1.665  -0.00757942
1.666  -0.00757674
1.667  -0.00757258
1.668  -0.00756642
1.669  -0.00756646
1.67  -0.00756558
1.671  -0.00754808
1.672  -0.00753462
1.673  -0.00754285
1.674  -0.00753211
1.675  -0.00753024
1.676  -0.00753026
1.677  -0.00753593
1.678  -0.00754488
1.679  -0.0075432
1.68  -0.00756295
1.681  -0.00754723
1.682  -0.00753597
1.683  -0.00752017
1.684  -0.00750332
1.685  -0.00750254
1.686  -0.0075122
1.687  -0.00750887
1.688  -0.00750235
1.689  -0.00748623
1.69  -0.00749123
1.691  -0.00748644
1.692  -0.00746282
1.693  -0.00746239
1.694  -0.0074641
1.695  -0.00745701
1.696  -0.0073863
1.697  -0.00744976
1.698  -0.00742042
1.699  -0.00738302
1.7  -0.00737102
1.701  -0.00731986
1.702  -0.00728782
1.703  -0.00723595
1.704  -0.00724359
1.705  -0.00718812
1.706  -0.00717105
1.707  -0.00713825
1.708  -0.00712524
1.709  -0.00704328
1.71  -0.0070086
1.711  -0.00688962
1.712  -0.00676554
1.713  -0.00659844
1.714  -0.00650499
1.715  -0.00646595
1.716  -0.0062965
1.717  -0.00623722
1.718  -0.00620944
1.719  -0.00617777
1.72  -0.00616983
1.721  -0.00615762
1.722  -0.00615947
1.723  -0.00610393
1.724  -0.00608596
1.725  -0.00605067
1.726  -0.00602903
1.727  -0.00600538
1.728  -0.00603701
1.729  -0.00603469
1.73  -0.00611415
1.731  -0.00619362
1.732  -0.00629567
1.733  -0.0063404
1.734  -0.00638513
1.735  -0.00642985
1.736  -0.0064562
1.737  -0.0064562
1.738  -0.0064562
1.739  -0.0064562
1.74  -0.0064562
1.741  -0.0064562
1.742  -0.0064562
1.743  -0.0064562
1.744  -0.0064562
1.745  -0.0064562
1.746  -0.0064562
1.747  -0.0064562
1.748  -0.0064562
1.749  -0.0064562
1.75  -0.0064562
1.751  -0.0064562
1.752  -0.0064562
1.753  -0.0064562
1.754  -0.0064562
1.755  -0.0064562
1.756  -0.0064562
1.757  -0.0064562
1.758  -0.0064562
1.759  -0.0064562
1.76  -0.0064562
1.761  -0.0064562
1.762  -0.0064562
1.763  -0.0064562
1.764  -0.0064562
1.765  -0.0064562
1.766  -0.0064562
1.767  -0.0064562
1.768  -0.0064562
1.769  -0.0064562
1.77  -0.0064562
1.771  -0.0064562
1.772  -0.0064562
1.773  -0.0064562
1.774  -0.0064562
1.775  -0.0064562
1.776  -0.0064562
1.777  -0.0064562
1.778  -0.0064562
1.779  -0.0064562
1.78  -0.0064562
1.781  -0.0064562
1.782  -0.0064562
1.783  -0.0064562
1.784  -0.0064562
1.785  -0.0064562
1.786  -0.0064562
1.787  -0.0064562
1.788  -0.0064562
1.789  -0.0064562
1.79  -0.0064562
1.791  -0.0064562
1.792  -0.0064562
1.793  -0.0064562
1.794  -0.0064562
1.795  -0.0064562
1.796  -0.0064562
1.797  -0.0064562
1.798  -0.0064562
1.799  -0.0064562
1.8  -0.0064562
1.801  -0.0064562
1.802  -0.0064562
1.803  -0.0064562
1.804  -0.0064562
1.805  -0.0064562
1.806  -0.0064562
1.807  -0.0064562
1.808  -0.0064562
1.809  -0.0064562
1.81  -0.0064562
1.811  -0.0064562
1.812  -0.0064562
1.813  -0.0064562
1.814  -0.0064562
1.815  -0.0064562
1.816  -0.0064562
1.817  -0.0064562
1.818  -0.0064562
1.819  -0.0064562
1.82  -0.0064562
1.821  -0.0064562
1.822  -0.0064562
1.823  -0.0064562
1.824  -0.0064562
1.825  -0.0064562
1.826  -0.0064562
1.827  -0.0064562
1.828  -0.0064562
1.829  -0.0064562
1.83  -0.0064562
1.831  -0.0064562
1.832  -0.0064562
1.833  -0.0064562
1.834  -0.0064562
1.835  -0.0064562
1.836  -0.0064562
1.837  -0.0064562
1.838  -0.0064562
1.839  -0.0064562
1.84  -0.0064562
1.841  -0.0064562
1.842  -0.0064562
1.843  -0.0064562
1.844  -0.0064562
1.845  -0.0064562
1.846  -0.0064562
1.847  -0.0064562
1.848  -0.0064562
1.849  -0.0064562
1.85  -0.0064562
1.851  -0.0064562
1.852  -0.0064562
1.853  -0.0064562
1.854  -0.0064562
1.855  -0.0064562
1.856  -0.0064562
1.857  -0.0064562
1.858  -0.0064562
1.859  -0.0064562
1.86  -0.0064562
1.861  -0.0064562
1.862  -0.0064562
1.863  -0.0064562
1.864  -0.0064562
1.865  -0.0064562
1.866  -0.0064562
1.867  -0.0064562
1.868  -0.0064562
1.869  -0.0064562
1.87  -0.0064562
1.871  -0.0064562
1.872  -0.0064562
1.873  -0.0064562
1.874  -0.0064562
1.875  -0.0064562
1.876  -0.0064562
1.877  -0.0064562
1.878  -0.0064562
1.879  -0.0064562
1.88  -0.0064562
1.881  -0.0064562
1.882  -0.0064562
1.883  -0.0064562
1.884  -0.0064562
1.885  -0.0064562
1.886  -0.0064562
1.887  -0.0064562
1.888  -0.0064562
1.889  -0.0064562
1.89  -0.0064562
1.891  -0.0064562
1.892  -0.0064562
1.893  -0.0064562
1.894  -0.0064562
1.895  -0.0064562
1.896  -0.0064562
1.897  -0.0064562
1.898  -0.0064562
1.899  -0.0064562
1.9  -0.0064562
1.901  -0.0064562
1.902  -0.0064562
1.903  -0.0064562
1.904  -0.0064562
1.905  -0.0064562
1.906  -0.0064562
1.907  -0.0064562
1.908  -0.0064562
1.909  -0.0064562
1.91  -0.0064562
1.911  -0.0064562
1.912  -0.0064562
1.913  -0.0064562
1.914  -0.0064562
1.915  -0.0064562
1.916  -0.0064562
1.917  -0.0064562
1.918  -0.0064562
1.919  -0.0064562
1.92  -0.0064562
1.921  -0.0064562
1.922  -0.0064562
1.923  -0.0064562
1.924  -0.0064562
1.925  -0.0064562
1.926  -0.0064562
1.927  -0.0064562
1.928  -0.0064562
1.929  -0.0064562
1.93  -0.0064562
1.931  -0.0064562
1.932  -0.0064562
1.933  -0.0064562
1.934  -0.0064562
1.935  -0.0064562
1.936  -0.0064562
1.937  -0.0064562
1.938  -0.0064562
1.939  -0.0064562
1.94  -0.0064562
1.941  -0.0064562
1.942  -0.0064562
1.943  -0.0064562
1.944  -0.0064562
1.945  -0.0064562
1.946  -0.0064562
1.947  -0.0064562
1.948  -0.0064562
1.949  -0.0064562
1.95  -0.0064562
1.951  -0.0064562
1.952  -0.0064562
1.953  -0.0064562
1.954  -0.0064562
1.955  -0.0064562
1.956  -0.0064562
1.957  -0.0064562
1.958  -0.0064562
1.959  -0.0064562
1.96  -0.0064562
1.961  -0.0064562
1.962  -0.0064562
1.963  -0.0064562
1.964  -0.0064562
1.965  -0.0064562
1.966  -0.0064562
1.967  -0.0064562
1.968  -0.0064562
1.969  -0.0064562
1.97  -0.0064562
1.971  -0.0064562
1.972  -0.0064562
1.973  -0.0064562
1.974  -0.0064562
1.975  -0.0064562
1.976  -0.0064562
1.977  -0.0064562
1.978  -0.0064562
1.979  -0.0064562
1.98  -0.0064562
1.981  -0.0064562
1.982  -0.0064562
1.983  -0.0064562
1.984  -0.0064562
1.985  -0.0064562
1.986  -0.0064562
1.987  -0.0064562
1.988  -0.0064562
1.989  -0.0064562
1.99  -0.0064562
1.991  -0.0064562
1.992  -0.0064562
1.993  -0.0064562
1.994  -0.0064562
1.995  -0.0064562
1.996  -0.0064562
1.997  -0.0064562
1.998  -0.0064562
1.999  -0.0064562
2  -0.0064562
2.001  -0.0064562
2.002  -0.0064562
2.003  -0.0064562
2.004  -0.0064562
2.005  -0.0064562
2.006  -0.0064562
2.007  -0.0064562
2.008  -0.0064562
2.009  -0.0064562
2.01  -0.0064562
2.011  -0.0064562
2.012  -0.0064562
2.013  -0.0064562
2.014  -0.0064562
2.015  -0.0064562
2.016  -0.0064562
2.017  -0.0064562
2.018  -0.0064562
2.019  -0.0064562
2.02  -0.0064562
2.021  -0.0064562
2.022  -0.0064562
2.023  -0.0064562
2.024  -0.0064562
2.025  -0.0064562
2.026  -0.0064562
2.027  -0.0064562
2.028  -0.0064562
2.029  -0.0064562
2.03  -0.0064562
2.031  -0.0064562
2.032  -0.0064562
2.033  -0.0064562
2.034  -0.0064562
2.035  -0.0064562
2.036  -0.0064562
2.037  -0.0064562
2.038  -0.0064562
2.039  -0.0064562
2.04  -0.0064562
2.041  -0.0064562
2.042  -0.0064562
2.043  -0.0064562
2.044  -0.0064562
2.045  -0.0064562
2.046  -0.0064562
2.047  -0.0064562
2.048  -0.0064562
2.049  -0.0064562
2.05  -0.0064562
2.051  -0.0064562
2.052  -0.0064562
2.053  -0.0064562
2.054  -0.0064562
2.055  -0.0064562
2.056  -0.0064562
2.057  -0.0064562
2.058  -0.0064562
2.059  -0.0064562
2.06  -0.0064562
2.061  -0.0064562
2.062  -0.0064562
2.063  -0.0064562
2.064  -0.0064562
2.065  -0.0064562
2.066  -0.0064562
2.067  -0.0064562
2.068  -0.0064562
2.069  -0.0064562
2.07  -0.0064562
2.071  -0.0064562
2.072  -0.0064562
2.073  -0.0064562
2.074  -0.0064562
2.075  -0.0064562
2.076  -0.0064562
2.077  -0.0064562
2.078  -0.0064562
2.079  -0.0064562
2.08  -0.0064562
2.081  -0.0064562
2.082  -0.0064562
2.083  -0.0064562
2.084  -0.0064562
2.085  -0.0064562
2.086  -0.0064562
2.087  -0.0064562
2.088  -0.0064562
2.089  -0.0064562
2.09  -0.0064562
2.091  -0.0064562
2.092  -0.0064562
2.093  -0.0064562
2.094  -0.0064562
2.095  -0.0064562
2.096  -0.0064562
2.097  -0.0064562
2.098  -0.0064562
2.099  -0.0064562
2.1  -0.0064562
2.101  -0.0064562
2.102  -0.0064562
2.103  -0.0064562
2.104  -0.0064562
2.105  -0.0064562
2.106  -0.0064562
2.107  -0.0064562
2.108  -0.0064562
2.109  -0.0064562
2.11  -0.0064562
2.111  -0.0064562
2.112  -0.0064562
2.113  -0.0064562
2.114  -0.0064562
2.115  -0.0064562
2.116  -0.0064562
2.117  -0.0064562
2.118  -0.0064562
2.119  -0.0064562
2.12  -0.0064562
2.121  -0.0064562
2.122  -0.0064562
2.123  -0.0064562
2.124  -0.0064562
2.125  -0.0064562
2.126  -0.0064562
2.127  -0.0064562
2.128  -0.0064562
2.129  -0.0064562
2.13  -0.0064562
2.131  -0.0064562
2.132  -0.0064562
2.133  -0.0064562
2.134  -0.0064562
2.135  -0.0064562
2.136  -0.0064562
2.137  -0.0064562
2.138  -0.0064562
2.139  -0.0064562
2.14  -0.0064562
2.141  -0.0064562
2.142  -0.0064562
2.143  -0.0064562
2.144  -0.0064562
2.145  -0.0064562
2.146  -0.0064562
2.147  -0.0064562
2.148  -0.0064562
2.149  -0.0064562
2.15  -0.0064562
2.151  -0.0064562
2.152  -0.0064562
2.153  -0.0064562
2.154  -0.0064562
2.155  -0.0064562
2.156  -0.0064562
2.157  -0.0064562
2.158  -0.0064562
2.159  -0.0064562
2.16  -0.0064562
2.161  -0.0064562
2.162  -0.0064562
2.163  -0.0064562
2.164  -0.0064562
2.165  -0.0064562
2.166  -0.0064562
2.167  -0.0064562
2.168  -0.0064562
2.169  -0.0064562
2.17  -0.0064562
2.171  -0.0064562
2.172  -0.0064562
2.173  -0.0064562
2.174  -0.0064562
2.175  -0.0064562
2.176  -0.0064562
2.177  -0.0064562
2.178  -0.0064562
2.179  -0.0064562
2.18  -0.0064562
2.181  -0.0064562
2.182  -0.0064562
2.183  -0.0064562
2.184  -0.0064562
2.185  -0.0064562
2.186  -0.0064562
2.187  -0.0064562
2.188  -0.0064562
2.189  -0.0064562
2.19  -0.0064562
2.191  -0.0064562
2.192  -0.0064562
2.193  -0.0064562
2.194  -0.0064562
2.195  -0.0064562
2.196  -0.0064562
2.197  -0.0064562
2.198  -0.0064562
2.199  -0.0064562
2.2  -0.0064562
2.201  -0.0064562
2.202  -0.0064562
2.203  -0.0064562
2.204  -0.0064562
2.205  -0.0064562
2.206  -0.0064562
2.207  -0.0064562
2.208  -0.0064562
2.209  -0.0064562
2.21  -0.0064562
2.211  -0.0064562
2.212  -0.0064562
2.213  -0.0064562
2.214  -0.0064562
2.215  -0.0064562
2.216  -0.0064562
2.217  -0.0064562
2.218  -0.0064562
2.219  -0.0064562
2.22  -0.0064562
2.221  -0.0064562
2.222  -0.0064562
2.223  -0.0064562
2.224  -0.0064562
2.225  -0.0064562
2.226  -0.0064562
2.227  -0.0064562
2.228  -0.0064562
2.229  -0.0064562
2.23  -0.0064562
2.231  -0.0064562
2.232  -0.0064562
2.233  -0.0064562
2.234  -0.0064562
2.235  -0.0064562
2.236  -0.0064562
2.237  -0.0064562
2.238  -0.0064562
2.239  -0.0064562
2.24  -0.0064562
2.241  -0.0064562
2.242  -0.0064562
2.243  -0.0064562
2.244  -0.0064562
2.245  -0.0064562
2.246  -0.0064562
2.247  -0.0064562
2.248  -0.0064562
2.249  -0.0064562
2.25  -0.0064562
2.251  -0.0064562
2.252  -0.0064562
2.253  -0.0064562
2.254  -0.0064562
2.255  -0.0064562
2.256  -0.0064562
2.257  -0.0064562
2.258  -0.0064562
2.259  -0.0064562
2.26  -0.0064562
2.261  -0.0064562
2.262  -0.0064562
2.263  -0.0064562
2.264  -0.0064562
2.265  -0.0064562
2.266  -0.0064562
2.267  -0.0064562
2.268  -0.0064562
2.269  -0.0064562
2.27  -0.0064562
2.271  -0.0064562
2.272  -0.0064562
2.273  -0.0064562
2.274  -0.0064562
2.275  -0.0064562
2.276  -0.0064562
2.277  -0.0064562
2.278  -0.0064562
2.279  -0.0064562
2.28  -0.0064562
2.281  -0.0064562
2.282  -0.0064562
2.283  -0.0064562
2.284  -0.0064562
2.285  -0.0064562
2.286  -0.0064562
2.287  -0.0064562
2.288  -0.0064562
2.289  -0.0064562
2.29  -0.0064562
2.291  -0.0064562
2.292  -0.0064562
2.293  -0.0064562
2.294  -0.0064562
2.295  -0.0064562
2.296  -0.0064562
2.297  -0.0064562
2.298  -0.0064562
2.299  -0.0064562
2.3  -0.0064562
2.301  -0.0064562
2.302  -0.0064562
2.303  -0.0064562
2.304  -0.0064562
2.305  -0.0064562
2.306  -0.0064562
2.307  -0.0064562
2.308  -0.0064562
2.309  -0.0064562
2.31  -0.0064562
2.311  -0.0064562
2.312  -0.0064562
2.313  -0.0064562
2.314  -0.0064562
2.315  -0.0064562
2.316  -0.0064562
2.317  -0.0064562
2.318  -0.0064562
2.319  -0.0064562
2.32  -0.0064562
2.321  -0.0064562
2.322  -0.0064562
2.323  -0.0064562
2.324  -0.0064562
2.325  -0.0064562
2.326  -0.0064562
2.327  -0.0064562
2.328  -0.0064562
2.329  -0.0064562
2.33  -0.0064562
2.331  -0.0064562
2.332  -0.0064562
2.333  -0.0064562
2.334  -0.0064562
2.335  -0.0064562
2.336  -0.0064562
2.337  -0.0064562
2.338  -0.0064562
2.339  -0.0064562
2.34  -0.0064562
2.341  -0.0064562
2.342  -0.0064562
2.343  -0.0064562
2.344  -0.0064562
2.345  -0.0064562
2.346  -0.0064562
2.347  -0.0064562
2.348  -0.0064562
2.349  -0.0064562
2.35  -0.0064562
2.351  -0.0064562
2.352  -0.0064562
2.353  -0.0064562
2.354  -0.0064562
2.355  -0.0064562
2.356  -0.0064562
2.357  -0.0064562
2.358  -0.0064562
2.359  -0.0064562
2.36  -0.0064562
2.361  -0.0064562
2.362  -0.0064562
2.363  -0.0064562
2.364  -0.0064562
2.365  -0.0064562
2.366  -0.0064562
2.367  -0.0064562
2.368  -0.0064562
2.369  -0.0064562
2.37  -0.0064562
2.371  -0.0064562
2.372  -0.0064562
2.373  -0.0064562
2.374  -0.0064562
2.375  -0.0064562
2.376  -0.0064562
2.377  -0.0064562
2.378  -0.0064562
2.379  -0.0064562
2.38  -0.0064562
2.381  -0.0064562
2.382  -0.0064562
2.383  -0.0064562
2.384  -0.0064562
2.385  -0.0064562
2.386  -0.0064562
2.387  -0.0064562
2.388  -0.0064562
2.389  -0.0064562
2.39  -0.0064562
2.391  -0.0064562
2.392  -0.0064562
2.393  -0.0064562
2.394  -0.0064562
2.395  -0.0064562
2.396  -0.0064562
2.397  -0.0064562
2.398  -0.0064562
2.399  -0.0064562
2.4  -0.0064562
2.401  -0.0064562
2.402  -0.0064562
2.403  -0.0064562
2.404  -0.0064562
2.405  -0.0064562
2.406  -0.0064562
2.407  -0.0064562
2.408  -0.0064562
2.409  -0.0064562
2.41  -0.0064562
2.411  -0.0064562
2.412  -0.0064562
2.413  -0.0064562
2.414  -0.0064562
2.415  -0.0064562
2.416  -0.0064562
2.417  -0.0064562
2.418  -0.0064562
2.419  -0.0064562
2.42  -0.0064562
2.421  -0.0064562
2.422  -0.0064562
2.423  -0.0064562
2.424  -0.0064562
2.425  -0.0064562
2.426  -0.0064562
2.427  -0.0064562
2.428  -0.0064562
2.429  -0.0064562
2.43  -0.0064562
2.431  -0.0064562
2.432  -0.0064562
2.433  -0.0064562
2.434  -0.0064562
2.435  -0.0064562
2.436  -0.0064562
2.437  -0.0064562
2.438  -0.0064562
2.439  -0.0064562
2.44  -0.0064562
2.441  -0.0064562
2.442  -0.0064562
2.443  -0.0064562
2.444  -0.0064562
2.445  -0.0064562
2.446  -0.0064562
2.447  -0.0064562
2.448  -0.0064562
2.449  -0.0064562
2.45  -0.0064562
2.451  -0.0064562
2.452  -0.0064562
2.453  -0.0064562
2.454  -0.0064562
2.455  -0.0064562
2.456  -0.0064562
2.457  -0.0064562
2.458  -0.0064562
2.459  -0.0064562
2.46  -0.0064562
2.461  -0.0064562
2.462  -0.0064562
2.463  -0.0064562
2.464  -0.0064562
2.465  -0.0064562
2.466  -0.0064562
2.467  -0.0064562
2.468  -0.0064562
2.469  -0.0064562
2.47  -0.0064562
2.471  -0.0064562
2.472  -0.0064562
2.473  -0.0064562
2.474  -0.0064562
2.475  -0.0064562
2.476  -0.0064562
2.477  -0.0064562
2.478  -0.0064562
2.479  -0.0064562
2.48  -0.0064562
2.481  -0.0064562
2.482  -0.0064562
2.483  -0.0064562
2.484  -0.0064562
2.485  -0.0064562
2.486  -0.0064562
2.487  -0.0064562
2.488  -0.0064562
2.489  -0.0064562
2.49  -0.0064562
2.491  -0.0064562
2.492  -0.0064562
2.493  -0.0064562
2.494  -0.0064562
2.495  -0.0064562
2.496  -0.0064562
2.497  -0.0064562
2.498  -0.0064562
2.499  -0.0064562
