-2 0.459433
-1.99 -0.00354135
-1.98 -0.00415803
-1.97 -0.00367075
-1.96 -0.00276727
-1.95 -0.00449594
-1.94 -0.00392337
-1.93 0.567954
-1.92 2.65415
-1.91 -0.00510014
-1.9 -0.00263017
-1.89 -0.00329286
-1.88 -0.0043963
-1.87 -0.00269541
-1.86 -0.00522625
-1.85 -0.00473714
-1.84 -0.00299587
-1.83 -0.00524946
-1.82 0.255285
-1.81 0.175788
-1.8 -0.00538468
-1.79 -0.0464633
-1.78 -0.00225424
-1.77 -0.00424376
-1.76 0.182274
-1.75 -0.00348958
-1.74 -0.00555343
-1.73 0.513186
-1.72 -0.00395436
-1.71 -0.00509821
-1.7 -0.00468506
-1.69 -0.00515646
-1.68 -0.00511346
-1.67 -0.00510609
-1.66 -0.00639382
-1.65 -0.004096
-1.64 -0.00406318
-1.63 -0.00357376
-1.62 -0.00280388
-1.61 -0.00733699
-1.6 -0.00564928
-1.59 -0.00347983
-1.58 -0.00743282
-1.57 0.102765
-1.56 -0.0329684
-1.55 -0.00582321
-1.54 -0.00567409
-1.53 -0.00578572
-1.52 -0.00565037
-1.51 -0.00571282
-1.5 -0.0058115
-1.49 -0.0594134
-1.48 -0.00486914
-1.47 -0.00679404
-1.46 5.6777
-1.45 -0.00548557
-1.44 -0.00581538
-1.43 -0.00551621
-1.42 -0.00667024
-1.41 -0.00614237
-1.4 2.02715
-1.39 -0.00535769
-1.38 -0.00576949
-1.37 -0.00503483
-1.36 -0.00616815
-1.35 -0.00604208
-1.34 -0.00195769
-1.33 0.000358313
-1.32 -0.000102818
-1.31 0.000237479
-1.3 0.000248781
-1.29 -3.52821e-05
-1.28 0.000368649
-1.27 0.000199691
-1.26 -8.69128e-05
-1.25 0.000354948
-1.24 0.000236842
-1.23 -9.76467e-05
-1.22 0.000330318
-1.21 0.000194719
-1.2 -9.06992e-05
-1.19 0.0002971
-1.18 0.000215517
-1.17 -4.98925e-05
-1.16 0.000358342
-1.15 0.000185419
-1.14 -4.96979e-05
-1.13 0.000342422
-1.12 0.000149807
-1.11 -2.7731e-05
-1.1 0.000357285
-1.09 0.000162904
-1.08 -3.24055e-05
-1.07 0.00037793
-1.06 0.000175066
-1.05 -5.62576e-05
-1.04 0.000401768
-1.03 0.000162409
-1.02 -4.24473e-05
-1.01 0.000375861
-1 0.000158528
-0.99 -8.84051e-05
-0.98 0.000311933
-0.97 0.000145581
-0.96 -6.94558e-05
-0.95 0.000352531
-0.94 0.000166225
-0.93 -7.40047e-05
-0.92 0.000356005
-0.91 0.000234922
-0.9 -4.12021e-05
-0.89 0.000384454
-0.88 0.000252531
-0.87 -8.41303e-05
-0.86 0.000346567
-0.85 0.000282323
-0.84 -2.93003e-05
-0.83 0.000361024
-0.82 0.000345745
-0.81 -5.97117e-05
-0.8 0.000335431
-0.79 0.000327752
-0.78 -4.52111e-05
-0.77 0.000386063
-0.76 0.000322534
-0.75 2.02458e-05
-0.74 0.000384364
-0.73 0.000264562
-0.72 2.14423e-05
-0.71 0.000385608
-0.7 0.000280241
-0.69 2.29039e-05
-0.68 0.00046778
-0.67 0.000256049
-0.66 2.05863e-05
-0.65 0.000460069
-0.64 0.000217323
-0.63 -3.32674e-05
-0.62 0.000399187
-0.61 0.000247084
-0.6 -3.41515e-05
-0.59 0.000428517
-0.58 0.000231093
-0.57 -6.42514e-05
-0.56 0.000382884
-0.55 0.000187363
-0.54 -3.83099e-05
-0.53 0.000426127
-0.52 0.000142415
-0.51 -5.31136e-05
-0.5 0.00037027
-0.49 0.000204724
-0.48 -6.47032e-05
-0.47 0.000353811
-0.46 0.000212586
-0.45 -7.75168e-05
-0.44 0.000361199
-0.43 0.000264864
-0.42 -0.000121275
-0.41 0.000393972
-0.4 0.000324868
-0.39 -5.00743e-05
-0.38 0.000437088
-0.37 0.00028398
-0.36 -1.85635e-05
-0.35 0.000445155
-0.34 0.000286182
-0.33 -3.80144e-05
-0.32 0.00051102
-0.31 0.000343978
-0.3 -5.93777e-05
-0.29 0.00054824
-0.28 0.000378879
-0.27 1.16798e-05
-0.26 0.000587012
-0.25 0.00038029
-0.24 -1.93209e-05
-0.23 0.000612474
-0.22 0.000407463
-0.21 -2.92628e-06
-0.2 0.000608635
-0.19 0.00033951
-0.18 5.80308e-05
-0.17 0.000578141
-0.16 0.000296522
-0.15 4.72654e-05
-0.14 0.000518129
-0.13 0.000295791
-0.12 -2.73161e-05
-0.11 -0.0036637
-0.1 -0.0371763
-0.09 -0.130669
-0.08 -0.268121
-0.07 -0.426303
-0.06 -0.584783
-0.05 -0.723296
-0.04 -0.835385
-0.03 -0.917684
-0.02 -0.969477
-0.01 -0.992949
0 -0.991868
0.01 -0.971578
0.02 -0.939508
0.03 -0.900447
0.04 -0.856692
0.05 -0.810476
0.06 -0.764034
0.07 -0.718592
0.08 -0.675185
0.09 -0.634589
0.1 -0.596329
0.11 -0.560859
0.12 -0.528223
0.13 -0.497452
0.14 -0.468323
0.15 -0.440655
0.16 -0.412938
0.17 -0.385764
0.18 -0.359394
0.19 -0.333388
0.2 -0.308934
0.21 -0.286608
0.22 -0.265947
0.23 -0.247793
0.24 -0.232399
0.25 -0.218347
0.26 -0.205958
0.27 -0.195134
0.28 -0.184102
0.29 -0.173371
0.3 -0.163266
0.31 -0.152516
0.32 -0.142046
0.33 -0.132529
0.34 -0.123127
0.35 -0.115139
0.36 -0.108182
0.37 -0.10175
0.38 -0.0966998
0.39 -0.0921864
0.4 -0.0872794
0.41 -0.0830776
0.42 -0.0785633
0.43 -0.0732816
0.44 -0.0684904
0.45 -0.0636727
0.46 -0.0584929
0.47 -0.0541826
0.48 -0.0506624
0.49 -0.0469814
0.5 -0.0443522
0.51 -0.0422698
0.52 -0.0395634
0.53 -0.0374159
0.54 -0.0355586
0.55 -0.0326267
0.56 -0.0301684
0.57 -0.0278329
0.58 -0.0250582
0.59 -0.0226607
0.6 -0.0209255
0.61 -0.0189236
0.62 -0.0175975
0.63 -0.0169669
0.64 -0.0158603
0.65 -0.0152573
0.66 -0.014908
0.67 -0.0136962
0.68 -0.012965
0.69 -0.0123676
0.7 -0.0112487
0.71 -0.010544
0.72 -0.0102734
0.73 -0.00962248
0.74 -0.00953407
0.75 -0.00980279
0.76 -0.00969676
0.77 -0.0100978
0.78 -0.0105718
0.79 -0.0105017
0.8 -0.010816
0.81 -0.0110406
0.82 -0.0109627
0.83 -0.0110745
0.84 -0.0112932
0.85 -0.0112703
0.86 -0.0115375
0.87 -0.0120751
0.88 -0.0121915
0.89 -0.0126553
0.9 -0.0132758
0.91 -0.0132742
0.92 -0.0136354
0.93 -0.0139912
0.94 -0.0136699
0.95 -0.0138048
0.96 -0.0139937
0.97 -0.0134981
0.98 -0.013639
0.99 -0.013762
1 -0.0132766
1.01 -0.0134798
1.02 -0.0135523
1.03 -0.0130401
1.04 -0.0130546
1.05 -0.0129966
1.06 -0.0123573
1.07 -0.012109
1.08 -0.011934
1.09 -0.0111526
1.1 -0.0110737
1.11 -0.0107765
1.12 -0.0101498
1.13 -0.0099642
1.14 -0.00967236
1.15 -0.0090178
1.16 -0.00869874
1.17 -0.0084745
1.18 -0.00766541
1.19 -0.00732643
1.2 -0.00711251
1.21 -0.00597204
1.22 -0.00552859
1.23 -0.00519336
1.24 -0.00406479
1.25 -0.00357462
1.26 -0.00317758
1.27 -0.0020609
1.28 -0.00180452
1.29 -0.00113146
1.3 -0.000220231
1.31 0.000174976
1.32 0.000776034
1.33 0.0015582
1.34 0.00175318
1.35 0.00210841
1.36 0.00274356
1.37 0.00266909
1.38 0.0027566
1.39 0.00323186
1.4 0.00295324
1.41 0.00278156
1.42 0.00317487
1.43 0.0025003
1.44 0.00212278
1.45 0.00230961
1.46 0.00135457
1.47 0.00076001
1.48 0.000622941
1.49 -0.000665067
1.5 -0.00145015
1.51 -0.00164395
1.52 -0.00270425
1.53 -0.00354216
1.54 -0.00383424
1.55 -0.00459421
1.56 -0.00500322
1.57 -0.00819198
1.58 -14.0732
1.59 -0.00626301
1.6 -0.0062326
1.61 -0.00702713
1.62 -0.00707949
1.63 -0.00683421
1.64 0
1.65 0
1.66 0
1.67 0
1.68 0
1.69 0
1.7 0
1.71 0
1.72 0
1.73 0
1.74 0
1.75 0
1.76 0
1.77 0
1.78 0
1.79 0
1.8 0
1.81 0
1.82 0
1.83 0
1.84 0
1.85 0
1.86 0
1.87 0
1.88 0
1.89 0
1.9 0
1.91 0
1.92 0
1.93 0
1.94 0
1.95 0
1.96 0
1.97 0
1.98 0
1.99 0
