-2 -0.00273391
-1.99 -0.00296343
-1.98 -0.00408771
-1.97 -0.00278969
-1.96 -0.00295819
-1.95 -0.00423683
-1.94 -0.00318176
-1.93 -0.00317108
-1.92 -0.00801315
-1.91 -0.00389604
-1.9 -0.00393667
-1.89 -0.00421112
-1.88 -0.00404843
-1.87 -0.00340087
-1.86 -0.00346559
-1.85 -0.00402658
-1.84 -0.00340341
-1.83 -0.00417596
-1.82 -0.00384644
-1.81 -0.00464647
-1.8 -0.00478637
-1.79 -0.00420551
-1.78 -0.00454307
-1.77 -0.00441037
-1.76 -0.00457818
-1.75 -0.00476199
-1.74 -0.00430449
-1.73 -0.00404282
-1.72 -0.00444144
-1.71 -0.00447265
-1.7 -0.00404869
-1.69 -0.00389048
-1.68 -0.00462637
-1.67 -0.00398624
-1.66 -0.00469653
-1.65 -0.00418013
-1.64 -0.00404065
-1.63 -0.00464144
-1.62 -0.00458226
-1.61 -0.00360692
-1.6 -0.00420382
-1.59 -0.00431194
-1.58 -0.00291348
-1.57 -0.003824
-1.56 -0.0044778
-1.55 -0.00387523
-1.54 -0.00323501
-1.53 -0.00409132
-1.52 -0.00380446
-1.51 -0.00430291
-1.5 -0.0049002
-1.49 -0.00449442
-1.48 -0.00414101
-1.47 -0.00486058
-1.46 -0.00488991
-1.45 0.0589967
-1.44 -0.00592
-1.43 -0.00462813
-1.42 -0.00361154
-1.41 -0.00592981
-1.4 -0.00444658
-1.39 -0.00378776
-1.38 -0.00499896
-1.37 -0.00475694
-1.36 -0.00340903
-1.35 -0.00518613
-1.34 -0.000958463
-1.33 0.000183351
-1.32 5.00216e-05
-1.31 0.000668296
-1.3 0.000494976
-1.29 4.33073e-05
-1.28 0.000693515
-1.27 0.000577431
-1.26 3.78682e-05
-1.25 0.000637064
-1.24 0.000609944
-1.23 5.52565e-05
-1.22 0.000614584
-1.21 0.000601404
-1.2 3.91364e-05
-1.19 0.000603342
-1.18 0.000660665
-1.17 3.55208e-05
-1.16 0.000614322
-1.15 0.000643958
-1.14 2.77169e-05
-1.13 0.000609518
-1.12 0.000610969
-1.11 3.88347e-05
-1.1 0.000640403
-1.09 0.00062633
-1.08 5.66679e-05
-1.07 0.000611267
-1.06 0.00062449
-1.05 6.67482e-05
-1.04 0.000653193
-1.03 0.000633437
-1.02 9.5614e-05
-1.01 0.000679875
-1 0.000621263
-0.99 8.0045e-05
-0.98 0.000658575
-0.97 0.000602651
-0.96 4.33692e-05
-0.95 0.000670754
-0.94 0.000651289
-0.93 2.55059e-05
-0.92 0.000658272
-0.91 0.000586154
-0.9 2.64308e-05
-0.89 0.000672584
-0.88 0.000587811
-0.87 -3.95577e-05
-0.86 0.000683055
-0.85 0.000575421
-0.84 5.64801e-05
-0.83 0.000646425
-0.82 0.000607731
-0.81 3.39755e-05
-0.8 0.00063585
-0.79 0.000617949
-0.78 5.1556e-05
-0.77 0.000607216
-0.76 0.000617125
-0.75 4.88179e-05
-0.74 0.00061383
-0.73 0.000650275
-0.72 7.34476e-05
-0.71 0.000649102
-0.7 0.000619119
-0.69 7.59908e-05
-0.68 0.000690132
-0.67 0.000613856
-0.66 8.3202e-05
-0.65 0.000677059
-0.64 0.00064938
-0.63 5.00711e-05
-0.62 0.000695622
-0.61 0.000641157
-0.6 3.82212e-05
-0.59 0.00068197
-0.58 0.000665779
-0.57 7.19974e-05
-0.56 0.000688622
-0.55 0.000632229
-0.54 5.29294e-05
-0.53 0.000718915
-0.52 0.000617784
-0.51 2.89539e-05
-0.5 0.000750827
-0.49 0.000598689
-0.48 -2.07169e-05
-0.47 0.000701047
-0.46 0.000568495
-0.45 -3.66504e-06
-0.44 0.000691371
-0.43 0.000578876
-0.42 -1.31454e-05
-0.41 0.000705643
-0.4 0.000596178
-0.39 2.6733e-05
-0.38 0.000677811
-0.37 0.000579472
-0.36 4.08365e-05
-0.35 0.000683405
-0.34 0.000622326
-0.33 2.84302e-05
-0.32 0.000730712
-0.31 0.000636893
-0.3 4.09599e-05
-0.29 0.000781944
-0.28 0.000633205
-0.27 9.96216e-05
-0.26 0.000794218
-0.25 0.000628491
-0.24 8.77783e-05
-0.23 0.000813386
-0.22 0.000682327
-0.21 0.000120897
-0.2 0.000906911
-0.19 0.000645636
-0.18 0.000110793
-0.17 0.000849381
-0.16 0.000656354
-0.15 5.15088e-05
-0.14 0.000799078
-0.13 0.000668322
-0.12 -5.77572e-05
-0.11 -0.00413351
-0.1 -0.0393345
-0.09 -0.133776
-0.08 -0.270851
-0.07 -0.427272
-0.06 -0.585085
-0.05 -0.723826
-0.04 -0.835418
-0.03 -0.91849
-0.02 -0.970562
-0.01 -0.994445
0 -0.994023
0.01 -0.973271
0.02 -0.940848
0.03 -0.902139
0.04 -0.858126
0.05 -0.811867
0.06 -0.766158
0.07 -0.720659
0.08 -0.677121
0.09 -0.636792
0.1 -0.598128
0.11 -0.56202
0.12 -0.529398
0.13 -0.498068
0.14 -0.468468
0.15 -0.441146
0.16 -0.413625
0.17 -0.386691
0.18 -0.361219
0.19 -0.3355
0.2 -0.311093
0.21 -0.288966
0.22 -0.267964
0.23 -0.249219
0.24 -0.233427
0.25 -0.218947
0.26 -0.206037
0.27 -0.195168
0.28 -0.184349
0.29 -0.173689
0.3 -0.163999
0.31 -0.153594
0.32 -0.14325
0.33 -0.134025
0.34 -0.124262
0.35 -0.115622
0.36 -0.108577
0.37 -0.10151
0.38 -0.095825
0.39 -0.0915143
0.4 -0.0864709
0.41 -0.082162
0.42 -0.0782796
0.43 -0.0731978
0.44 -0.0683853
0.45 -0.0640734
0.46 -0.0587672
0.47 -0.0540322
0.48 -0.0504697
0.49 -0.0463068
0.5 -0.0430115
0.51 -0.0410618
0.52 -0.0381892
0.53 -0.0359627
0.54 -0.034628
0.55 -0.0319083
0.56 -0.0295942
0.57 -0.0279059
0.58 -0.0248999
0.59 -0.0224216
0.6 -0.0207838
0.61 -0.0183394
0.62 -0.0166364
0.63 -0.0158956
0.64 -0.0145997
0.65 -0.0139334
0.66 -0.0139331
0.67 -0.0129751
0.68 -0.0123721
0.69 -0.0122646
0.7 -0.0111749
0.71 -0.0104285
0.72 -0.0103413
0.73 -0.0093524
0.74 -0.00905101
0.75 -0.00939317
0.76 -0.00899706
0.77 -0.00927746
0.78 -0.0100646
0.79 -0.0100182
0.8 -0.0104358
0.81 -0.0111794
0.82 -0.0108521
0.83 -0.0110073
0.84 -0.0116127
0.85 -0.0110684
0.86 -0.0111608
0.87 -0.0118159
0.88 -0.0115038
0.89 -0.0117666
0.9 -0.0125843
0.91 -0.012408
0.92 -0.0126227
0.93 -0.0134649
0.94 -0.013073
0.95 -0.0130267
0.96 -0.0135855
0.97 -0.0129851
0.98 -0.0127079
0.99 -0.0131426
1 -0.0124899
1.01 -0.012203
1.02 -0.0125793
1.03 -0.0120631
1.04 -0.0118811
1.05 -0.0122544
1.06 -0.0115476
1.07 -0.0113077
1.08 -0.0114855
1.09 -0.0106388
1.1 -0.0102534
1.11 -0.0102485
1.12 -0.00927203
1.13 -0.00892243
1.14 -0.00882882
1.15 -0.00800755
1.16 -0.00761126
1.17 -0.00750376
1.18 -0.00658684
1.19 -0.00634159
1.2 -0.00610305
1.21 -0.00515202
1.22 -0.00470334
1.23 -0.00419529
1.24 -0.00317857
1.25 -0.00271905
1.26 -0.00219854
1.27 -0.00101633
1.28 -0.000921888
1.29 -0.000303277
1.3 0.000602267
1.31 0.000562081
1.32 0.000959179
1.33 0.00148939
1.34 0.00146479
1.35 0.00166855
1.36 0.00211612
1.37 0.00195159
1.38 0.00203749
1.39 0.00241213
1.4 0.00213563
1.41 0.00188416
1.42 0.00213582
1.43 0.0100344
1.44 0.00133994
1.45 0.00136716
1.46 0.000695335
1.47 0.0104334
1.48 0.0456529
1.49 -0.00999835
1.5 -0.00174489
1.51 -0.038888
1.52 -6547.29
1.53 -0.00364582
1.54 -0.0038548
1.55 -0.0100079
1.56 -0.00542504
1.57 -0.00534363
1.58 -0.00992161
1.59 -0.00643875
1.6 -0.00635556
1.61 -0.00713269
1.62 -0.0100559
1.63 -0.0105075
1.64 -0.00774388
1.65 -0.00989077
1.66 -0.00785533
1.67 -0.0075351
1.68 -0.00999936
1.69 -0.010318
1.7 -0.00709238
1.71 -0.0099995
1.72 -0.00983587
1.73 0
1.74 0
1.75 0
1.76 0
1.77 0
1.78 0
1.79 0
1.8 0
1.81 0
1.82 0
1.83 0
1.84 0
1.85 0
1.86 0
1.87 0
1.88 0
1.89 0
1.9 0
1.91 0
1.92 0
1.93 0
1.94 0
1.95 0
1.96 0
1.97 0
1.98 0
1.99 0
