-2 -0.0382226
-1.99 0.013832
-1.98 -0.046002
-1.97 -0.00433723
-1.96 -0.00200414
-1.95 3.30034
-1.94 -0.00408494
-1.93 -0.00176225
-1.92 0.961461
-1.91 -0.00308898
-1.9 -0.00160115
-1.89 -0.0071605
-1.88 -0.00353992
-1.87 -0.00405275
-1.86 2.07786
-1.85 -0.0039311
-1.84 -0.00191493
-1.83 5.37782
-1.82 0.0785754
-1.81 -0.000751593
-1.8 1.67222
-1.79 -0.00698188
-1.78 -0.000745024
-1.77 3.71062
-1.76 -0.00660716
-1.75 1.94101
-1.74 -0.00262712
-1.73 -0.00909747
-1.72 -0.0380241
-1.71 3.89355
-1.7 -0.000583989
-1.69 2.72202
-1.68 -0.00491043
-1.67 2.97019
-1.66 -0.00110135
-1.65 -0.00483643
-1.64 -0.00883123
-1.63 0.705983
-1.62 -0.00571139
-1.61 3.82692
-1.6 3.10351
-1.59 -0.00755034
-1.58 4.2113
-1.57 -0.00284022
-1.56 0.103983
-1.55 4.08195
-1.54 -0.0202424
-1.53 -0.0107548
-1.52 3.77589
-1.51 -0.00330799
-1.5 -0.00931064
-1.49 5.31462
-1.48 -0.00547245
-1.47 -0.0479507
-1.46 2.90775
-1.45 -0.00986218
-1.44 -0.0114574
-1.43 8.15643
-1.42 -0.00903499
-1.41 -0.0118769
-1.4 -0.0048997
-1.39 2.85425
-1.38 -0.0109904
-1.37 -0.00653556
-1.36 0
-1.35 0
-1.34 2.81932
-1.33 6.43409e-06
-1.32 0.000167216
-1.31 0.000201569
-1.3 0.000795358
-1.29 0.000144612
-1.28 0.000141531
-1.27 0.000855055
-1.26 -3.77094e-05
-1.25 0.000159293
-1.24 0.00085583
-1.23 -6.31011e-05
-1.22 0.000135281
-1.21 0.000896912
-1.2 -5.2246e-05
-1.19 0.000188958
-1.18 0.000927523
-1.17 -2.20229e-06
-1.16 0.00019314
-1.15 0.00092104
-1.14 -6.53521e-07
-1.13 0.00023286
-1.12 0.000952145
-1.11 -2.96863e-05
-1.1 0.000258035
-1.09 0.00093701
-1.08 -8.04706e-06
-1.07 0.000271621
-1.06 0.000838911
-1.05 -0.000106414
-1.04 0.000188044
-1.03 0.000841456
-1.02 -8.65766e-05
-1.01 0.000153796
-1 0.000858057
-0.99 -0.00010709
-0.98 0.000164288
-0.97 0.000859883
-0.96 -7.84584e-05
-0.95 0.000106061
-0.94 0.000912109
-0.93 2.07168e-06
-0.92 9.38564e-05
-0.91 0.000932744
-0.9 -3.45918e-05
-0.89 6.24872e-05
-0.88 0.000831478
-0.87 3.41973e-05
-0.86 -1.25742e-05
-0.85 0.000797504
-0.84 6.4637e-06
-0.83 8.86177e-05
-0.82 0.000865043
-0.81 -0.000103424
-0.8 0.000169976
-0.79 0.000961149
-0.78 -9.20317e-05
-0.77 0.000184326
-0.76 0.000957007
-0.75 -4.58326e-05
-0.74 0.000250055
-0.73 0.00100474
-0.72 -1.26839e-05
-0.71 0.000271146
-0.7 0.000976595
-0.69 1.21774e-05
-0.68 0.00027207
-0.67 0.000945118
-0.66 2.12615e-05
-0.65 0.000237948
-0.64 0.000972005
-0.63 3.12681e-05
-0.62 0.000176102
-0.61 0.000906568
-0.6 4.55508e-05
-0.59 0.000116289
-0.58 0.000925398
-0.57 -1.85448e-05
-0.56 0.000153805
-0.55 0.000879474
-0.54 -0.000102903
-0.53 9.17514e-05
-0.52 0.00085733
-0.51 -7.44747e-05
-0.5 8.5477e-05
-0.49 0.000802173
-0.48 -0.000147846
-0.47 0.000113106
-0.46 0.000810267
-0.45 -0.000157075
-0.44 7.17121e-05
-0.43 0.000872916
-0.42 -0.000116149
-0.41 0.000142743
-0.4 0.000883549
-0.39 -9.27826e-05
-0.38 0.000179591
-0.37 0.000916
-0.36 -6.31695e-05
-0.35 0.000100774
-0.34 0.000923707
-0.33 -2.78115e-05
-0.32 0.000191651
-0.31 0.000964268
-0.3 -4.44268e-05
-0.29 0.000217304
-0.28 0.000990792
-0.27 1.12425e-05
-0.26 0.000309107
-0.25 0.00106537
-0.24 9.84143e-05
-0.23 0.000306198
-0.22 0.000876873
-0.21 0.000102063
-0.2 0.000356773
-0.19 0.000969161
-0.18 7.31422e-05
-0.17 0.000298087
-0.16 0.00104994
-0.15 6.13246e-05
-0.14 0.000224947
-0.13 0.0010191
-0.12 1.24609e-05
-0.11 -0.00125283
-0.1 -0.020182
-0.09 -0.105355
-0.08 -0.242685
-0.07 -0.408213
-0.06 -0.57135
-0.05 -0.71955
-0.04 -0.833758
-0.03 -0.919574
-0.02 -0.97179
-0.01 -0.99278
0 -0.988429
0.01 -0.962848
0.02 -0.924518
0.03 -0.882033
0.04 -0.837001
0.05 -0.790379
0.06 -0.745542
0.07 -0.702781
0.08 -0.661282
0.09 -0.622689
0.1 -0.586135
0.11 -0.550109
0.12 -0.5165
0.13 -0.484536
0.14 -0.452863
0.15 -0.424139
0.16 -0.396599
0.17 -0.368742
0.18 -0.343988
0.19 -0.320066
0.2 -0.296008
0.21 -0.275846
0.22 -0.256349
0.23 -0.237156
0.24 -0.221698
0.25 -0.20655
0.26 -0.192055
0.27 -0.180357
0.28 -0.168681
0.29 -0.157706
0.3 -0.148767
0.31 -0.139363
0.32 -0.130161
0.33 -0.122323
0.34 -0.114295
0.35 -0.106271
0.36 -0.099937
0.37 -0.0937211
0.38 -0.0874587
0.39 -0.0831319
0.4 -0.0783752
0.41 -0.0736035
0.42 -0.0707502
0.43 -0.0668419
0.44 -0.0628227
0.45 -0.0600581
0.46 -0.0566402
0.47 -0.0529446
0.48 -0.0503498
0.49 -0.0474885
0.5 -0.0443995
0.51 -0.0424825
0.52 -0.04043
0.53 -0.0377908
0.54 -0.0366787
0.55 -0.0354246
0.56 -0.0333399
0.57 -0.032628
0.58 -0.031495
0.59 -0.029403
0.6 -0.0289396
0.61 -0.0275933
0.62 -0.0255565
0.63 -0.0254036
0.64 -0.024202
0.65 -0.022802
0.66 -0.0228042
0.67 -0.0219926
0.68 -0.020736
0.69 -0.0207917
0.7 -0.0204188
0.71 -0.0190444
0.72 -0.0193339
0.73 -0.0186595
0.74 -0.0173379
0.75 -0.017483
0.76 -0.0168623
0.77 -0.0157289
0.78 -0.0158099
0.79 -0.0154039
0.8 -0.0143506
0.81 -0.0147777
0.82 -0.0143142
0.83 -0.0133399
0.84 -0.0137354
0.85 -0.0132263
0.86 -0.0121043
0.87 -0.012565
0.88 -0.0119642
0.89 -0.0111595
0.9 -0.0114469
0.91 -0.0109405
0.92 -0.0101361
0.93 -0.010685
0.94 -0.0101897
0.95 -0.00951796
0.96 -0.010117
0.97 -0.00968449
0.98 -0.00916148
0.99 -0.00957674
1 -0.00894484
1.01 -0.00839463
1.02 -0.00869211
1.03 -0.00812363
1.04 -0.007675
1.05 -0.0078155
1.06 -0.00725399
1.07 -0.00673208
1.08 -0.00699104
1.09 -0.00652524
1.1 -0.00597709
1.11 -0.00637916
1.12 -0.0058783
1.13 -0.00515378
1.14 -0.00533943
1.15 -0.00502181
1.16 -0.00454536
1.17 -0.00457259
1.18 -0.0100171
1.19 -0.00396862
1.2 -0.00410644
1.21 -0.0041289
1.22 -0.00376481
1.23 -0.00407021
1.24 -0.0100152
1.25 -0.00401166
1.26 -0.0042904
1.27 -0.00414943
1.28 -0.00410258
1.29 -0.0043462
1.3 -0.00421888
1.31 -0.00999069
1.32 -0.00435382
1.33 -0.0046251
1.34 -0.00469138
1.35 -0.00482683
1.36 -0.00525397
1.37 -0.00529378
1.38 -0.00543156
1.39 -0.00554902
1.4 -0.00568656
1.41 -0.00590783
1.42 -0.00555334
1.43 -0.00564437
1.44 -0.00608446
1.45 -0.00562299
1.46 -0.00555556
1.47 -0.00586075
1.48 -0.005878
1.49 -0.00520373
1.5 -0.00561056
1.51 -0.00523844
1.52 -0.0052715
1.53 -0.00545332
1.54 -0.00481864
1.55 -0.00464328
1.56 -0.0305891
1.57 -0.00384497
1.58 -0.00353195
1.59 -0.00368676
1.6 -0.00239252
1.61 -0.00251328
1.62 0.166002
1.63 0
1.64 0
1.65 0
1.66 0
1.67 0
1.68 0
1.69 0
1.7 0
1.71 0
1.72 0
1.73 0
1.74 0
1.75 0
1.76 0
1.77 0
1.78 0
1.79 0
1.8 0
1.81 0
1.82 0
1.83 0
1.84 0
1.85 0
1.86 0
1.87 0
1.88 0
1.89 0
1.9 0
1.91 0
1.92 0
1.93 0
1.94 0
1.95 0
1.96 0
1.97 0
1.98 0
1.99 0
