-2 -0.00331055
-1.99 -0.00427256
-1.98 -0.00531189
-1.97 -0.00349875
-1.96 -0.0049339
-1.95 -0.00502773
-1.94 -0.00412988
-1.93 -0.00488586
-1.92 -0.00571038
-1.91 -0.00405575
-1.9 -0.00408638
-1.89 -0.00528617
-1.88 -0.00507288
-1.87 -0.0041164
-1.86 -0.00482083
-1.85 -0.00476842
-1.84 -0.00439094
-1.83 -0.00631877
-1.82 -0.00432279
-1.81 0.0886943
-1.8 -0.00599075
-1.79 -0.00477247
-1.78 0.119073
-1.77 -0.00539573
-1.76 -0.0050646
-1.75 -0.00614653
-1.74 -0.00509723
-1.73 -0.00536896
-1.72 -0.00638884
-1.71 -0.00601658
-1.7 -0.00557227
-1.69 -0.00725585
-1.68 -0.00733692
-1.67 -0.00549638
-1.66 -0.00667389
-1.65 0.0750516
-1.64 -0.00553426
-1.63 -0.00630909
-1.62 -0.00720142
-1.61 -0.00643889
-1.6 -0.00734296
-1.59 -0.00692254
-1.58 0.11566
-1.57 -0.00671178
-1.56 -0.00612938
-1.55 -0.00536154
-1.54 -0.00631973
-1.53 -0.00610842
-1.52 -0.00469329
-1.51 -0.0059005
-1.5 -0.00561732
-1.49 -0.0053657
-1.48 0.0492514
-1.47 -0.00563421
-1.46 -0.00593515
-1.45 0.106801
-1.44 -0.00655853
-1.43 -0.00549696
-1.42 0.0610207
-1.41 -0.00679395
-1.4 0.0475696
-1.39 -0.00648826
-1.38 -0.00640498
-1.37 -0.00470704
-1.36 -0.0061425
-1.35 -0.00653435
-1.34 -0.00185277
-1.33 5.40963e-05
-1.32 2.85441e-05
-1.31 0.000178251
-1.3 0.000162983
-1.29 -6.82192e-05
-1.28 0.000180692
-1.27 0.000156193
-1.26 -6.21421e-05
-1.25 0.000126408
-1.24 8.8242e-05
-1.23 -6.79798e-05
-1.22 0.000123776
-1.21 0.000142707
-1.2 -0.000101373
-1.19 0.00019875
-1.18 0.000158768
-1.17 -9.85342e-05
-1.16 0.000218632
-1.15 0.000181464
-1.14 -0.000119757
-1.13 0.00029808
-1.12 0.000196276
-1.11 -7.39509e-05
-1.1 0.000309852
-1.09 0.000245203
-1.08 -5.60636e-05
-1.07 0.000320593
-1.06 0.000260025
-1.05 -0.000133431
-1.04 0.000257589
-1.03 0.000251331
-1.02 -0.000107218
-1.01 0.000258677
-1 0.000229003
-0.99 -8.73261e-05
-0.98 0.000243497
-0.97 0.000188754
-0.96 -9.6139e-05
-0.95 0.000222078
-0.94 0.000156596
-0.93 -0.000111607
-0.92 0.000222913
-0.91 0.000150785
-0.9 -0.00012276
-0.89 0.000177731
-0.88 0.000138488
-0.87 -8.98067e-05
-0.86 0.000186937
-0.85 0.000178175
-0.84 -0.000108157
-0.83 0.000201267
-0.82 0.000157831
-0.81 -9.25733e-05
-0.8 0.000226739
-0.79 0.000132626
-0.78 -8.02097e-05
-0.77 0.000245983
-0.76 0.000153005
-0.75 -0.00010794
-0.74 0.000262321
-0.73 0.000175367
-0.72 -8.45656e-05
-0.71 0.000283264
-0.7 0.000231561
-0.69 -8.69965e-05
-0.68 0.00029256
-0.67 0.00022539
-0.66 -7.89509e-05
-0.65 0.000268417
-0.64 0.000190347
-0.63 -4.63308e-05
-0.62 0.000259662
-0.61 0.000237108
-0.6 -3.87702e-05
-0.59 0.000294649
-0.58 0.000252755
-0.57 -4.30239e-05
-0.56 0.000251168
-0.55 0.000187246
-0.54 -4.88684e-05
-0.53 0.000277005
-0.52 0.000176484
-0.51 -1.5401e-05
-0.5 0.00026652
-0.49 0.000204801
-0.48 -9.17992e-05
-0.47 0.000254394
-0.46 0.000162358
-0.45 -6.27146e-05
-0.44 0.000221125
-0.43 0.000170033
-0.42 -7.38275e-05
-0.41 0.000150625
-0.4 0.000177557
-0.39 -0.000128031
-0.38 0.000169246
-0.37 0.000201688
-0.36 -0.000118832
-0.35 0.000221192
-0.34 0.000200651
-0.33 -0.000136672
-0.32 0.000305384
-0.31 0.000235921
-0.3 -0.000102812
-0.29 0.000384249
-0.28 0.000268356
-0.27 -2.3993e-05
-0.26 0.000396934
-0.25 0.000301606
-0.24 -3.71988e-05
-0.23 0.000398242
-0.22 0.000330581
-0.21 -1.72046e-05
-0.2 0.000442775
-0.19 0.000316207
-0.18 5.76595e-07
-0.17 0.000413188
-0.16 0.000294553
-0.15 2.30061e-05
-0.14 0.000377086
-0.13 0.000287784
-0.12 2.05581e-05
-0.11 -0.00304134
-0.1 -0.0320327
-0.09 -0.121411
-0.08 -0.258284
-0.07 -0.419902
-0.06 -0.57792
-0.05 -0.719256
-0.04 -0.831236
-0.03 -0.917349
-0.02 -0.970616
-0.01 -0.993347
0 -0.989934
0.01 -0.967064
0.02 -0.931915
0.03 -0.891297
0.04 -0.847325
0.05 -0.801737
0.06 -0.75731
0.07 -0.713977
0.08 -0.672399
0.09 -0.633141
0.1 -0.594992
0.11 -0.558366
0.12 -0.523578
0.13 -0.490355
0.14 -0.458662
0.15 -0.428986
0.16 -0.400347
0.17 -0.373119
0.18 -0.347463
0.19 -0.322929
0.2 -0.299631
0.21 -0.27815
0.22 -0.257928
0.23 -0.238989
0.24 -0.222248
0.25 -0.206749
0.26 -0.192335
0.27 -0.179801
0.28 -0.168164
0.29 -0.157439
0.3 -0.147641
0.31 -0.13819
0.32 -0.129394
0.33 -0.120985
0.34 -0.112866
0.35 -0.105369
0.36 -0.0985726
0.37 -0.0920259
0.38 -0.08627
0.39 -0.0813966
0.4 -0.076765
0.41 -0.07255
0.42 -0.0691547
0.43 -0.0655443
0.44 -0.0621505
0.45 -0.05927
0.46 -0.0560383
0.47 -0.0529343
0.48 -0.0502199
0.49 -0.0473206
0.5 -0.0447905
0.51 -0.0427118
0.52 -0.0405458
0.53 -0.0386974
0.54 -0.0373508
0.55 -0.0357472
0.56 -0.0344581
0.57 -0.0335365
0.58 -0.0319744
0.59 -0.0307233
0.6 -0.0298768
0.61 -0.028385
0.62 -0.0272317
0.63 -0.0266078
0.64 -0.0253432
0.65 -0.0244497
0.66 -0.0239443
0.67 -0.0229132
0.68 -0.0222107
0.69 -0.021858
0.7 -0.0210042
0.71 -0.0204107
0.72 -0.0199822
0.73 -0.0190544
0.74 -0.0183712
0.75 -0.0178309
0.76 -0.0168085
0.77 -0.0161289
0.78 -0.0157152
0.79 -0.0148994
0.8 -0.0143068
0.81 -0.014076
0.82 -0.0134266
0.83 -0.0129675
0.84 -0.0127856
0.85 -0.0121159
0.86 -0.0116187
0.87 -0.0115147
0.88 -0.0109048
0.89 -0.010425
0.9 -0.0103427
0.91 -0.00975576
0.92 -0.00939005
0.93 -0.00934013
0.94 -0.00888703
0.95 -0.00861468
0.96 -0.00865929
0.97 -0.00815952
0.98 -0.00789276
0.99 -0.00783034
1 -0.00735056
1.01 -0.00691818
1.02 -0.00677389
1.03 -0.00628446
1.04 -0.00596116
1.05 -0.00577433
1.06 -0.00520992
1.07 -0.00500008
1.08 -0.00485784
1.09 -0.00434128
1.1 -0.00428693
1.11 -0.00401432
1.12 -0.00358749
1.13 -0.00348023
1.14 -0.003206
1.15 -0.00278872
1.16 -0.00269657
1.17 -0.00242077
1.18 -0.00216089
1.19 -0.00207417
1.2 -0.00198908
1.21 -0.00190086
1.22 -0.00198364
1.23 -0.00189305
1.24 -0.0018496
1.25 -0.00204187
1.26 -0.00192503
1.27 -0.00167148
1.28 -0.00183309
1.29 -0.00186242
1.3 -0.00706745
1.31 -0.0183304
1.32 -1.03187
1.33 -0.00198252
1.34 -0.00230884
1.35 -0.00236451
1.36 -0.00220136
1.37 -0.00283208
1.38 -0.00271363
1.39 -0.0101668
1.4 -27.8133
1.41 -0.00310345
1.42 -0.00316321
1.43 -0.00351392
1.44 -0.00366912
1.45 -0.00349772
1.46 -0.00415902
1.47 -0.00446547
1.48 -0.00441014
1.49 -0.00487425
1.5 -0.00538654
1.51 -0.00561588
1.52 -0.0108349
1.53 -0.00658912
1.54 -0.00681678
1.55 -0.00908627
1.56 -0.0243778
1.57 -0.010068
1.58 -0.0076122
1.59 -0.00999948
1.6 -0.00997115
1.61 -0.0273687
1.62 -0.00941206
1.63 0
1.64 0
1.65 0
1.66 0
1.67 0
1.68 0
1.69 0
1.7 0
1.71 0
1.72 0
1.73 0
1.74 0
1.75 0
1.76 0
1.77 0
1.78 0
1.79 0
1.8 0
1.81 0
1.82 0
1.83 0
1.84 0
1.85 0
1.86 0
1.87 0
1.88 0
1.89 0
1.9 0
1.91 0
1.92 0
1.93 0
1.94 0
1.95 0
1.96 0
1.97 0
1.98 0
1.99 0
