-1.5  0
-1.499  0
-1.498  0
-1.497  0
-1.496  0
-1.495  0
-1.494  0
-1.493  0
-1.492  0
-1.491  0
-1.49  0
-1.489  0
-1.488  0
-1.487  0
-1.486  0
-1.485  0
-1.484  0
-1.483  0
-1.482  0
-1.481  0
-1.48  0
-1.479  0
-1.478  0
-1.477  0
-1.476  0
-1.475  0
-1.474  0
-1.473  0
-1.472  0
-1.471  0
-1.47  0
-1.469  0
-1.468  0
-1.467  0
-1.466  0
-1.465  0
-1.464  0
-1.463  0
-1.462  0
-1.461  0
-1.46  0
-1.459  0
-1.458  0
-1.457  0
-1.456  0
-1.455  0
-1.454  0
-1.453  0
-1.452  0
-1.451  0
-1.45  0
-1.449  0
-1.448  0
-1.447  0
-1.446  0
-1.445  0
-1.444  0
-1.443  0
-1.442  0
-1.441  0
-1.44  0
-1.439  0
-1.438  0
-1.437  0
-1.436  0
-1.435  0
-1.434  0
-1.433  0
-1.432  0
-1.431  0
-1.43  0
-1.429  0
-1.428  0
-1.427  0
-1.426  0
-1.425  0
-1.424  0
-1.423  0
-1.422  0
-1.421  0
-1.42  0
-1.419  0
-1.418  0
-1.417  0
-1.416  0
-1.415  0
-1.414  0
-1.413  0
-1.412  0
-1.411  0
-1.41  0
-1.409  0
-1.408  0
-1.407  0
-1.406  0
-1.405  0
-1.404  0
-1.403  0
-1.402  0
-1.401  0
-1.4  0
-1.399  0
-1.398  0
-1.397  0
-1.396  0
-1.395  0
-1.394  0
-1.393  0
-1.392  0
-1.391  0
-1.39  0
-1.389  0
-1.388  0
-1.387  0
-1.386  0
-1.385  0
-1.384  0
-1.383  0
-1.382  0
-1.381  0
-1.38  0
-1.379  0
-1.378  0
-1.377  0
-1.376  0
-1.375  0
-1.374  0
-1.373  0
-1.372  0
-1.371  0
-1.37  0
-1.369  0
-1.368  0
-1.367  0
-1.366  0
-1.365  0
-1.364  0
-1.363  0
-1.362  0
-1.361  0
-1.36  0
-1.359  0
-1.358  0
-1.357  0
-1.356  0
-1.355  0
-1.354  0
-1.353  0
-1.352  0
-1.351  0
-1.35  0
-1.349  0
-1.348  0
-1.347  0
-1.346  0
-1.345  0
-1.344  0
-1.343  0
-1.342  -1.18492e-05
-1.341  -1.42881e-05
-1.34  -1.36935e-05
-1.339  -6.91019e-06
-1.338  -9.6833e-06
-1.337  -7.60931e-06
-1.336  -1.51599e-05
-1.335  -1.43462e-05
-1.334  -1.373e-05
-1.333  -2.00444e-05
-1.332  -2.42024e-05
-1.331  -2.75788e-05
-1.33  -2.5433e-05
-1.329  -2.5392e-05
-1.328  -2.32657e-05
-1.327  -2.32751e-05
-1.326  -1.92743e-05
-1.325  -2.0996e-05
-1.324  -1.72009e-05
-1.323  -5.94336e-06
-1.322  -2.49215e-06
-1.321  1.70064e-06
-1.32  -6.79442e-06
-1.319  -7.31938e-06
-1.318  -1.35452e-05
-1.317  -7.50805e-06
-1.316  -1.1059e-05
-1.315  -1.74278e-05
-1.314  -1.14209e-05
-1.313  -9.02585e-06
-1.312  -1.20629e-05
-1.311  -1.84406e-05
-1.31  -2.19949e-05
-1.309  -2.6381e-05
-1.308  -2.78036e-05
-1.307  -2.71793e-05
-1.306  -2.79587e-05
-1.305  -3.28168e-05
-1.304  -3.40811e-05
-1.303  -3.74484e-05
-1.302  -4.32302e-05
-1.301  -4.41614e-05
-1.3  -3.88526e-05
-1.299  -3.72194e-05
-1.298  -3.75817e-05
-1.297  -3.90633e-05
-1.296  -3.33012e-05
-1.295  -3.17541e-05
-1.294  -3.1281e-05
-1.293  -2.58539e-05
-1.292  -2.24433e-05
-1.291  -1.94319e-05
-1.29  -1.53031e-05
-1.289  -2.06515e-05
-1.288  -2.97642e-05
-1.287  -2.511e-05
-1.286  -3.02206e-05
-1.285  -3.2281e-05
-1.284  -2.72366e-05
-1.283  -2.84828e-05
-1.282  -3.06908e-05
-1.281  -3.69138e-05
-1.28  -3.92549e-05
-1.279  -4.12031e-05
-1.278  -3.93578e-05
-1.277  -3.86161e-05
-1.276  -4.3862e-05
-1.275  -4.531e-05
-1.274  -4.44699e-05
-1.273  -4.89038e-05
-1.272  -5.00464e-05
-1.271  -5.44933e-05
-1.27  -4.59022e-05
-1.269  -4.23812e-05
-1.268  -4.71364e-05
-1.267  -4.21224e-05
-1.266  -3.84725e-05
-1.265  -4.02244e-05
-1.264  -3.94057e-05
-1.263  -2.97949e-05
-1.262  -2.95838e-05
-1.261  -2.61662e-05
-1.26  -1.89312e-05
-1.259  -2.34333e-05
-1.258  -3.15709e-05
-1.257  -2.71885e-05
-1.256  -2.70808e-05
-1.255  -2.99218e-05
-1.254  -2.22751e-05
-1.253  -2.04997e-05
-1.252  -2.03634e-05
-1.251  -2.30852e-05
-1.25  -2.45534e-05
-1.249  -2.47489e-05
-1.248  -2.75408e-05
-1.247  -2.76925e-05
-1.246  -3.2742e-05
-1.245  -2.9953e-05
-1.244  -3.75008e-05
-1.243  -3.60409e-05
-1.242  -3.31918e-05
-1.241  -3.83107e-05
-1.24  -3.3088e-05
-1.239  -2.50075e-05
-1.238  -2.86087e-05
-1.237  -2.80391e-05
-1.236  -2.49959e-05
-1.235  -2.99167e-05
-1.234  -3.36566e-05
-1.233  -2.65111e-05
-1.232  -2.65243e-05
-1.231  -2.29518e-05
-1.23  -1.93084e-05
-1.229  -1.89764e-05
-1.228  -2.39748e-05
-1.227  -2.04339e-05
-1.226  -2.28036e-05
-1.225  -2.42029e-05
-1.224  -1.89922e-05
-1.223  -2.29001e-05
-1.222  -2.44838e-05
-1.221  -2.10484e-05
-1.22  -2.62519e-05
-1.219  -2.52219e-05
-1.218  -2.67788e-05
-1.217  -2.85734e-05
-1.216  -2.88305e-05
-1.215  -2.63875e-05
-1.214  -3.20238e-05
-1.213  -3.2802e-05
-1.212  -3.62047e-05
-1.211  -3.96328e-05
-1.21  -3.64751e-05
-1.209  -3.46769e-05
-1.208  -3.72011e-05
-1.207  -3.83219e-05
-1.206  -3.46212e-05
-1.205  -4.00979e-05
-1.204  -3.97646e-05
-1.203  -3.20578e-05
-1.202  -3.31388e-05
-1.201  -2.83123e-05
-1.2  -2.56542e-05
-1.199  -2.25126e-05
-1.198  -2.39774e-05
-1.197  -2.32942e-05
-1.196  -2.53673e-05
-1.195  -2.97205e-05
-1.194  -2.77454e-05
-1.193  -3.20873e-05
-1.192  -3.07769e-05
-1.191  -3.19645e-05
-1.19  -3.51289e-05
-1.189  -3.63216e-05
-1.188  -3.67123e-05
-1.187  -3.81766e-05
-1.186  -3.54563e-05
-1.185  -3.22268e-05
-1.184  -3.50123e-05
-1.183  -3.77858e-05
-1.182  -4.43117e-05
-1.181  -4.7322e-05
-1.18  -4.8635e-05
-1.179  -4.52508e-05
-1.178  -4.42185e-05
-1.177  -4.54063e-05
-1.176  -4.25771e-05
-1.175  -4.70299e-05
-1.174  -4.63233e-05
-1.173  -4.37781e-05
-1.172  -4.07117e-05
-1.171  -3.50436e-05
-1.17  -2.94579e-05
-1.169  -2.73953e-05
-1.168  -2.92287e-05
-1.167  -2.83469e-05
-1.166  -3.17928e-05
-1.165  -3.80857e-05
-1.164  -3.58948e-05
-1.163  -3.48762e-05
-1.162  -3.55807e-05
-1.161  -3.50389e-05
-1.16  -4.20963e-05
-1.159  -4.39724e-05
-1.158  -4.04563e-05
-1.157  -3.79365e-05
-1.156  -3.80339e-05
-1.155  -3.43067e-05
-1.154  -3.47441e-05
-1.153  -3.72959e-05
-1.152  -4.35831e-05
-1.151  -4.57484e-05
-1.15  -4.86839e-05
-1.149  -4.25861e-05
-1.148  -4.63951e-05
-1.147  -4.90112e-05
-1.146  -4.56947e-05
-1.145  -5.09176e-05
-1.144  -4.98397e-05
-1.143  -4.93399e-05
-1.142  -4.72498e-05
-1.141  -3.8329e-05
-1.14  -3.35377e-05
-1.139  -3.11695e-05
-1.138  -3.16022e-05
-1.137  -3.02417e-05
-1.136  -2.94604e-05
-1.135  -3.10588e-05
-1.134  -2.99165e-05
-1.133  -2.72631e-05
-1.132  -2.8258e-05
-1.131  -2.3726e-05
-1.13  -3.26869e-05
-1.129  -3.45802e-05
-1.128  -2.99294e-05
-1.127  -2.75488e-05
-1.126  -2.9109e-05
-1.125  -2.67879e-05
-1.124  -2.42841e-05
-1.123  -2.8711e-05
-1.122  -3.39671e-05
-1.121  -3.85851e-05
-1.12  -4.24239e-05
-1.119  -4.2552e-05
-1.118  -4.26366e-05
-1.117  -4.5826e-05
-1.116  -4.5123e-05
-1.115  -5.00723e-05
-1.114  -4.76861e-05
-1.113  -4.96294e-05
-1.112  -4.81704e-05
-1.111  -4.23612e-05
-1.11  -3.36837e-05
-1.109  -3.41659e-05
-1.108  -3.76403e-05
-1.107  -3.3182e-05
-1.106  -3.34646e-05
-1.105  -3.41219e-05
-1.104  -2.99005e-05
-1.103  -3.15521e-05
-1.102  -2.99427e-05
-1.101  -2.89003e-05
-1.1  -3.34432e-05
-1.099  -3.53658e-05
-1.098  -3.36481e-05
-1.097  -3.34517e-05
-1.096  -3.10638e-05
-1.095  -3.13125e-05
-1.094  -2.98136e-05
-1.093  -3.31601e-05
-1.092  -3.60769e-05
-1.091  -4.18345e-05
-1.09  -4.46125e-05
-1.089  -4.57366e-05
-1.088  -4.7853e-05
-1.087  -4.82065e-05
-1.086  -4.67921e-05
-1.085  -4.96757e-05
-1.084  -4.71121e-05
-1.083  -4.97857e-05
-1.082  -4.83235e-05
-1.081  -4.45967e-05
-1.08  -3.86795e-05
-1.079  -3.69357e-05
-1.078  -3.69437e-05
-1.077  -3.86851e-05
-1.076  -3.88697e-05
-1.075  -3.73189e-05
-1.074  -3.66186e-05
-1.073  -3.63085e-05
-1.072  -3.76203e-05
-1.071  -3.8199e-05
-1.07  -3.78021e-05
-1.069  -3.75784e-05
-1.068  -3.88443e-05
-1.067  -3.96048e-05
-1.066  -3.94169e-05
-1.065  -3.79651e-05
-1.064  -3.79221e-05
-1.063  -3.84982e-05
-1.062  -4.33225e-05
-1.061  -4.76789e-05
-1.06  -5.09089e-05
-1.059  -5.53404e-05
-1.058  -5.40952e-05
-1.057  -5.61043e-05
-1.056  -5.24043e-05
-1.055  -5.50808e-05
-1.054  -5.45267e-05
-1.053  -5.45688e-05
-1.052  -5.30881e-05
-1.051  -4.81654e-05
-1.05  -4.38437e-05
-1.049  -3.95496e-05
-1.048  -3.96278e-05
-1.047  -4.27509e-05
-1.046  -4.82376e-05
-1.045  -4.72606e-05
-1.044  -4.73247e-05
-1.043  -4.65045e-05
-1.042  -4.53964e-05
-1.041  -4.57595e-05
-1.04  -4.47329e-05
-1.039  -4.86129e-05
-1.038  -4.70151e-05
-1.037  -5.10969e-05
-1.036  -4.72699e-05
-1.035  -4.35682e-05
-1.034  -4.19494e-05
-1.033  -3.98466e-05
-1.032  -4.57014e-05
-1.031  -4.90531e-05
-1.03  -5.20048e-05
-1.029  -5.61259e-05
-1.028  -5.15335e-05
-1.027  -4.70068e-05
-1.026  -4.10457e-05
-1.025  -3.81825e-05
-1.024  -3.39686e-05
-1.023  -3.37695e-05
-1.022  -2.6921e-05
-1.021  -2.47913e-05
-1.02  -1.94989e-05
-1.019  -1.44862e-05
-1.018  -1.34174e-05
-1.017  -1.99825e-05
-1.016  -2.63298e-05
-1.015  -2.36424e-05
-1.014  -2.33121e-05
-1.013  -2.77403e-05
-1.012  -2.68267e-05
-1.011  -2.99291e-05
-1.01  -3.1014e-05
-1.009  -3.93324e-05
-1.008  -3.90859e-05
-1.007  -4.49996e-05
-1.006  -4.96262e-05
-1.005  -4.70467e-05
-1.004  -4.36509e-05
-1.003  -4.51384e-05
-1.002  -4.71259e-05
-1.001  -4.70926e-05
-1  -5.10338e-05
-0.999  -5.4065e-05
-0.998  -4.6428e-05
-0.997  -4.08721e-05
-0.996  -4.19186e-05
-0.995  -3.94719e-05
-0.994  -3.3681e-05
-0.993  -3.27172e-05
-0.992  -2.63942e-05
-0.991  -1.97324e-05
-0.99  -1.19973e-05
-0.989  -1.11011e-05
-0.988  -1.00373e-05
-0.987  -6.95303e-06
-0.986  -1.12318e-05
-0.985  -1.40208e-05
-0.984  -1.68664e-05
-0.983  -2.29468e-05
-0.982  -2.22865e-05
-0.981  -2.55648e-05
-0.98  -2.9022e-05
-0.979  -3.9756e-05
-0.978  -4.10563e-05
-0.977  -4.66479e-05
-0.976  -4.97628e-05
-0.975  -4.85611e-05
-0.974  -4.75929e-05
-0.973  -4.8351e-05
-0.972  -5.21811e-05
-0.971  -5.15984e-05
-0.97  -5.20782e-05
-0.969  -5.21158e-05
-0.968  -5.39028e-05
-0.967  -4.84152e-05
-0.966  -4.76492e-05
-0.965  -4.3815e-05
-0.964  -3.57888e-05
-0.963  -3.59609e-05
-0.962  -3.06901e-05
-0.961  -2.22978e-05
-0.96  -1.44877e-05
-0.959  -1.50922e-05
-0.958  -1.10977e-05
-0.957  -1.07152e-05
-0.956  -9.77855e-06
-0.955  -9.17677e-06
-0.954  -1.13482e-05
-0.953  -1.58004e-05
-0.952  -1.68397e-05
-0.951  -2.05433e-05
-0.95  -2.09608e-05
-0.949  -2.76135e-05
-0.948  -3.19648e-05
-0.947  -3.75987e-05
-0.946  -4.2781e-05
-0.945  -4.38378e-05
-0.944  -4.36722e-05
-0.943  -4.2838e-05
-0.942  -4.53035e-05
-0.941  -4.99801e-05
-0.94  -4.90639e-05
-0.939  -5.31231e-05
-0.938  -5.35561e-05
-0.937  -5.1915e-05
-0.936  -5.43728e-05
-0.935  -5.01352e-05
-0.934  -4.50757e-05
-0.933  -4.1912e-05
-0.932  -3.60221e-05
-0.931  -3.57936e-05
-0.93  -2.96469e-05
-0.929  -2.9911e-05
-0.928  -2.89572e-05
-0.927  -2.64769e-05
-0.926  -2.45602e-05
-0.925  -2.16703e-05
-0.924  -2.61207e-05
-0.923  -3.19435e-05
-0.922  -2.89261e-05
-0.921  -3.06615e-05
-0.92  -2.52003e-05
-0.919  -3.18677e-05
-0.918  -3.59461e-05
-0.917  -3.74574e-05
-0.916  -4.23595e-05
-0.915  -4.12392e-05
-0.914  -4.44329e-05
-0.913  -4.42708e-05
-0.912  -3.92847e-05
-0.911  -4.54457e-05
-0.91  -4.20288e-05
-0.909  -4.18965e-05
-0.908  -4.1086e-05
-0.907  -3.94383e-05
-0.906  -4.18156e-05
-0.905  -3.90692e-05
-0.904  -3.5593e-05
-0.903  -3.03288e-05
-0.902  -3.17253e-05
-0.901  -3.30198e-05
-0.9  -2.42986e-05
-0.899  -2.37816e-05
-0.898  -2.40642e-05
-0.897  -2.00096e-05
-0.896  -1.89689e-05
-0.895  -1.5873e-05
-0.894  -1.77358e-05
-0.893  -2.63829e-05
-0.892  -1.78927e-05
-0.891  -2.18027e-05
-0.89  -1.84291e-05
-0.889  -2.56158e-05
-0.888  -3.26946e-05
-0.887  -3.55571e-05
-0.886  -3.78563e-05
-0.885  -3.85644e-05
-0.884  -4.58312e-05
-0.883  -4.00637e-05
-0.882  -3.83832e-05
-0.881  -4.51757e-05
-0.88  -4.54975e-05
-0.879  -4.46977e-05
-0.878  -4.89149e-05
-0.877  -5.09229e-05
-0.876  -5.03965e-05
-0.875  -5.439e-05
-0.874  -5.05715e-05
-0.873  -5.31952e-05
-0.872  -5.16436e-05
-0.871  -5.28916e-05
-0.87  -4.51069e-05
-0.869  -4.00443e-05
-0.868  -4.24631e-05
-0.867  -3.95493e-05
-0.866  -3.87762e-05
-0.865  -3.31321e-05
-0.864  -3.55235e-05
-0.863  -4.01027e-05
-0.862  -3.15706e-05
-0.861  -2.85206e-05
-0.86  -2.93377e-05
-0.859  -3.23956e-05
-0.858  -3.81258e-05
-0.857  -4.15409e-05
-0.856  -3.66052e-05
-0.855  -3.78984e-05
-0.854  -3.70724e-05
-0.853  -3.55256e-05
-0.852  -3.36759e-05
-0.851  -3.44673e-05
-0.85  -3.50941e-05
-0.849  -3.26606e-05
-0.848  -3.65396e-05
-0.847  -3.35681e-05
-0.846  -3.0134e-05
-0.845  -3.27326e-05
-0.844  -2.89883e-05
-0.843  -3.30698e-05
-0.842  -3.29506e-05
-0.841  -3.15801e-05
-0.84  -2.82209e-05
-0.839  -2.36968e-05
-0.838  -2.5818e-05
-0.837  -2.88814e-05
-0.836  -3.46428e-05
-0.835  -3.19579e-05
-0.834  -3.4207e-05
-0.833  -3.55755e-05
-0.832  -3.29974e-05
-0.831  -3.59128e-05
-0.83  -3.69608e-05
-0.829  -3.70432e-05
-0.828  -4.30615e-05
-0.827  -5.11069e-05
-0.826  -4.76748e-05
-0.825  -5.0608e-05
-0.824  -5.03992e-05
-0.823  -5.07618e-05
-0.822  -4.9824e-05
-0.821  -5.01459e-05
-0.82  -4.89957e-05
-0.819  -4.67559e-05
-0.818  -5.07128e-05
-0.817  -4.06003e-05
-0.816  -3.89009e-05
-0.815  -4.26085e-05
-0.814  -4.34113e-05
-0.813  -4.78144e-05
-0.812  -4.50956e-05
-0.811  -4.32332e-05
-0.81  -4.44795e-05
-0.809  -4.22441e-05
-0.808  -4.18754e-05
-0.807  -4.31407e-05
-0.806  -4.89968e-05
-0.805  -4.62909e-05
-0.804  -4.81049e-05
-0.803  -4.91876e-05
-0.802  -4.77464e-05
-0.801  -4.87287e-05
-0.8  -5.34498e-05
-0.799  -4.87091e-05
-0.798  -5.65388e-05
-0.797  -6.39783e-05
-0.796  -5.8508e-05
-0.795  -5.83631e-05
-0.794  -6.01091e-05
-0.793  -5.9395e-05
-0.792  -6.18798e-05
-0.791  -6.03336e-05
-0.79  -5.91795e-05
-0.789  -5.83983e-05
-0.788  -6.49472e-05
-0.787  -5.40731e-05
-0.786  -5.53109e-05
-0.785  -5.72853e-05
-0.784  -5.52278e-05
-0.783  -5.53412e-05
-0.782  -5.14128e-05
-0.781  -4.70434e-05
-0.78  -5.04898e-05
-0.779  -4.82407e-05
-0.778  -4.77062e-05
-0.777  -4.79536e-05
-0.776  -5.02839e-05
-0.775  -4.52828e-05
-0.774  -4.79119e-05
-0.773  -4.64355e-05
-0.772  -4.59631e-05
-0.771  -4.57645e-05
-0.77  -4.78712e-05
-0.769  -3.96906e-05
-0.768  -4.4053e-05
-0.767  -4.93229e-05
-0.766  -4.70416e-05
-0.765  -5.18627e-05
-0.764  -5.45649e-05
-0.763  -5.63303e-05
-0.762  -5.81978e-05
-0.761  -5.60388e-05
-0.76  -5.27438e-05
-0.759  -4.89285e-05
-0.758  -5.21613e-05
-0.757  -4.70435e-05
-0.756  -4.67032e-05
-0.755  -4.73308e-05
-0.754  -4.68381e-05
-0.753  -4.53596e-05
-0.752  -4.15675e-05
-0.751  -3.80985e-05
-0.75  -4.2339e-05
-0.749  -4.26945e-05
-0.748  -4.19337e-05
-0.747  -4.20769e-05
-0.746  -4.06425e-05
-0.745  -3.56867e-05
-0.744  -3.9312e-05
-0.743  -3.79143e-05
-0.742  -3.89366e-05
-0.741  -3.87164e-05
-0.74  -4.2944e-05
-0.739  -4.07848e-05
-0.738  -4.063e-05
-0.737  -4.48078e-05
-0.736  -4.39388e-05
-0.735  -4.66663e-05
-0.734  -4.81095e-05
-0.733  -4.92581e-05
-0.732  -5.08635e-05
-0.731  -4.85332e-05
-0.73  -4.87113e-05
-0.729  -4.47314e-05
-0.728  -4.77893e-05
-0.727  -4.49815e-05
-0.726  -4.72529e-05
-0.725  -4.72347e-05
-0.724  -4.87227e-05
-0.723  -4.64418e-05
-0.722  -4.23468e-05
-0.721  -3.91901e-05
-0.72  -3.76225e-05
-0.719  -4.08284e-05
-0.718  -4.12589e-05
-0.717  -4.13228e-05
-0.716  -3.43191e-05
-0.715  -3.05728e-05
-0.714  -3.26317e-05
-0.713  -3.03524e-05
-0.712  -3.25699e-05
-0.711  -2.88157e-05
-0.71  -3.31304e-05
-0.709  -2.99069e-05
-0.708  -2.84005e-05
-0.707  -2.99108e-05
-0.706  -3.26963e-05
-0.705  -3.49292e-05
-0.704  -3.46976e-05
-0.703  -3.86133e-05
-0.702  -4.05729e-05
-0.701  -4.42473e-05
-0.7  -4.58812e-05
-0.699  -4.29713e-05
-0.698  -4.30664e-05
-0.697  -4.72287e-05
-0.696  -5.02933e-05
-0.695  -5.18524e-05
-0.694  -5.85517e-05
-0.693  -5.71352e-05
-0.692  -5.54354e-05
-0.691  -4.96872e-05
-0.69  -4.87944e-05
-0.689  -4.96994e-05
-0.688  -5.0071e-05
-0.687  -4.50656e-05
-0.686  -4.13287e-05
-0.685  -3.91327e-05
-0.684  -4.32996e-05
-0.683  -4.34017e-05
-0.682  -4.49342e-05
-0.681  -3.76621e-05
-0.68  -4.20604e-05
-0.679  -4.27409e-05
-0.678  -3.8517e-05
-0.677  -3.82083e-05
-0.676  -4.18616e-05
-0.675  -4.14133e-05
-0.674  -4.3123e-05
-0.673  -4.82269e-05
-0.672  -5.35222e-05
-0.671  -5.51798e-05
-0.67  -5.81936e-05
-0.669  -5.84235e-05
-0.668  -5.96422e-05
-0.667  -6.18386e-05
-0.666  -6.54946e-05
-0.665  -6.42506e-05
-0.664  -6.53634e-05
-0.663  -6.39447e-05
-0.662  -6.24726e-05
-0.661  -5.61618e-05
-0.66  -5.45231e-05
-0.659  -5.38829e-05
-0.658  -5.43452e-05
-0.657  -4.7688e-05
-0.656  -4.37767e-05
-0.655  -4.23901e-05
-0.654  -3.9637e-05
-0.653  -3.85957e-05
-0.652  -3.62086e-05
-0.651  -3.08228e-05
-0.65  -3.34795e-05
-0.649  -3.61343e-05
-0.648  -3.1767e-05
-0.647  -3.19804e-05
-0.646  -3.38588e-05
-0.645  -3.37171e-05
-0.644  -3.60486e-05
-0.643  -4.10105e-05
-0.642  -4.3237e-05
-0.641  -3.98587e-05
-0.64  -4.59272e-05
-0.639  -4.59839e-05
-0.638  -4.88561e-05
-0.637  -5.00243e-05
-0.636  -5.0285e-05
-0.635  -5.26881e-05
-0.634  -5.52178e-05
-0.633  -5.52885e-05
-0.632  -5.60989e-05
-0.631  -4.64192e-05
-0.63  -4.08916e-05
-0.629  -4.00022e-05
-0.628  -3.77359e-05
-0.627  -3.58747e-05
-0.626  -3.07989e-05
-0.625  -2.71823e-05
-0.624  -2.69148e-05
-0.623  -2.92083e-05
-0.622  -2.76636e-05
-0.621  -2.17898e-05
-0.62  -2.3305e-05
-0.619  -2.60527e-05
-0.618  -2.11118e-05
-0.617  -2.31547e-05
-0.616  -2.38808e-05
-0.615  -2.25481e-05
-0.614  -2.69399e-05
-0.613  -2.56332e-05
-0.612  -3.12296e-05
-0.611  -3.63417e-05
-0.61  -4.53809e-05
-0.609  -4.49637e-05
-0.608  -4.26821e-05
-0.607  -4.72027e-05
-0.606  -4.78195e-05
-0.605  -4.8853e-05
-0.604  -5.21695e-05
-0.603  -5.26068e-05
-0.602  -5.11666e-05
-0.601  -4.69028e-05
-0.6  -4.00055e-05
-0.599  -3.9563e-05
-0.598  -3.39942e-05
-0.597  -3.30481e-05
-0.596  -2.75728e-05
-0.595  -2.07963e-05
-0.594  -2.16559e-05
-0.593  -2.22867e-05
-0.592  -1.34982e-05
-0.591  -1.64972e-07
-0.59  -2.2094e-06
-0.589  -5.12177e-06
-0.588  -9.70954e-07
-0.587  -1.41362e-06
-0.586  2.17886e-07
-0.585  6.17541e-06
-0.584  -8.81603e-08
-0.583  -2.13622e-06
-0.582  -2.4641e-06
-0.581  -7.596e-06
-0.58  -1.36915e-05
-0.579  -1.31739e-05
-0.578  -1.12455e-05
-0.577  -1.48068e-05
-0.576  -1.76958e-05
-0.575  -2.05873e-05
-0.574  -2.14174e-05
-0.573  -2.2953e-05
-0.572  -2.66951e-05
-0.571  -2.74809e-05
-0.57  -2.25983e-05
-0.569  -2.45721e-05
-0.568  -2.29276e-05
-0.567  -2.55142e-05
-0.566  -2.7105e-05
-0.565  -2.26699e-05
-0.564  -2.17687e-05
-0.563  -2.36937e-05
-0.562  -1.57365e-05
-0.561  -9.04731e-06
-0.56  -1.41612e-05
-0.559  -1.8158e-05
-0.558  -1.89211e-05
-0.557  -2.04009e-05
-0.556  -2.28555e-05
-0.555  -2.32789e-05
-0.554  -2.71831e-05
-0.553  -2.89073e-05
-0.552  -2.51445e-05
-0.551  -2.9191e-05
-0.55  -2.98858e-05
-0.549  -3.05361e-05
-0.548  -2.96057e-05
-0.547  -2.77042e-05
-0.546  -2.63433e-05
-0.545  -3.04378e-05
-0.544  -3.09323e-05
-0.543  -3.62836e-05
-0.542  -3.68576e-05
-0.541  -3.47007e-05
-0.54  -3.0732e-05
-0.539  -2.56589e-05
-0.538  -2.72909e-05
-0.537  -2.73842e-05
-0.536  -2.49385e-05
-0.535  -2.44257e-05
-0.534  -2.23267e-05
-0.533  -2.54709e-05
-0.532  -1.71395e-05
-0.531  -1.49029e-05
-0.53  -1.54042e-05
-0.529  -1.97408e-05
-0.528  -2.29059e-05
-0.527  -2.61949e-05
-0.526  -2.5167e-05
-0.525  -2.77437e-05
-0.524  -3.29072e-05
-0.523  -3.61219e-05
-0.522  -3.37826e-05
-0.521  -3.63981e-05
-0.52  -4.01633e-05
-0.519  -3.92807e-05
-0.518  -3.69667e-05
-0.517  -3.56551e-05
-0.516  -3.49613e-05
-0.515  -3.55701e-05
-0.514  -3.9061e-05
-0.513  -4.7939e-05
-0.512  -4.8223e-05
-0.511  -4.9074e-05
-0.51  -4.38976e-05
-0.509  -4.21627e-05
-0.508  -4.34505e-05
-0.507  -4.53373e-05
-0.506  -4.20015e-05
-0.505  -3.52111e-05
-0.504  -3.18488e-05
-0.503  -3.60242e-05
-0.502  -2.88152e-05
-0.501  -2.95007e-05
-0.5  -2.8922e-05
-0.499  -2.87689e-05
-0.498  -2.90157e-05
-0.497  -2.87732e-05
-0.496  -3.20378e-05
-0.495  -2.93078e-05
-0.494  -3.28346e-05
-0.493  -3.40773e-05
-0.492  -3.01247e-05
-0.491  -2.99373e-05
-0.49  -2.73917e-05
-0.489  -2.66882e-05
-0.488  -2.81761e-05
-0.487  -2.73856e-05
-0.486  -2.75743e-05
-0.485  -3.34281e-05
-0.484  -3.44555e-05
-0.483  -3.97448e-05
-0.482  -3.67602e-05
-0.481  -3.59552e-05
-0.48  -3.63217e-05
-0.479  -3.86903e-05
-0.478  -4.3414e-05
-0.477  -4.18902e-05
-0.476  -3.91574e-05
-0.475  -2.81071e-05
-0.474  -2.97236e-05
-0.473  -3.38192e-05
-0.472  -3.30735e-05
-0.471  -3.74357e-05
-0.47  -3.84024e-05
-0.469  -3.44241e-05
-0.468  -3.59618e-05
-0.467  -3.60103e-05
-0.466  -3.41939e-05
-0.465  -3.24382e-05
-0.464  -3.43941e-05
-0.463  -3.80257e-05
-0.462  -3.8236e-05
-0.461  -3.7318e-05
-0.46  -3.32739e-05
-0.459  -2.91822e-05
-0.458  -3.11993e-05
-0.457  -3.12315e-05
-0.456  -3.69594e-05
-0.455  -3.90189e-05
-0.454  -3.72648e-05
-0.453  -3.7449e-05
-0.452  -3.1882e-05
-0.451  -3.20286e-05
-0.45  -3.13437e-05
-0.449  -3.25312e-05
-0.448  -3.87552e-05
-0.447  -3.65663e-05
-0.446  -3.33352e-05
-0.445  -2.32625e-05
-0.444  -2.08671e-05
-0.443  -1.97052e-05
-0.442  -1.91272e-05
-0.441  -2.29078e-05
-0.44  -2.5914e-05
-0.439  -2.31902e-05
-0.438  -2.14291e-05
-0.437  -1.97075e-05
-0.436  -1.66577e-05
-0.435  -1.47447e-05
-0.434  -1.52303e-05
-0.433  -1.72082e-05
-0.432  -1.76977e-05
-0.431  -1.78802e-05
-0.43  -1.31701e-05
-0.429  -1.04825e-05
-0.428  -1.44543e-05
-0.427  -1.66004e-05
-0.426  -2.57147e-05
-0.425  -2.92707e-05
-0.424  -3.50362e-05
-0.423  -3.39733e-05
-0.422  -3.19567e-05
-0.421  -3.32254e-05
-0.42  -3.29271e-05
-0.419  -3.8311e-05
-0.418  -3.88029e-05
-0.417  -3.64948e-05
-0.416  -3.83866e-05
-0.415  -3.34696e-05
-0.414  -3.53297e-05
-0.413  -3.32602e-05
-0.412  -3.50552e-05
-0.411  -3.65979e-05
-0.41  -3.46278e-05
-0.409  -3.17807e-05
-0.408  -2.87861e-05
-0.407  -3.0903e-05
-0.406  -2.67715e-05
-0.405  -2.28321e-05
-0.404  -3.08744e-05
-0.403  -2.79379e-05
-0.402  -2.46285e-05
-0.401  -2.45646e-05
-0.4  -1.97444e-05
-0.399  -2.10842e-05
-0.398  -2.54604e-05
-0.397  -2.45894e-05
-0.396  -3.37816e-05
-0.395  -3.31127e-05
-0.394  -3.99364e-05
-0.393  -3.72874e-05
-0.392  -3.62583e-05
-0.391  -3.87342e-05
-0.39  -3.82571e-05
-0.389  -4.32755e-05
-0.388  -4.37063e-05
-0.387  -4.48318e-05
-0.386  -4.54517e-05
-0.385  -3.51936e-05
-0.384  -4.14904e-05
-0.383  -4.01556e-05
-0.382  -4.44511e-05
-0.381  -4.45045e-05
-0.38  -4.26799e-05
-0.379  -3.95213e-05
-0.378  -3.52747e-05
-0.377  -3.23231e-05
-0.376  -3.3737e-05
-0.375  -2.53751e-05
-0.374  -3.35814e-05
-0.373  -3.10685e-05
-0.372  -2.79668e-05
-0.371  -2.82759e-05
-0.37  -2.7303e-05
-0.369  -2.30285e-05
-0.368  -2.48926e-05
-0.367  -2.51762e-05
-0.366  -2.94385e-05
-0.365  -2.92369e-05
-0.364  -3.47019e-05
-0.363  -3.30935e-05
-0.362  -3.48691e-05
-0.361  -3.70668e-05
-0.36  -3.5483e-05
-0.359  -4.18406e-05
-0.358  -4.34103e-05
-0.357  -4.32547e-05
-0.356  -4.52724e-05
-0.355  -3.87125e-05
-0.354  -4.50957e-05
-0.353  -4.51378e-05
-0.352  -4.49167e-05
-0.351  -4.30739e-05
-0.35  -4.37104e-05
-0.349  -3.92362e-05
-0.348  -3.43919e-05
-0.347  -3.50207e-05
-0.346  -3.38323e-05
-0.345  -3.05059e-05
-0.344  -3.39726e-05
-0.343  -3.24425e-05
-0.342  -3.09271e-05
-0.341  -3.34396e-05
-0.34  -3.42555e-05
-0.339  -3.11575e-05
-0.338  -2.94051e-05
-0.337  -3.17204e-05
-0.336  -3.24873e-05
-0.335  -3.19454e-05
-0.334  -3.29048e-05
-0.333  -3.27014e-05
-0.332  -3.37882e-05
-0.331  -3.62268e-05
-0.33  -4.02795e-05
-0.329  -4.19308e-05
-0.328  -4.19807e-05
-0.327  -3.87857e-05
-0.326  -3.91215e-05
-0.325  -3.46081e-05
-0.324  -3.75566e-05
-0.323  -3.24986e-05
-0.322  -3.14681e-05
-0.321  -3.07743e-05
-0.32  -3.43692e-05
-0.319  -3.36094e-05
-0.318  -3.27171e-05
-0.317  -3.48223e-05
-0.316  -3.55724e-05
-0.315  -3.75202e-05
-0.314  -4.22596e-05
-0.313  -4.0348e-05
-0.312  -3.60933e-05
-0.311  -3.67484e-05
-0.31  -4.09762e-05
-0.309  -3.90823e-05
-0.308  -4.11467e-05
-0.307  -3.90661e-05
-0.306  -3.9671e-05
-0.305  -3.63534e-05
-0.304  -4.21466e-05
-0.303  -4.21972e-05
-0.302  -3.63681e-05
-0.301  -3.41739e-05
-0.3  -3.99177e-05
-0.299  -3.95375e-05
-0.298  -3.8356e-05
-0.297  -3.57706e-05
-0.296  -3.39999e-05
-0.295  -2.82231e-05
-0.294  -3.16012e-05
-0.293  -2.76045e-05
-0.292  -2.30917e-05
-0.291  -2.49171e-05
-0.29  -2.89666e-05
-0.289  -2.80588e-05
-0.288  -2.87222e-05
-0.287  -3.11489e-05
-0.286  -3.4004e-05
-0.285  -3.31596e-05
-0.284  -3.57294e-05
-0.283  -3.79662e-05
-0.282  -3.43035e-05
-0.281  -3.14996e-05
-0.28  -3.29676e-05
-0.279  -3.09638e-05
-0.278  -3.24557e-05
-0.277  -3.24262e-05
-0.276  -3.71485e-05
-0.275  -3.29662e-05
-0.274  -4.00503e-05
-0.273  -4.56127e-05
-0.272  -3.85559e-05
-0.271  -3.43889e-05
-0.27  -4.05152e-05
-0.269  -4.09851e-05
-0.268  -3.7094e-05
-0.267  -3.37089e-05
-0.266  -3.66894e-05
-0.265  -3.44848e-05
-0.264  -4.03685e-05
-0.263  -4.08423e-05
-0.262  -3.66323e-05
-0.261  -3.83145e-05
-0.26  -4.18453e-05
-0.259  -3.8163e-05
-0.258  -4.00482e-05
-0.257  -3.93847e-05
-0.256  -4.59558e-05
-0.255  -4.44658e-05
-0.254  -4.35018e-05
-0.253  -4.27612e-05
-0.252  -3.9116e-05
-0.251  -3.48536e-05
-0.25  -3.40795e-05
-0.249  -3.46481e-05
-0.248  -3.84402e-05
-0.247  -3.52664e-05
-0.246  -3.40988e-05
-0.245  -2.86019e-05
-0.244  -3.05826e-05
-0.243  -3.51191e-05
-0.242  -2.94629e-05
-0.241  -2.53228e-05
-0.24  -3.40426e-05
-0.239  -3.34038e-05
-0.238  -3.13885e-05
-0.237  -2.66798e-05
-0.236  -2.94401e-05
-0.235  -2.56564e-05
-0.234  -3.00589e-05
-0.233  -3.20049e-05
-0.232  -3.08854e-05
-0.231  -3.66636e-05
-0.23  -3.65302e-05
-0.229  -3.41846e-05
-0.228  -3.89146e-05
-0.227  -4.45111e-05
-0.226  -4.95082e-05
-0.225  -4.85972e-05
-0.224  -5.07733e-05
-0.223  -4.68151e-05
-0.222  -4.24355e-05
-0.221  -4.0446e-05
-0.22  -4.10074e-05
-0.219  -4.07252e-05
-0.218  -4.21683e-05
-0.217  -3.73964e-05
-0.216  -3.92789e-05
-0.215  -3.67554e-05
-0.214  -4.01611e-05
-0.213  -4.13824e-05
-0.212  -3.53796e-05
-0.211  -3.77495e-05
-0.21  -4.19913e-05
-0.209  -3.90121e-05
-0.208  -3.54131e-05
-0.207  -3.03261e-05
-0.206  -3.49526e-05
-0.205  -3.40269e-05
-0.204  -4.42727e-05
-0.203  -4.7688e-05
-0.202  -4.41871e-05
-0.201  -4.93808e-05
-0.2  -5.25136e-05
-0.199  -4.44276e-05
-0.198  -4.75635e-05
-0.197  -5.02625e-05
-0.196  -5.8546e-05
-0.195  -5.64989e-05
-0.194  -6.07853e-05
-0.193  -5.51968e-05
-0.192  -4.88214e-05
-0.191  -5.02144e-05
-0.19  -4.82867e-05
-0.189  -4.8248e-05
-0.188  -5.52454e-05
-0.187  -5.27251e-05
-0.186  -4.52206e-05
-0.185  -3.94193e-05
-0.184  -3.81472e-05
-0.183  -3.82448e-05
-0.182  -3.242e-05
-0.181  -3.52625e-05
-0.18  -4.14951e-05
-0.179  -4.03574e-05
-0.178  -3.66288e-05
-0.177  -3.21613e-05
-0.176  -3.74644e-05
-0.175  -3.27262e-05
-0.174  -4.07171e-05
-0.173  -3.86767e-05
-0.172  -3.36316e-05
-0.171  -4.16327e-05
-0.17  -4.20209e-05
-0.169  -3.07056e-05
-0.168  -2.8436e-05
-0.167  -3.56864e-05
-0.166  -4.11797e-05
-0.165  -4.48826e-05
-0.164  -4.97854e-05
-0.163  -4.12953e-05
-0.162  -3.08895e-05
-0.161  -3.75241e-05
-0.16  -3.87058e-05
-0.159  -3.98727e-05
-0.158  -4.08396e-05
-0.157  -3.58804e-05
-0.156  -3.21298e-05
-0.155  -2.89331e-05
-0.154  -3.79078e-05
-0.153  -3.51939e-05
-0.152  -3.20764e-05
-0.151  -3.34137e-05
-0.15  -3.7509e-05
-0.149  -3.97256e-05
-0.148  -3.64094e-05
-0.147  -3.40409e-05
-0.146  -3.30914e-05
-0.145  -2.70446e-05
-0.144  -3.43581e-05
-0.143  -3.49753e-05
-0.142  -3.0768e-05
-0.141  -3.55911e-05
-0.14  -3.66597e-05
-0.139  -3.14105e-05
-0.138  -3.35963e-05
-0.137  -3.74976e-05
-0.136  -3.7168e-05
-0.135  -3.66175e-05
-0.134  -4.34227e-05
-0.133  -3.43151e-05
-0.132  -3.39839e-05
-0.131  -4.24016e-05
-0.13  -4.29685e-05
-0.129  -4.6575e-05
-0.128  -4.58095e-05
-0.127  -4.33955e-05
-0.126  -4.18645e-05
-0.125  -4.41884e-05
-0.124  -5.64401e-05
-0.123  -6.82316e-05
-0.122  -9.24418e-05
-0.121  -0.000138281
-0.12  -0.000209707
-0.119  -0.000310709
-0.118  -0.000462687
-0.117  -0.000674576
-0.116  -0.000954947
-0.115  -0.00132439
-0.114  -0.00180907
-0.113  -0.00241578
-0.112  -0.00317606
-0.111  -0.00413185
-0.11  -0.0052842
-0.109  -0.00667
-0.108  -0.00833224
-0.107  -0.0102972
-0.106  -0.0125729
-0.105  -0.0151972
-0.104  -0.0182136
-0.103  -0.0215954
-0.102  -0.0254242
-0.101  -0.0297164
-0.1  -0.034437
-0.099  -0.039663
-0.098  -0.045356
-0.097  -0.0515568
-0.096  -0.0582632
-0.095  -0.0654789
-0.094  -0.0731954
-0.093  -0.0814408
-0.092  -0.0901476
-0.091  -0.099354
-0.09  -0.109036
-0.089  -0.119155
-0.088  -0.12973
-0.087  -0.140742
-0.086  -0.15215
-0.085  -0.163937
-0.084  -0.17611
-0.083  -0.188617
-0.082  -0.201453
-0.081  -0.214645
-0.08  -0.228067
-0.079  -0.241773
-0.078  -0.255737
-0.077  -0.26993
-0.076  -0.284304
-0.075  -0.298879
-0.074  -0.313585
-0.073  -0.328417
-0.072  -0.343376
-0.071  -0.358442
-0.07  -0.373579
-0.069  -0.388756
-0.068  -0.403939
-0.067  -0.419146
-0.066  -0.434322
-0.065  -0.449508
-0.064  -0.464629
-0.063  -0.479688
-0.062  -0.494644
-0.061  -0.509521
-0.06  -0.524296
-0.059  -0.538921
-0.058  -0.553404
-0.057  -0.567757
-0.056  -0.581943
-0.055  -0.595964
-0.054  -0.609854
-0.053  -0.623545
-0.052  -0.637035
-0.051  -0.650337
-0.05  -0.663445
-0.049  -0.676389
-0.048  -0.689122
-0.047  -0.701657
-0.046  -0.713951
-0.045  -0.726043
-0.044  -0.737881
-0.043  -0.749524
-0.042  -0.760946
-0.041  -0.772124
-0.04  -0.783088
-0.039  -0.793797
-0.038  -0.804276
-0.037  -0.814505
-0.036  -0.824469
-0.035  -0.834176
-0.034  -0.84364
-0.033  -0.852839
-0.032  -0.861787
-0.031  -0.870458
-0.03  -0.878849
-0.029  -0.886989
-0.028  -0.894868
-0.027  -0.902487
-0.026  -0.909845
-0.025  -0.916943
-0.024  -0.92376
-0.023  -0.930316
-0.022  -0.936616
-0.021  -0.942635
-0.02  -0.948416
-0.019  -0.953927
-0.018  -0.959168
-0.017  -0.964165
-0.016  -0.968911
-0.015  -0.973378
-0.014  -0.977571
-0.013  -0.981531
-0.012  -0.985231
-0.011  -0.988662
-0.01  -0.991845
-0.009  -0.994765
-0.008  -0.997425
-0.007  -0.999827
-0.006  -1.00199
-0.005  -1.00389
-0.004  -1.00556
-0.003  -1.00695
-0.002  -1.00814
-0.001  -1.00907
0  -1.00975
0.001  -1.01024
0.002  -1.0105
0.003  -1.01052
0.004  -1.01034
0.005  -1.00996
0.006  -1.00937
0.007  -1.00858
0.008  -1.00761
0.009  -1.00646
0.01  -1.00514
0.011  -1.00366
0.012  -1.00199
0.013  -1.00016
0.014  -0.99819
0.015  -0.996056
0.016  -0.993786
0.017  -0.991365
0.018  -0.988819
0.019  -0.986151
0.02  -0.983354
0.021  -0.980427
0.022  -0.977402
0.023  -0.97426
0.024  -0.971053
0.025  -0.967725
0.026  -0.964333
0.027  -0.960817
0.028  -0.957211
0.029  -0.953521
0.03  -0.949738
0.031  -0.945923
0.032  -0.94202
0.033  -0.938048
0.034  -0.934029
0.035  -0.929948
0.036  -0.925787
0.037  -0.921564
0.038  -0.917312
0.039  -0.91298
0.04  -0.908626
0.041  -0.904212
0.042  -0.899748
0.043  -0.895222
0.044  -0.890673
0.045  -0.886052
0.046  -0.881451
0.047  -0.87679
0.048  -0.872083
0.049  -0.867394
0.05  -0.862632
0.051  -0.857865
0.052  -0.853063
0.053  -0.848238
0.054  -0.843427
0.055  -0.838626
0.056  -0.833807
0.057  -0.828943
0.058  -0.824097
0.059  -0.819233
0.06  -0.814349
0.061  -0.809507
0.062  -0.804652
0.063  -0.799789
0.064  -0.794949
0.065  -0.790085
0.066  -0.785257
0.067  -0.780441
0.068  -0.77559
0.069  -0.77075
0.07  -0.765932
0.071  -0.761128
0.072  -0.75632
0.073  -0.751521
0.074  -0.746718
0.075  -0.741933
0.076  -0.737214
0.077  -0.732486
0.078  -0.727781
0.079  -0.723125
0.08  -0.718441
0.081  -0.713814
0.082  -0.709207
0.083  -0.704622
0.084  -0.700086
0.085  -0.695576
0.086  -0.69108
0.087  -0.686632
0.088  -0.682229
0.089  -0.677847
0.09  -0.673515
0.091  -0.669224
0.092  -0.664975
0.093  -0.66073
0.094  -0.656529
0.095  -0.65235
0.096  -0.648229
0.097  -0.644142
0.098  -0.640059
0.099  -0.636028
0.1  -0.632021
0.101  -0.628033
0.102  -0.62409
0.103  -0.620171
0.104  -0.616265
0.105  -0.612432
0.106  -0.608629
0.107  -0.604842
0.108  -0.601114
0.109  -0.59739
0.11  -0.593678
0.111  -0.590015
0.112  -0.586422
0.113  -0.58286
0.114  -0.579297
0.115  -0.575785
0.116  -0.572272
0.117  -0.568855
0.118  -0.565447
0.119  -0.562064
0.12  -0.558751
0.121  -0.555423
0.122  -0.552148
0.123  -0.548877
0.124  -0.545605
0.125  -0.542383
0.126  -0.539215
0.127  -0.536026
0.128  -0.532861
0.129  -0.529754
0.13  -0.526628
0.131  -0.523504
0.132  -0.520418
0.133  -0.517373
0.134  -0.514321
0.135  -0.511322
0.136  -0.508289
0.137  -0.50528
0.138  -0.502314
0.139  -0.499352
0.14  -0.496411
0.141  -0.49347
0.142  -0.4906
0.143  -0.487741
0.144  -0.484845
0.145  -0.481984
0.146  -0.479146
0.147  -0.4764
0.148  -0.473598
0.149  -0.470836
0.15  -0.468114
0.151  -0.465339
0.152  -0.462606
0.153  -0.45987
0.154  -0.457119
0.155  -0.45441
0.156  -0.451707
0.157  -0.448979
0.158  -0.446264
0.159  -0.443581
0.16  -0.440879
0.161  -0.438131
0.162  -0.435433
0.163  -0.432776
0.164  -0.430102
0.165  -0.427406
0.166  -0.424666
0.167  -0.421965
0.168  -0.419285
0.169  -0.416564
0.17  -0.413909
0.171  -0.41123
0.172  -0.408564
0.173  -0.405891
0.174  -0.403204
0.175  -0.40056
0.176  -0.397919
0.177  -0.395315
0.178  -0.39266
0.179  -0.390044
0.18  -0.387467
0.181  -0.384834
0.182  -0.382205
0.183  -0.379581
0.184  -0.376971
0.185  -0.374354
0.186  -0.371755
0.187  -0.369135
0.188  -0.36656
0.189  -0.363977
0.19  -0.361389
0.191  -0.358791
0.192  -0.356246
0.193  -0.35372
0.194  -0.351166
0.195  -0.348601
0.196  -0.346041
0.197  -0.343496
0.198  -0.340962
0.199  -0.338418
0.2  -0.335935
0.201  -0.333466
0.202  -0.330999
0.203  -0.32855
0.204  -0.326096
0.205  -0.323689
0.206  -0.321289
0.207  -0.31894
0.208  -0.316567
0.209  -0.314223
0.21  -0.311921
0.211  -0.309601
0.212  -0.307299
0.213  -0.305032
0.214  -0.302788
0.215  -0.300536
0.216  -0.298338
0.217  -0.296163
0.218  -0.294002
0.219  -0.29188
0.22  -0.289724
0.221  -0.287608
0.222  -0.285529
0.223  -0.283507
0.224  -0.281454
0.225  -0.279446
0.226  -0.277411
0.227  -0.275413
0.228  -0.273451
0.229  -0.271493
0.23  -0.26958
0.231  -0.267688
0.232  -0.265827
0.233  -0.263995
0.234  -0.262178
0.235  -0.260396
0.236  -0.25859
0.237  -0.256878
0.238  -0.255119
0.239  -0.253446
0.24  -0.251777
0.241  -0.250112
0.242  -0.248469
0.243  -0.246864
0.244  -0.245243
0.245  -0.243675
0.246  -0.242134
0.247  -0.240633
0.248  -0.239132
0.249  -0.237678
0.25  -0.236185
0.251  -0.23473
0.252  -0.233302
0.253  -0.231912
0.254  -0.230504
0.255  -0.229175
0.256  -0.227789
0.257  -0.226447
0.258  -0.225101
0.259  -0.223761
0.26  -0.22248
0.261  -0.221201
0.262  -0.219948
0.263  -0.218722
0.264  -0.217495
0.265  -0.216275
0.266  -0.215024
0.267  -0.213845
0.268  -0.21264
0.269  -0.211497
0.27  -0.210322
0.271  -0.20916
0.272  -0.207992
0.273  -0.206838
0.274  -0.20567
0.275  -0.204536
0.276  -0.203423
0.277  -0.202332
0.278  -0.201264
0.279  -0.200158
0.28  -0.199026
0.281  -0.197932
0.282  -0.196822
0.283  -0.195712
0.284  -0.194631
0.285  -0.193568
0.286  -0.192472
0.287  -0.191403
0.288  -0.190321
0.289  -0.189245
0.29  -0.188194
0.291  -0.187134
0.292  -0.186097
0.293  -0.185061
0.294  -0.18402
0.295  -0.182955
0.296  -0.181863
0.297  -0.180791
0.298  -0.179733
0.299  -0.178708
0.3  -0.17764
0.301  -0.176584
0.302  -0.175532
0.303  -0.174441
0.304  -0.173358
0.305  -0.172281
0.306  -0.171206
0.307  -0.170145
0.308  -0.169103
0.309  -0.16802
0.31  -0.166923
0.311  -0.165844
0.312  -0.16474
0.313  -0.163647
0.314  -0.162583
0.315  -0.161525
0.316  -0.16045
0.317  -0.159392
0.318  -0.158314
0.319  -0.157252
0.32  -0.156207
0.321  -0.155155
0.322  -0.154126
0.323  -0.153104
0.324  -0.152072
0.325  -0.151036
0.326  -0.149996
0.327  -0.148934
0.328  -0.147899
0.329  -0.146892
0.33  -0.145874
0.331  -0.144859
0.332  -0.143853
0.333  -0.142824
0.334  -0.141813
0.335  -0.140803
0.336  -0.139809
0.337  -0.138818
0.338  -0.137848
0.339  -0.136871
0.34  -0.135895
0.341  -0.134928
0.342  -0.133946
0.343  -0.132999
0.344  -0.132061
0.345  -0.131117
0.346  -0.130206
0.347  -0.129304
0.348  -0.128406
0.349  -0.127531
0.35  -0.126661
0.351  -0.125782
0.352  -0.124947
0.353  -0.124104
0.354  -0.123251
0.355  -0.122435
0.356  -0.121645
0.357  -0.120828
0.358  -0.120032
0.359  -0.119241
0.36  -0.118475
0.361  -0.117716
0.362  -0.116963
0.363  -0.116198
0.364  -0.115469
0.365  -0.114742
0.366  -0.11403
0.367  -0.113305
0.368  -0.112598
0.369  -0.111908
0.37  -0.111234
0.371  -0.110548
0.372  -0.109873
0.373  -0.109244
0.374  -0.108581
0.375  -0.107907
0.376  -0.107263
0.377  -0.106634
0.378  -0.106016
0.379  -0.105418
0.38  -0.104828
0.381  -0.104231
0.382  -0.103662
0.383  -0.103077
0.384  -0.10248
0.385  -0.10192
0.386  -0.101372
0.387  -0.100828
0.388  -0.100288
0.389  -0.0997422
0.39  -0.0992137
0.391  -0.0986907
0.392  -0.0981646
0.393  -0.0976333
0.394  -0.0971269
0.395  -0.0966122
0.396  -0.0961015
0.397  -0.0955934
0.398  -0.0950886
0.399  -0.0945793
0.4  -0.0940779
0.401  -0.093575
0.402  -0.0930975
0.403  -0.0926207
0.404  -0.0921083
0.405  -0.0916049
0.406  -0.0910797
0.407  -0.0905903
0.408  -0.0900888
0.409  -0.0895963
0.41  -0.0891049
0.411  -0.088598
0.412  -0.0881118
0.413  -0.087617
0.414  -0.0871191
0.415  -0.086635
0.416  -0.0861371
0.417  -0.0856419
0.418  -0.0851429
0.419  -0.0846568
0.42  -0.0841471
0.421  -0.0836201
0.422  -0.0831199
0.423  -0.0826066
0.424  -0.0820992
0.425  -0.081598
0.426  -0.081075
0.427  -0.0805658
0.428  -0.0800616
0.429  -0.0795384
0.43  -0.0790247
0.431  -0.0784924
0.432  -0.0779876
0.433  -0.0774678
0.434  -0.0769351
0.435  -0.0764153
0.436  -0.0758562
0.437  -0.0753391
0.438  -0.0747971
0.439  -0.0742752
0.44  -0.07376
0.441  -0.0732112
0.442  -0.07269
0.443  -0.0721596
0.444  -0.0716205
0.445  -0.0710963
0.446  -0.0705731
0.447  -0.0700327
0.448  -0.0695063
0.449  -0.0689868
0.45  -0.0684615
0.451  -0.0679136
0.452  -0.0673852
0.453  -0.0668519
0.454  -0.0663084
0.455  -0.065796
0.456  -0.0652599
0.457  -0.0647322
0.458  -0.0642162
0.459  -0.0636856
0.46  -0.0631969
0.461  -0.0626736
0.462  -0.0621776
0.463  -0.0616763
0.464  -0.0611725
0.465  -0.0606722
0.466  -0.0601683
0.467  -0.059689
0.468  -0.0591886
0.469  -0.05871
0.47  -0.0582444
0.471  -0.057767
0.472  -0.0572911
0.473  -0.0568402
0.474  -0.0563825
0.475  -0.0559429
0.476  -0.0555136
0.477  -0.0550624
0.478  -0.0546262
0.479  -0.0541833
0.48  -0.0537583
0.481  -0.0533351
0.482  -0.052933
0.483  -0.0525237
0.484  -0.0521004
0.485  -0.0517024
0.486  -0.0512945
0.487  -0.0508994
0.488  -0.05053
0.489  -0.0501569
0.49  -0.0498034
0.491  -0.0494472
0.492  -0.0491105
0.493  -0.0487608
0.494  -0.0484115
0.495  -0.0480545
0.496  -0.0477242
0.497  -0.0474014
0.498  -0.047071
0.499  -0.0467539
0.5  -0.0464484
0.501  -0.0461271
0.502  -0.0457966
0.503  -0.0455003
0.504  -0.0452009
0.505  -0.0449086
0.506  -0.0446396
0.507  -0.044331
0.508  -0.0440369
0.509  -0.0437486
0.51  -0.0434556
0.511  -0.0431735
0.512  -0.0429116
0.513  -0.0426317
0.514  -0.0423613
0.515  -0.0420874
0.516  -0.0418177
0.517  -0.0415607
0.518  -0.0413276
0.519  -0.0410642
0.52  -0.0408262
0.521  -0.0406007
0.522  -0.0403785
0.523  -0.0401402
0.524  -0.0399007
0.525  -0.0396391
0.526  -0.0394205
0.527  -0.03918
0.528  -0.038942
0.529  -0.0387184
0.53  -0.0384866
0.531  -0.0382467
0.532  -0.0380091
0.533  -0.037775
0.534  -0.0375412
0.535  -0.0373117
0.536  -0.037089
0.537  -0.0368256
0.538  -0.0365822
0.539  -0.0363349
0.54  -0.0360866
0.541  -0.0358341
0.542  -0.0355955
0.543  -0.0353426
0.544  -0.0350953
0.545  -0.0348303
0.546  -0.034585
0.547  -0.0343287
0.548  -0.0341023
0.549  -0.0338388
0.55  -0.0335965
0.551  -0.0333564
0.552  -0.0331174
0.553  -0.0328666
0.554  -0.0326072
0.555  -0.0323226
0.556  -0.0320838
0.557  -0.0318152
0.558  -0.031546
0.559  -0.031289
0.56  -0.031033
0.561  -0.0307732
0.562  -0.0305185
0.563  -0.0302588
0.564  -0.030003
0.565  -0.0297441
0.566  -0.0294897
0.567  -0.0291942
0.568  -0.0289368
0.569  -0.0286606
0.57  -0.0283877
0.571  -0.0281115
0.572  -0.0278462
0.573  -0.0275819
0.574  -0.027323
0.575  -0.0270363
0.576  -0.0267729
0.577  -0.0265167
0.578  -0.0262583
0.579  -0.0259873
0.58  -0.0257257
0.581  -0.0254731
0.582  -0.025226
0.583  -0.0249677
0.584  -0.0246943
0.585  -0.0244248
0.586  -0.0241916
0.587  -0.0239183
0.588  -0.0236701
0.589  -0.0234249
0.59  -0.0231768
0.591  -0.0229379
0.592  -0.0226914
0.593  -0.0224505
0.594  -0.0222256
0.595  -0.0220074
0.596  -0.0217863
0.597  -0.0215479
0.598  -0.0213355
0.599  -0.0211134
0.6  -0.0208902
0.601  -0.0206736
0.602  -0.0204756
0.603  -0.0202813
0.604  -0.0200835
0.605  -0.0198627
0.606  -0.0196684
0.607  -0.0194801
0.608  -0.0192957
0.609  -0.0191174
0.61  -0.0189394
0.611  -0.0187881
0.612  -0.0186365
0.613  -0.0184697
0.614  -0.0182941
0.615  -0.0181233
0.616  -0.0179814
0.617  -0.0178109
0.618  -0.0176581
0.619  -0.0175085
0.62  -0.0173554
0.621  -0.0172131
0.622  -0.0170665
0.623  -0.0169383
0.624  -0.0168221
0.625  -0.0167252
0.626  -0.0166081
0.627  -0.0164854
0.628  -0.0163761
0.629  -0.0162667
0.63  -0.0161452
0.631  -0.0160366
0.632  -0.0159447
0.633  -0.0158538
0.634  -0.0157622
0.635  -0.0156552
0.636  -0.0155712
0.637  -0.0154838
0.638  -0.0154017
0.639  -0.0153327
0.64  -0.0152488
0.641  -0.0151992
0.642  -0.0151304
0.643  -0.015056
0.644  -0.0149738
0.645  -0.0148912
0.646  -0.0148237
0.647  -0.0147456
0.648  -0.0146773
0.649  -0.0146027
0.65  -0.0145225
0.651  -0.0144519
0.652  -0.014373
0.653  -0.0143055
0.654  -0.0142537
0.655  -0.014207
0.656  -0.0141585
0.657  -0.0140984
0.658  -0.0140422
0.659  -0.0139893
0.66  -0.0139152
0.661  -0.0138577
0.662  -0.0138088
0.663  -0.0137464
0.664  -0.0136979
0.665  -0.0136368
0.666  -0.0135864
0.667  -0.0135184
0.668  -0.0134665
0.669  -0.0134266
0.67  -0.0133657
0.671  -0.0133293
0.672  -0.013278
0.673  -0.0132159
0.674  -0.0131481
0.675  -0.0130787
0.676  -0.0130157
0.677  -0.0129534
0.678  -0.0128925
0.679  -0.0128261
0.68  -0.0127545
0.681  -0.0126887
0.682  -0.0126173
0.683  -0.0125457
0.684  -0.0124949
0.685  -0.0124368
0.686  -0.0123887
0.687  -0.0123312
0.688  -0.0122658
0.689  -0.012202
0.69  -0.0121353
0.691  -0.012066
0.692  -0.0120074
0.693  -0.0119422
0.694  -0.01189
0.695  -0.0118291
0.696  -0.0117724
0.697  -0.0116973
0.698  -0.0116408
0.699  -0.0115878
0.7  -0.0115231
0.701  -0.0114793
0.702  -0.0114249
0.703  -0.011359
0.704  -0.0113041
0.705  -0.0112444
0.706  -0.0111787
0.707  -0.0111252
0.708  -0.0110751
0.709  -0.0110122
0.71  -0.0109627
0.711  -0.0109152
0.712  -0.0108667
0.713  -0.0108032
0.714  -0.0107622
0.715  -0.0107049
0.716  -0.0106634
0.717  -0.0106246
0.718  -0.0105825
0.719  -0.0105403
0.72  -0.0104963
0.721  -0.0104501
0.722  -0.0104224
0.723  -0.0103828
0.724  -0.0103504
0.725  -0.010325
0.726  -0.0103049
0.727  -0.0102799
0.728  -0.010269
0.729  -0.0102529
0.73  -0.0102271
0.731  -0.0102146
0.732  -0.0101982
0.733  -0.0101821
0.734  -0.010188
0.735  -0.0101862
0.736  -0.010168
0.737  -0.0101701
0.738  -0.0101754
0.739  -0.0101789
0.74  -0.010192
0.741  -0.0101968
0.742  -0.0102123
0.743  -0.0102156
0.744  -0.0102207
0.745  -0.0102162
0.746  -0.010222
0.747  -0.0102385
0.748  -0.0102664
0.749  -0.0102943
0.75  -0.0103078
0.751  -0.01034
0.752  -0.010375
0.753  -0.0103984
0.754  -0.0104351
0.755  -0.0104795
0.756  -0.0105116
0.757  -0.0105588
0.758  -0.0106054
0.759  -0.0106485
0.76  -0.0106819
0.761  -0.0107218
0.762  -0.0107552
0.763  -0.0108025
0.764  -0.0108669
0.765  -0.0109329
0.766  -0.0109709
0.767  -0.0110153
0.768  -0.0110586
0.769  -0.011122
0.77  -0.0111771
0.771  -0.0112303
0.772  -0.0112927
0.773  -0.0113358
0.774  -0.0113694
0.775  -0.0114112
0.776  -0.0114447
0.777  -0.0114869
0.778  -0.0115438
0.779  -0.0116028
0.78  -0.011643
0.781  -0.0117132
0.782  -0.0117765
0.783  -0.0118198
0.784  -0.011872
0.785  -0.0119332
0.786  -0.0119706
0.787  -0.0120341
0.788  -0.0120861
0.789  -0.012137
0.79  -0.012178
0.791  -0.0122165
0.792  -0.0122581
0.793  -0.0123137
0.794  -0.012381
0.795  -0.0124379
0.796  -0.012483
0.797  -0.0125258
0.798  -0.0125655
0.799  -0.0126177
0.8  -0.012662
0.801  -0.0126992
0.802  -0.0127516
0.803  -0.0127778
0.804  -0.0127939
0.805  -0.0128271
0.806  -0.0128429
0.807  -0.0128681
0.808  -0.0128968
0.809  -0.0129313
0.81  -0.0129447
0.811  -0.0129863
0.812  -0.0130251
0.813  -0.0130388
0.814  -0.0130663
0.815  -0.0130982
0.816  -0.0131054
0.817  -0.0131359
0.818  -0.0131588
0.819  -0.0131737
0.82  -0.0131998
0.821  -0.0132102
0.822  -0.0132173
0.823  -0.0132563
0.824  -0.0132933
0.825  -0.0133144
0.826  -0.0133301
0.827  -0.0133478
0.828  -0.0133651
0.829  -0.0134009
0.83  -0.0134216
0.831  -0.0134365
0.832  -0.0134673
0.833  -0.0134856
0.834  -0.013488
0.835  -0.013505
0.836  -0.0135224
0.837  -0.0135416
0.838  -0.0135528
0.839  -0.0135717
0.84  -0.0135861
0.841  -0.0136246
0.842  -0.0136469
0.843  -0.0136588
0.844  -0.0136892
0.845  -0.0137235
0.846  -0.0137396
0.847  -0.0137606
0.848  -0.0137874
0.849  -0.0138059
0.85  -0.0138332
0.851  -0.0138489
0.852  -0.0138577
0.853  -0.0138982
0.854  -0.0139441
0.855  -0.0139674
0.856  -0.0139964
0.857  -0.0140359
0.858  -0.0140637
0.859  -0.0140973
0.86  -0.0141233
0.861  -0.0141569
0.862  -0.0142034
0.863  -0.0142335
0.864  -0.0142517
0.865  -0.0142921
0.866  -0.0143295
0.867  -0.0143658
0.868  -0.0144012
0.869  -0.0144398
0.87  -0.0144709
0.871  -0.0145165
0.872  -0.0145537
0.873  -0.0145849
0.874  -0.0146321
0.875  -0.0146699
0.876  -0.0147017
0.877  -0.0147397
0.878  -0.0147876
0.879  -0.0148233
0.88  -0.0148687
0.881  -0.0148936
0.882  -0.0149271
0.883  -0.0149813
0.884  -0.0150289
0.885  -0.0150701
0.886  -0.0151071
0.887  -0.015143
0.888  -0.0151863
0.889  -0.0152404
0.89  -0.0152824
0.891  -0.0153299
0.892  -0.0153839
0.893  -0.0154173
0.894  -0.015465
0.895  -0.0155137
0.896  -0.0155567
0.897  -0.0155971
0.898  -0.015646
0.899  -0.0156846
0.9  -0.0157255
0.901  -0.0157818
0.902  -0.0158223
0.903  -0.0158609
0.904  -0.0159111
0.905  -0.0159506
0.906  -0.0159961
0.907  -0.0160291
0.908  -0.0160758
0.909  -0.0161094
0.91  -0.0161473
0.911  -0.0161661
0.912  -0.0161998
0.913  -0.0162319
0.914  -0.016264
0.915  -0.0162949
0.916  -0.016319
0.917  -0.0163439
0.918  -0.0163731
0.919  -0.0164083
0.92  -0.0164255
0.921  -0.0164517
0.922  -0.0164794
0.923  -0.0164961
0.924  -0.016524
0.925  -0.016544
0.926  -0.0165689
0.927  -0.0165773
0.928  -0.0165952
0.929  -0.016606
0.93  -0.0166158
0.931  -0.0166356
0.932  -0.0166433
0.933  -0.0166532
0.934  -0.0166682
0.935  -0.0166829
0.936  -0.0166972
0.937  -0.0167041
0.938  -0.0167127
0.939  -0.0167054
0.94  -0.0167068
0.941  -0.0166896
0.942  -0.0166842
0.943  -0.0166781
0.944  -0.0166741
0.945  -0.0166631
0.946  -0.0166486
0.947  -0.0166462
0.948  -0.016638
0.949  -0.0166472
0.95  -0.0166396
0.951  -0.016626
0.952  -0.0166129
0.953  -0.0165963
0.954  -0.0165845
0.955  -0.0165747
0.956  -0.0165594
0.957  -0.0165409
0.958  -0.0165354
0.959  -0.0165117
0.96  -0.0165012
0.961  -0.01649
0.962  -0.0164636
0.963  -0.0164453
0.964  -0.0164357
0.965  -0.0164323
0.966  -0.0164174
0.967  -0.0164061
0.968  -0.0163731
0.969  -0.0163419
0.97  -0.0163257
0.971  -0.0163032
0.972  -0.0162766
0.973  -0.0162531
0.974  -0.0162293
0.975  -0.0162028
0.976  -0.0161782
0.977  -0.0161558
0.978  -0.0161257
0.979  -0.0161182
0.98  -0.0160933
0.981  -0.0160708
0.982  -0.0160419
0.983  -0.0160121
0.984  -0.015986
0.985  -0.0159708
0.986  -0.0159477
0.987  -0.0159364
0.988  -0.0159241
0.989  -0.0159026
0.99  -0.0158825
0.991  -0.0158693
0.992  -0.0158299
0.993  -0.0157963
0.994  -0.0157815
0.995  -0.0157684
0.996  -0.0157465
0.997  -0.015744
0.998  -0.0157063
0.999  -0.0156848
1  -0.0156684
1.001  -0.0156586
1.002  -0.0156416
1.003  -0.0156223
1.004  -0.0156053
1.005  -0.0155825
1.006  -0.0155593
1.007  -0.0155371
1.008  -0.0155077
1.009  -0.0154941
1.01  -0.0154719
1.011  -0.0154648
1.012  -0.0154491
1.013  -0.015425
1.014  -0.0154047
1.015  -0.0153984
1.016  -0.0153791
1.017  -0.0153675
1.018  -0.0153463
1.019  -0.0153243
1.02  -0.0153016
1.021  -0.0152777
1.022  -0.0152372
1.023  -0.0151971
1.024  -0.0151771
1.025  -0.0151576
1.026  -0.0151269
1.027  -0.0151071
1.028  -0.0150763
1.029  -0.0150555
1.03  -0.0150244
1.031  -0.0150016
1.032  -0.0149775
1.033  -0.0149433
1.034  -0.0149158
1.035  -0.0148779
1.036  -0.014852
1.037  -0.0148207
1.038  -0.0147878
1.039  -0.0147497
1.04  -0.0147187
1.041  -0.0146937
1.042  -0.014667
1.043  -0.0146228
1.044  -0.0145913
1.045  -0.0145631
1.046  -0.0145302
1.047  -0.014496
1.048  -0.0144467
1.049  -0.0144056
1.05  -0.0143601
1.051  -0.0143137
1.052  -0.0142604
1.053  -0.0141983
1.054  -0.0141596
1.055  -0.0141125
1.056  -0.0140639
1.057  -0.0140162
1.058  -0.0139668
1.059  -0.0139201
1.06  -0.0138688
1.061  -0.0138157
1.062  -0.0137722
1.063  -0.0137154
1.064  -0.0136672
1.065  -0.0136063
1.066  -0.0135543
1.067  -0.0135061
1.068  -0.0134526
1.069  -0.0133915
1.07  -0.0133347
1.071  -0.0132833
1.072  -0.0132358
1.073  -0.0131646
1.074  -0.0131106
1.075  -0.0130529
1.076  -0.012999
1.077  -0.0129445
1.078  -0.012883
1.079  -0.0128172
1.08  -0.0127568
1.081  -0.0126917
1.082  -0.0126179
1.083  -0.0125417
1.084  -0.0124876
1.085  -0.0124202
1.086  -0.0123538
1.087  -0.0122888
1.088  -0.0122293
1.089  -0.0121691
1.09  -0.012102
1.091  -0.0120401
1.092  -0.0119856
1.093  -0.0119145
1.094  -0.0118576
1.095  -0.0117889
1.096  -0.0117227
1.097  -0.0116553
1.098  -0.011584
1.099  -0.011507
1.1  -0.0114398
1.101  -0.0113796
1.102  -0.0113209
1.103  -0.0112454
1.104  -0.0111866
1.105  -0.0111226
1.106  -0.0110606
1.107  -0.0110009
1.108  -0.0109326
1.109  -0.0108684
1.11  -0.0107976
1.111  -0.0107306
1.112  -0.0106591
1.113  -0.0105838
1.114  -0.0105237
1.115  -0.0104596
1.116  -0.0103897
1.117  -0.0103384
1.118  -0.0102835
1.119  -0.0102148
1.12  -0.010152
1.121  -0.0100911
1.122  -0.0100349
1.123  -0.00996256
1.124  -0.00989971
1.125  -0.00984085
1.126  -0.0097745
1.127  -0.00970854
1.128  -0.00963718
1.129  -0.00957307
1.13  -0.00950928
1.131  -0.00945039
1.132  -0.00938589
1.133  -0.00931626
1.134  -0.00925425
1.135  -0.00919947
1.136  -0.0091456
1.137  -0.0090814
1.138  -0.00902815
1.139  -0.00897098
1.14  -0.00890386
1.141  -0.00883649
1.142  -0.00877362
1.143  -0.00870832
1.144  -0.00865056
1.145  -0.00859827
1.146  -0.00853482
1.147  -0.00848813
1.148  -0.00842526
1.149  -0.00835567
1.15  -0.0082909
1.151  -0.00822979
1.152  -0.00816755
1.153  -0.00810921
1.154  -0.00803594
1.155  -0.00796707
1.156  -0.0079029
1.157  -0.00782994
1.158  -0.00775267
1.159  -0.00769215
1.16  -0.00763267
1.161  -0.00757701
1.162  -0.0075107
1.163  -0.0074366
1.164  -0.00736305
1.165  -0.00729968
1.166  -0.00723428
1.167  -0.00716276
1.168  -0.00710477
1.169  -0.0070439
1.17  -0.00697707
1.171  -0.00690336
1.172  -0.00682992
1.173  -0.00676564
1.174  -0.00670071
1.175  -0.00663678
1.176  -0.0065671
1.177  -0.00650359
1.178  -0.00642223
1.179  -0.00634525
1.18  -0.00626597
1.181  -0.00619312
1.182  -0.00611966
1.183  -0.00605001
1.184  -0.00597068
1.185  -0.0058975
1.186  -0.0058244
1.187  -0.00574837
1.188  -0.00567254
1.189  -0.00560566
1.19  -0.00553295
1.191  -0.00546403
1.192  -0.00538322
1.193  -0.00529722
1.194  -0.00521861
1.195  -0.00514648
1.196  -0.00507801
1.197  -0.00500165
1.198  -0.00492997
1.199  -0.00485524
1.2  -0.00477874
1.201  -0.00470287
1.202  -0.00463033
1.203  -0.00456606
1.204  -0.00448239
1.205  -0.00441325
1.206  -0.00431865
1.207  -0.00423619
1.208  -0.004148
1.209  -0.00406662
1.21  -0.0039863
1.211  -0.00390952
1.212  -0.0038334
1.213  -0.00375185
1.214  -0.00366761
1.215  -0.00358015
1.216  -0.00349671
1.217  -0.00341854
1.218  -0.00334677
1.219  -0.00327759
1.22  -0.00319444
1.221  -0.00311362
1.222  -0.00302641
1.223  -0.0029513
1.224  -0.00286761
1.225  -0.00280249
1.226  -0.00273623
1.227  -0.00266279
1.228  -0.00259583
1.229  -0.00251632
1.23  -0.00244249
1.231  -0.00236892
1.232  -0.00230591
1.233  -0.00225127
1.234  -0.00219098
1.235  -0.0021367
1.236  -0.00205321
1.237  -0.00198232
1.238  -0.00190822
1.239  -0.00183738
1.24  -0.00177011
1.241  -0.00170109
1.242  -0.00163269
1.243  -0.00156576
1.244  -0.00150412
1.245  -0.00142783
1.246  -0.00135896
1.247  -0.00129222
1.248  -0.0012339
1.249  -0.00118427
1.25  -0.00112176
1.251  -0.00106024
1.252  -0.0009843
1.253  -0.0009152
1.254  -0.000847185
1.255  -0.000793438
1.256  -0.00074078
1.257  -0.000683153
1.258  -0.000629682
1.259  -0.000556267
1.26  -0.000510277
1.261  -0.000450669
1.262  -0.000401929
1.263  -0.000358022
1.264  -0.00031123
1.265  -0.000271646
1.266  -0.000219224
1.267  -0.000160943
1.268  -0.000100278
1.269  -4.11094e-05
1.27  1.14588e-05
1.271  6.60219e-05
1.272  0.000117149
1.273  0.000165827
1.274  0.000205689
1.275  0.00026832
1.276  0.000331109
1.277  0.000379987
1.278  0.000422215
1.279  0.000478319
1.28  0.000530635
1.281  0.000571559
1.282  0.000622363
1.283  0.000667228
1.284  0.000734385
1.285  0.000782682
1.286  0.000815143
1.287  0.000857186
1.288  0.000891716
1.289  0.000946876
1.29  0.000981563
1.291  0.00102863
1.292  0.00107294
1.293  0.00111271
1.294  0.00115983
1.295  0.00118438
1.296  0.00122771
1.297  0.00126778
1.298  0.00131144
1.299  0.00134557
1.3  0.00139771
1.301  0.00145482
1.302  0.00149911
1.303  0.00152709
1.304  0.00155796
1.305  0.00161716
1.306  0.00166096
1.307  0.00170594
1.308  0.00173587
1.309  0.00178765
1.31  0.00183389
1.311  0.00186508
1.312  0.00190779
1.313  0.0019329
1.314  0.00197829
1.315  0.00201116
1.316  0.00203513
1.317  0.00206107
1.318  0.00210602
1.319  0.0021397
1.32  0.00216579
1.321  0.00220743
1.322  0.00224163
1.323  0.00227444
1.324  0.00231058
1.325  0.00233011
1.326  0.00236098
1.327  0.0023946
1.328  0.00242417
1.329  0.00244522
1.33  0.00248036
1.331  0.00251662
1.332  0.00254775
1.333  0.00257406
1.334  0.00260458
1.335  0.00263947
1.336  0.00266787
1.337  0.00268739
1.338  0.00270254
1.339  0.00272291
1.34  0.00274908
1.341  0.0027633
1.342  0.00278699
1.343  0.00279424
1.344  0.00282328
1.345  0.00283681
1.346  0.00284475
1.347  0.00285444
1.348  0.0028738
1.349  0.00289528
1.35  0.00290942
1.351  0.00293085
1.352  0.00294602
1.353  0.00295568
1.354  0.00297522
1.355  0.0029734
1.356  0.00298291
1.357  0.00300011
1.358  0.00301877
1.359  0.00301691
1.36  0.0030296
1.361  0.00304281
1.362  0.00304486
1.363  0.00304636
1.364  0.00305277
1.365  0.00306329
1.366  0.00306902
1.367  0.00306529
1.368  0.00304555
1.369  0.00304032
1.37  0.00303726
1.371  0.00302588
1.372  0.00301983
1.373  0.0030108
1.374  0.0030236
1.375  0.0030145
1.376  0.00299885
1.377  0.00298512
1.378  0.00298047
1.379  0.00297959
1.38  0.00296372
1.381  0.00295847
1.382  0.00295076
1.383  0.0029444
1.384  0.00294556
1.385  0.00292336
1.386  0.00291125
1.387  0.00289965
1.388  0.002898
1.389  0.00288264
1.39  0.00287526
1.391  0.00287088
1.392  0.00285617
1.393  0.00283893
1.394  0.00281972
1.395  0.00281062
1.396  0.00279498
1.397  0.00277953
1.398  0.0027459
1.399  0.00272399
1.4  0.00270453
1.401  0.00268131
1.402  0.00264501
1.403  0.00261673
1.404  0.00259938
1.405  0.00257192
1.406  0.00254494
1.407  0.0025059
1.408  0.00247878
1.409  0.0024562
1.41  0.00240638
1.411  0.00237343
1.412  0.00234855
1.413  0.00232513
1.414  0.00231021
1.415  0.00228039
1.416  0.00224572
1.417  0.00222394
1.418  0.00220673
1.419  0.00217373
1.42  0.00214461
1.421  0.00212583
1.422  0.00209467
1.423  0.00206574
1.424  0.00203297
1.425  0.0020239
1.426  0.00199289
1.427  0.00195887
1.428  0.00191505
1.429  0.00188636
1.43  0.00185869
1.431  0.00181303
1.432  0.00176937
1.433  0.00172489
1.434  0.00168856
1.435  0.00165241
1.436  0.00161603
1.437  0.00156301
1.438  0.00152372
1.439  0.00148738
1.44  0.00142986
1.441  0.00138616
1.442  0.00134541
1.443  0.00130721
1.444  0.00126187
1.445  0.00122984
1.446  0.0011983
1.447  0.00115689
1.448  0.00112878
1.449  0.00108783
1.45  0.00105552
1.451  0.00101356
1.452  0.000968609
1.453  0.00092123
1.454  0.000871776
1.455  0.000830427
1.456  0.000788496
1.457  0.000741872
1.458  0.000690452
1.459  0.000653332
1.46  0.000604456
1.461  0.000549207
1.462  0.000493348
1.463  0.000449946
1.464  0.000395488
1.465  0.000329038
1.466  0.000291143
1.467  0.000232735
1.468  0.000177448
1.469  0.000122067
1.47  6.19783e-05
1.471  8.75792e-06
1.472  -3.86517e-05
1.473  -9.48257e-05
1.474  -0.000153668
1.475  -0.000200044
1.476  -0.000239928
1.477  -0.000286121
1.478  -0.000329684
1.479  -0.000375343
1.48  -0.000419986
1.481  -0.000470585
1.482  -0.000525746
1.483  -0.000575148
1.484  -0.000626831
1.485  -0.000676503
1.486  -0.000732151
1.487  -0.000793268
1.488  -0.000853104
1.489  -0.000902771
1.49  -0.000966279
1.491  -0.00103311
1.492  -0.00108656
1.493  -0.00113972
1.494  -0.00119981
1.495  -0.00127329
1.496  -0.00132793
1.497  -0.00139158
1.498  -0.00145916
1.499  -0.00152658
1.5  -0.0015805
1.501  -0.00164847
1.502  -0.00171469
1.503  -0.00177915
1.504  -0.00185492
1.505  -0.00190999
1.506  -0.00196244
1.507  -0.002023
1.508  -0.00207555
1.509  -0.00213037
1.51  -0.00217788
1.511  -0.00223725
1.512  -0.00229471
1.513  -0.00234247
1.514  -0.00239849
1.515  -0.00245743
1.516  -0.00251992
1.517  -0.00258745
1.518  -0.00263892
1.519  -0.00270205
1.52  -0.00276834
1.521  -0.00284003
1.522  -0.00289334
1.523  -0.00294616
1.524  -0.0030168
1.525  -0.00308858
1.526  -0.0031344
1.527  -0.00319105
1.528  -0.00325798
1.529  -0.00332956
1.53  -0.00339105
1.531  -0.00346065
1.532  -0.00353585
1.533  -0.00360459
1.534  -0.00368306
1.535  -0.0037375
1.536  -0.0037881
1.537  -0.00386003
1.538  -0.00391613
1.539  -0.00398354
1.54  -0.00402468
1.541  -0.00408387
1.542  -0.00413964
1.543  -0.00418931
1.544  -0.00423888
1.545  -0.00431732
1.546  -0.00439045
1.547  -0.00443911
1.548  -0.0044896
1.549  -0.00454811
1.55  -0.00459813
1.551  -0.00465825
1.552  -0.0047059
1.553  -0.00474804
1.554  -0.00481545
1.555  -0.0048678
1.556  -0.00492037
1.557  -0.00497213
1.558  -0.00501942
1.559  -0.00508539
1.56  -0.00513884
1.561  -0.00520316
1.562  -0.00526134
1.563  -0.00533027
1.564  -0.00537973
1.565  -0.00542587
1.566  -0.00548722
1.567  -0.00555658
1.568  -0.00560579
1.569  -0.00566766
1.57  -0.00571035
1.571  -0.00576314
1.572  -0.00581872
1.573  -0.00585668
1.574  -0.00590594
1.575  -0.00596183
1.576  -0.00602148
1.577  -0.00605992
1.578  -0.00609847
1.579  -0.00614415
1.58  -0.00618385
1.581  -0.00623847
1.582  -0.00628292
1.583  -0.00631935
1.584  -0.00636826
1.585  -0.00640121
1.586  -0.00642682
1.587  -0.00646789
1.588  -0.00652328
1.589  -0.0065669
1.59  -0.00661183
1.591  -0.00665917
1.592  -0.00670658
1.593  -0.00675799
1.594  -0.00679061
1.595  -0.0068299
1.596  -0.00688032
1.597  -0.00693265
1.598  -0.00698992
1.599  -0.00703026
1.6  -0.00704607
1.601  -0.00708219
1.602  -0.00712631
1.603  -0.00715599
1.604  -0.00719103
1.605  -0.00724464
1.606  -0.00728471
1.607  -0.00729575
1.608  -0.00732414
1.609  -0.00736133
1.61  -0.00739523
1.611  -0.00743732
1.612  -0.00748074
1.613  -0.0075118
1.614  -0.00755211
1.615  -0.00757344
1.616  -0.0076036
1.617  -0.00761588
1.618  -0.00766119
1.619  -0.00769132
1.62  -0.00771267
1.621  -0.0077359
1.622  -0.00776453
1.623  -0.00779699
1.624  -0.00781068
1.625  -0.00784523
1.626  -0.00788078
1.627  -0.00791863
1.628  -0.00794691
1.629  -0.0079721
1.63  -0.00798074
1.631  -0.00799614
1.632  -0.00801404
1.633  -0.00802526
1.634  -0.00805185
1.635  -0.00808027
1.636  -0.00811558
1.637  -0.00811786
1.638  -0.00816543
1.639  -0.00819624
1.64  -0.00821767
1.641  -0.00825781
1.642  -0.00829159
1.643  -0.00831167
1.644  -0.0083159
1.645  -0.00832473
1.646  -0.00835288
1.647  -0.00836655
1.648  -0.00838943
1.649  -0.00840784
1.65  -0.00840898
1.651  -0.00841827
1.652  -0.00842315
1.653  -0.00842102
1.654  -0.00843628
1.655  -0.00845162
1.656  -0.0084817
1.657  -0.00848494
1.658  -0.00848712
1.659  -0.00851183
1.66  -0.00849073
1.661  -0.0084816
1.662  -0.00848789
1.663  -0.00851144
1.664  -0.00851584
1.665  -0.00851042
1.666  -0.00849931
1.667  -0.00846258
1.668  -0.00848159
1.669  -0.00848067
1.67  -0.00850825
1.671  -0.00850476
1.672  -0.00852123
1.673  -0.0085079
1.674  -0.00846892
1.675  -0.00846927
1.676  -0.00846317
1.677  -0.00846654
1.678  -0.00846638
1.679  -0.00846965
1.68  -0.00847361
1.681  -0.00843853
1.682  -0.00842064
1.683  -0.00842148
1.684  -0.00844761
1.685  -0.00847485
1.686  -0.00852087
1.687  -0.00851159
1.688  -0.00852381
1.689  -0.00843034
1.69  -0.00838646
1.691  -0.00832954
1.692  -0.00822768
1.693  -0.00814848
1.694  -0.00803315
1.695  -0.00792981
1.696  -0.0078186
1.697  -0.00770112
1.698  -0.00760706
1.699  -0.00750565
1.7  -0.00743857
1.701  -0.00733976
1.702  -0.00724249
1.703  -0.00711111
1.704  -0.00698923
1.705  -0.00686734
1.706  -0.00676132
1.707  -0.00665531
1.708  -0.00663031
1.709  -0.00658491
1.71  -0.00653951
1.711  -0.00653951
1.712  -0.00653951
1.713  -0.00653951
1.714  -0.00653951
1.715  -0.00653951
1.716  -0.00653951
1.717  -0.00653951
1.718  -0.00653951
1.719  -0.00653951
1.72  -0.00653951
1.721  -0.00653951
1.722  -0.00653951
1.723  -0.00653951
1.724  -0.00653951
1.725  -0.00653951
1.726  -0.00653951
1.727  -0.00653951
1.728  -0.00653951
1.729  -0.00653951
1.73  -0.00653951
1.731  -0.00653951
1.732  -0.00653951
1.733  -0.00653951
1.734  -0.00653951
1.735  -0.00653951
1.736  -0.00653951
1.737  -0.00653951
1.738  -0.00653951
1.739  -0.00653951
1.74  -0.00653951
1.741  -0.00653951
1.742  -0.00653951
1.743  -0.00653951
1.744  -0.00653951
1.745  -0.00653951
1.746  -0.00653951
1.747  -0.00653951
1.748  -0.00653951
1.749  -0.00653951
1.75  -0.00653951
1.751  -0.00653951
1.752  -0.00653951
1.753  -0.00653951
1.754  -0.00653951
1.755  -0.00653951
1.756  -0.00653951
1.757  -0.00653951
1.758  -0.00653951
1.759  -0.00653951
1.76  -0.00653951
1.761  -0.00653951
1.762  -0.00653951
1.763  -0.00653951
1.764  -0.00653951
1.765  -0.00653951
1.766  -0.00653951
1.767  -0.00653951
1.768  -0.00653951
1.769  -0.00653951
1.77  -0.00653951
1.771  -0.00653951
1.772  -0.00653951
1.773  -0.00653951
1.774  -0.00653951
1.775  -0.00653951
1.776  -0.00653951
1.777  -0.00653951
1.778  -0.00653951
1.779  -0.00653951
1.78  -0.00653951
1.781  -0.00653951
1.782  -0.00653951
1.783  -0.00653951
1.784  -0.00653951
1.785  -0.00653951
1.786  -0.00653951
1.787  -0.00653951
1.788  -0.00653951
1.789  -0.00653951
1.79  -0.00653951
1.791  -0.00653951
1.792  -0.00653951
1.793  -0.00653951
1.794  -0.00653951
1.795  -0.00653951
1.796  -0.00653951
1.797  -0.00653951
1.798  -0.00653951
1.799  -0.00653951
1.8  -0.00653951
1.801  -0.00653951
1.802  -0.00653951
1.803  -0.00653951
1.804  -0.00653951
1.805  -0.00653951
1.806  -0.00653951
1.807  -0.00653951
1.808  -0.00653951
1.809  -0.00653951
1.81  -0.00653951
1.811  -0.00653951
1.812  -0.00653951
1.813  -0.00653951
1.814  -0.00653951
1.815  -0.00653951
1.816  -0.00653951
1.817  -0.00653951
1.818  -0.00653951
1.819  -0.00653951
1.82  -0.00653951
1.821  -0.00653951
1.822  -0.00653951
1.823  -0.00653951
1.824  -0.00653951
1.825  -0.00653951
1.826  -0.00653951
1.827  -0.00653951
1.828  -0.00653951
1.829  -0.00653951
1.83  -0.00653951
1.831  -0.00653951
1.832  -0.00653951
1.833  -0.00653951
1.834  -0.00653951
1.835  -0.00653951
1.836  -0.00653951
1.837  -0.00653951
1.838  -0.00653951
1.839  -0.00653951
1.84  -0.00653951
1.841  -0.00653951
1.842  -0.00653951
1.843  -0.00653951
1.844  -0.00653951
1.845  -0.00653951
1.846  -0.00653951
1.847  -0.00653951
1.848  -0.00653951
1.849  -0.00653951
1.85  -0.00653951
1.851  -0.00653951
1.852  -0.00653951
1.853  -0.00653951
1.854  -0.00653951
1.855  -0.00653951
1.856  -0.00653951
1.857  -0.00653951
1.858  -0.00653951
1.859  -0.00653951
1.86  -0.00653951
1.861  -0.00653951
1.862  -0.00653951
1.863  -0.00653951
1.864  -0.00653951
1.865  -0.00653951
1.866  -0.00653951
1.867  -0.00653951
1.868  -0.00653951
1.869  -0.00653951
1.87  -0.00653951
1.871  -0.00653951
1.872  -0.00653951
1.873  -0.00653951
1.874  -0.00653951
1.875  -0.00653951
1.876  -0.00653951
1.877  -0.00653951
1.878  -0.00653951
1.879  -0.00653951
1.88  -0.00653951
1.881  -0.00653951
1.882  -0.00653951
1.883  -0.00653951
1.884  -0.00653951
1.885  -0.00653951
1.886  -0.00653951
1.887  -0.00653951
1.888  -0.00653951
1.889  -0.00653951
1.89  -0.00653951
1.891  -0.00653951
1.892  -0.00653951
1.893  -0.00653951
1.894  -0.00653951
1.895  -0.00653951
1.896  -0.00653951
1.897  -0.00653951
1.898  -0.00653951
1.899  -0.00653951
1.9  -0.00653951
1.901  -0.00653951
1.902  -0.00653951
1.903  -0.00653951
1.904  -0.00653951
1.905  -0.00653951
1.906  -0.00653951
1.907  -0.00653951
1.908  -0.00653951
1.909  -0.00653951
1.91  -0.00653951
1.911  -0.00653951
1.912  -0.00653951
1.913  -0.00653951
1.914  -0.00653951
1.915  -0.00653951
1.916  -0.00653951
1.917  -0.00653951
1.918  -0.00653951
1.919  -0.00653951
1.92  -0.00653951
1.921  -0.00653951
1.922  -0.00653951
1.923  -0.00653951
1.924  -0.00653951
1.925  -0.00653951
1.926  -0.00653951
1.927  -0.00653951
1.928  -0.00653951
1.929  -0.00653951
1.93  -0.00653951
1.931  -0.00653951
1.932  -0.00653951
1.933  -0.00653951
1.934  -0.00653951
1.935  -0.00653951
1.936  -0.00653951
1.937  -0.00653951
1.938  -0.00653951
1.939  -0.00653951
1.94  -0.00653951
1.941  -0.00653951
1.942  -0.00653951
1.943  -0.00653951
1.944  -0.00653951
1.945  -0.00653951
1.946  -0.00653951
1.947  -0.00653951
1.948  -0.00653951
1.949  -0.00653951
1.95  -0.00653951
1.951  -0.00653951
1.952  -0.00653951
1.953  -0.00653951
1.954  -0.00653951
1.955  -0.00653951
1.956  -0.00653951
1.957  -0.00653951
1.958  -0.00653951
1.959  -0.00653951
1.96  -0.00653951
1.961  -0.00653951
1.962  -0.00653951
1.963  -0.00653951
1.964  -0.00653951
1.965  -0.00653951
1.966  -0.00653951
1.967  -0.00653951
1.968  -0.00653951
1.969  -0.00653951
1.97  -0.00653951
1.971  -0.00653951
1.972  -0.00653951
1.973  -0.00653951
1.974  -0.00653951
1.975  -0.00653951
1.976  -0.00653951
1.977  -0.00653951
1.978  -0.00653951
1.979  -0.00653951
1.98  -0.00653951
1.981  -0.00653951
1.982  -0.00653951
1.983  -0.00653951
1.984  -0.00653951
1.985  -0.00653951
1.986  -0.00653951
1.987  -0.00653951
1.988  -0.00653951
1.989  -0.00653951
1.99  -0.00653951
1.991  -0.00653951
1.992  -0.00653951
1.993  -0.00653951
1.994  -0.00653951
1.995  -0.00653951
1.996  -0.00653951
1.997  -0.00653951
1.998  -0.00653951
1.999  -0.00653951
2  -0.00653951
2.001  -0.00653951
2.002  -0.00653951
2.003  -0.00653951
2.004  -0.00653951
2.005  -0.00653951
2.006  -0.00653951
2.007  -0.00653951
2.008  -0.00653951
2.009  -0.00653951
2.01  -0.00653951
2.011  -0.00653951
2.012  -0.00653951
2.013  -0.00653951
2.014  -0.00653951
2.015  -0.00653951
2.016  -0.00653951
2.017  -0.00653951
2.018  -0.00653951
2.019  -0.00653951
2.02  -0.00653951
2.021  -0.00653951
2.022  -0.00653951
2.023  -0.00653951
2.024  -0.00653951
2.025  -0.00653951
2.026  -0.00653951
2.027  -0.00653951
2.028  -0.00653951
2.029  -0.00653951
2.03  -0.00653951
2.031  -0.00653951
2.032  -0.00653951
2.033  -0.00653951
2.034  -0.00653951
2.035  -0.00653951
2.036  -0.00653951
2.037  -0.00653951
2.038  -0.00653951
2.039  -0.00653951
2.04  -0.00653951
2.041  -0.00653951
2.042  -0.00653951
2.043  -0.00653951
2.044  -0.00653951
2.045  -0.00653951
2.046  -0.00653951
2.047  -0.00653951
2.048  -0.00653951
2.049  -0.00653951
2.05  -0.00653951
2.051  -0.00653951
2.052  -0.00653951
2.053  -0.00653951
2.054  -0.00653951
2.055  -0.00653951
2.056  -0.00653951
2.057  -0.00653951
2.058  -0.00653951
2.059  -0.00653951
2.06  -0.00653951
2.061  -0.00653951
2.062  -0.00653951
2.063  -0.00653951
2.064  -0.00653951
2.065  -0.00653951
2.066  -0.00653951
2.067  -0.00653951
2.068  -0.00653951
2.069  -0.00653951
2.07  -0.00653951
2.071  -0.00653951
2.072  -0.00653951
2.073  -0.00653951
2.074  -0.00653951
2.075  -0.00653951
2.076  -0.00653951
2.077  -0.00653951
2.078  -0.00653951
2.079  -0.00653951
2.08  -0.00653951
2.081  -0.00653951
2.082  -0.00653951
2.083  -0.00653951
2.084  -0.00653951
2.085  -0.00653951
2.086  -0.00653951
2.087  -0.00653951
2.088  -0.00653951
2.089  -0.00653951
2.09  -0.00653951
2.091  -0.00653951
2.092  -0.00653951
2.093  -0.00653951
2.094  -0.00653951
2.095  -0.00653951
2.096  -0.00653951
2.097  -0.00653951
2.098  -0.00653951
2.099  -0.00653951
2.1  -0.00653951
2.101  -0.00653951
2.102  -0.00653951
2.103  -0.00653951
2.104  -0.00653951
2.105  -0.00653951
2.106  -0.00653951
2.107  -0.00653951
2.108  -0.00653951
2.109  -0.00653951
2.11  -0.00653951
2.111  -0.00653951
2.112  -0.00653951
2.113  -0.00653951
2.114  -0.00653951
2.115  -0.00653951
2.116  -0.00653951
2.117  -0.00653951
2.118  -0.00653951
2.119  -0.00653951
2.12  -0.00653951
2.121  -0.00653951
2.122  -0.00653951
2.123  -0.00653951
2.124  -0.00653951
2.125  -0.00653951
2.126  -0.00653951
2.127  -0.00653951
2.128  -0.00653951
2.129  -0.00653951
2.13  -0.00653951
2.131  -0.00653951
2.132  -0.00653951
2.133  -0.00653951
2.134  -0.00653951
2.135  -0.00653951
2.136  -0.00653951
2.137  -0.00653951
2.138  -0.00653951
2.139  -0.00653951
2.14  -0.00653951
2.141  -0.00653951
2.142  -0.00653951
2.143  -0.00653951
2.144  -0.00653951
2.145  -0.00653951
2.146  -0.00653951
2.147  -0.00653951
2.148  -0.00653951
2.149  -0.00653951
2.15  -0.00653951
2.151  -0.00653951
2.152  -0.00653951
2.153  -0.00653951
2.154  -0.00653951
2.155  -0.00653951
2.156  -0.00653951
2.157  -0.00653951
2.158  -0.00653951
2.159  -0.00653951
2.16  -0.00653951
2.161  -0.00653951
2.162  -0.00653951
2.163  -0.00653951
2.164  -0.00653951
2.165  -0.00653951
2.166  -0.00653951
2.167  -0.00653951
2.168  -0.00653951
2.169  -0.00653951
2.17  -0.00653951
2.171  -0.00653951
2.172  -0.00653951
2.173  -0.00653951
2.174  -0.00653951
2.175  -0.00653951
2.176  -0.00653951
2.177  -0.00653951
2.178  -0.00653951
2.179  -0.00653951
2.18  -0.00653951
2.181  -0.00653951
2.182  -0.00653951
2.183  -0.00653951
2.184  -0.00653951
2.185  -0.00653951
2.186  -0.00653951
2.187  -0.00653951
2.188  -0.00653951
2.189  -0.00653951
2.19  -0.00653951
2.191  -0.00653951
2.192  -0.00653951
2.193  -0.00653951
2.194  -0.00653951
2.195  -0.00653951
2.196  -0.00653951
2.197  -0.00653951
2.198  -0.00653951
2.199  -0.00653951
2.2  -0.00653951
2.201  -0.00653951
2.202  -0.00653951
2.203  -0.00653951
2.204  -0.00653951
2.205  -0.00653951
2.206  -0.00653951
2.207  -0.00653951
2.208  -0.00653951
2.209  -0.00653951
2.21  -0.00653951
2.211  -0.00653951
2.212  -0.00653951
2.213  -0.00653951
2.214  -0.00653951
2.215  -0.00653951
2.216  -0.00653951
2.217  -0.00653951
2.218  -0.00653951
2.219  -0.00653951
2.22  -0.00653951
2.221  -0.00653951
2.222  -0.00653951
2.223  -0.00653951
2.224  -0.00653951
2.225  -0.00653951
2.226  -0.00653951
2.227  -0.00653951
2.228  -0.00653951
2.229  -0.00653951
2.23  -0.00653951
2.231  -0.00653951
2.232  -0.00653951
2.233  -0.00653951
2.234  -0.00653951
2.235  -0.00653951
2.236  -0.00653951
2.237  -0.00653951
2.238  -0.00653951
2.239  -0.00653951
2.24  -0.00653951
2.241  -0.00653951
2.242  -0.00653951
2.243  -0.00653951
2.244  -0.00653951
2.245  -0.00653951
2.246  -0.00653951
2.247  -0.00653951
2.248  -0.00653951
2.249  -0.00653951
2.25  -0.00653951
2.251  -0.00653951
2.252  -0.00653951
2.253  -0.00653951
2.254  -0.00653951
2.255  -0.00653951
2.256  -0.00653951
2.257  -0.00653951
2.258  -0.00653951
2.259  -0.00653951
2.26  -0.00653951
2.261  -0.00653951
2.262  -0.00653951
2.263  -0.00653951
2.264  -0.00653951
2.265  -0.00653951
2.266  -0.00653951
2.267  -0.00653951
2.268  -0.00653951
2.269  -0.00653951
2.27  -0.00653951
2.271  -0.00653951
2.272  -0.00653951
2.273  -0.00653951
2.274  -0.00653951
2.275  -0.00653951
2.276  -0.00653951
2.277  -0.00653951
2.278  -0.00653951
2.279  -0.00653951
2.28  -0.00653951
2.281  -0.00653951
2.282  -0.00653951
2.283  -0.00653951
2.284  -0.00653951
2.285  -0.00653951
2.286  -0.00653951
2.287  -0.00653951
2.288  -0.00653951
2.289  -0.00653951
2.29  -0.00653951
2.291  -0.00653951
2.292  -0.00653951
2.293  -0.00653951
2.294  -0.00653951
2.295  -0.00653951
2.296  -0.00653951
2.297  -0.00653951
2.298  -0.00653951
2.299  -0.00653951
2.3  -0.00653951
2.301  -0.00653951
2.302  -0.00653951
2.303  -0.00653951
2.304  -0.00653951
2.305  -0.00653951
2.306  -0.00653951
2.307  -0.00653951
2.308  -0.00653951
2.309  -0.00653951
2.31  -0.00653951
2.311  -0.00653951
2.312  -0.00653951
2.313  -0.00653951
2.314  -0.00653951
2.315  -0.00653951
2.316  -0.00653951
2.317  -0.00653951
2.318  -0.00653951
2.319  -0.00653951
2.32  -0.00653951
2.321  -0.00653951
2.322  -0.00653951
2.323  -0.00653951
2.324  -0.00653951
2.325  -0.00653951
2.326  -0.00653951
2.327  -0.00653951
2.328  -0.00653951
2.329  -0.00653951
2.33  -0.00653951
2.331  -0.00653951
2.332  -0.00653951
2.333  -0.00653951
2.334  -0.00653951
2.335  -0.00653951
2.336  -0.00653951
2.337  -0.00653951
2.338  -0.00653951
2.339  -0.00653951
2.34  -0.00653951
2.341  -0.00653951
2.342  -0.00653951
2.343  -0.00653951
2.344  -0.00653951
2.345  -0.00653951
2.346  -0.00653951
2.347  -0.00653951
2.348  -0.00653951
2.349  -0.00653951
2.35  -0.00653951
2.351  -0.00653951
2.352  -0.00653951
2.353  -0.00653951
2.354  -0.00653951
2.355  -0.00653951
2.356  -0.00653951
2.357  -0.00653951
2.358  -0.00653951
2.359  -0.00653951
2.36  -0.00653951
2.361  -0.00653951
2.362  -0.00653951
2.363  -0.00653951
2.364  -0.00653951
2.365  -0.00653951
2.366  -0.00653951
2.367  -0.00653951
2.368  -0.00653951
2.369  -0.00653951
2.37  -0.00653951
2.371  -0.00653951
2.372  -0.00653951
2.373  -0.00653951
2.374  -0.00653951
2.375  -0.00653951
2.376  -0.00653951
2.377  -0.00653951
2.378  -0.00653951
2.379  -0.00653951
2.38  -0.00653951
2.381  -0.00653951
2.382  -0.00653951
2.383  -0.00653951
2.384  -0.00653951
2.385  -0.00653951
2.386  -0.00653951
2.387  -0.00653951
2.388  -0.00653951
2.389  -0.00653951
2.39  -0.00653951
2.391  -0.00653951
2.392  -0.00653951
2.393  -0.00653951
2.394  -0.00653951
2.395  -0.00653951
2.396  -0.00653951
2.397  -0.00653951
2.398  -0.00653951
2.399  -0.00653951
2.4  -0.00653951
2.401  -0.00653951
2.402  -0.00653951
2.403  -0.00653951
2.404  -0.00653951
2.405  -0.00653951
2.406  -0.00653951
2.407  -0.00653951
2.408  -0.00653951
2.409  -0.00653951
2.41  -0.00653951
2.411  -0.00653951
2.412  -0.00653951
2.413  -0.00653951
2.414  -0.00653951
2.415  -0.00653951
2.416  -0.00653951
2.417  -0.00653951
2.418  -0.00653951
2.419  -0.00653951
2.42  -0.00653951
2.421  -0.00653951
2.422  -0.00653951
2.423  -0.00653951
2.424  -0.00653951
2.425  -0.00653951
2.426  -0.00653951
2.427  -0.00653951
2.428  -0.00653951
2.429  -0.00653951
2.43  -0.00653951
2.431  -0.00653951
2.432  -0.00653951
2.433  -0.00653951
2.434  -0.00653951
2.435  -0.00653951
2.436  -0.00653951
2.437  -0.00653951
2.438  -0.00653951
2.439  -0.00653951
2.44  -0.00653951
2.441  -0.00653951
2.442  -0.00653951
2.443  -0.00653951
2.444  -0.00653951
2.445  -0.00653951
2.446  -0.00653951
2.447  -0.00653951
2.448  -0.00653951
2.449  -0.00653951
2.45  -0.00653951
2.451  -0.00653951
2.452  -0.00653951
2.453  -0.00653951
2.454  -0.00653951
2.455  -0.00653951
2.456  -0.00653951
2.457  -0.00653951
2.458  -0.00653951
2.459  -0.00653951
2.46  -0.00653951
2.461  -0.00653951
2.462  -0.00653951
2.463  -0.00653951
2.464  -0.00653951
2.465  -0.00653951
2.466  -0.00653951
2.467  -0.00653951
2.468  -0.00653951
2.469  -0.00653951
2.47  -0.00653951
2.471  -0.00653951
2.472  -0.00653951
2.473  -0.00653951
2.474  -0.00653951
2.475  -0.00653951
2.476  -0.00653951
2.477  -0.00653951
2.478  -0.00653951
2.479  -0.00653951
2.48  -0.00653951
2.481  -0.00653951
2.482  -0.00653951
2.483  -0.00653951
2.484  -0.00653951
2.485  -0.00653951
2.486  -0.00653951
2.487  -0.00653951
2.488  -0.00653951
2.489  -0.00653951
2.49  -0.00653951
2.491  -0.00653951
2.492  -0.00653951
2.493  -0.00653951
2.494  -0.00653951
2.495  -0.00653951
2.496  -0.00653951
2.497  -0.00653951
2.498  -0.00653951
2.499  -0.00653951
