-2 -0.00305225
-1.99 -0.00253417
-1.98 0.131352
-1.97 -0.00376391
-1.96 -0.00374932
-1.95 0.210209
-1.94 -27.935
-1.93 -0.0375599
-1.92 -0.00486522
-1.91 -0.00445121
-1.9 0.150532
-1.89 -0.00520095
-1.88 -0.00415151
-1.87 -0.00482545
-1.86 -0.00558344
-1.85 -0.00398995
-1.84 -0.00443833
-1.83 0.0638865
-1.82 -0.0043644
-1.81 -0.00435659
-1.8 -0.00611536
-1.79 -0.00526123
-1.78 -0.00421453
-1.77 0.436138
-1.76 -0.00572404
-1.75 -0.00453917
-1.74 -0.00638319
-1.73 -0.0048281
-1.72 -0.00475738
-1.71 0.617444
-1.7 -0.0525773
-1.69 -0.00596161
-1.68 5.21951
-1.67 5.09863
-1.66 -0.00536323
-1.65 -0.00510125
-1.64 0.142159
-1.63 -0.00526854
-1.62 -0.00537836
-1.61 -0.0397654
-1.6 -0.0053533
-1.59 -0.00645946
-1.58 -0.00434549
-1.57 -0.0051081
-1.56 0.0174853
-1.55 -0.00509701
-1.54 -0.00595072
-1.53 -0.03069
-1.52 -0.00484079
-1.51 0.106554
-1.5 -0.0062604
-1.49 -0.00518754
-1.48 -0.0060251
-1.47 -0.00598505
-1.46 -0.00475411
-1.45 -0.00737466
-1.44 -0.00460398
-1.43 -0.00517347
-1.42 -0.00700285
-1.41 -0.00562634
-1.4 -0.00552442
-1.39 -0.00547854
-1.38 -0.00600962
-1.37 -0.00560623
-1.36 0.652898
-1.35 -0.00622182
-1.34 -0.00262182
-1.33 0.000110914
-1.32 -1.05609e-05
-1.31 0.000280765
-1.3 0.000571565
-1.29 -2.43185e-05
-1.28 0.000283926
-1.27 0.000678216
-1.26 3.28179e-07
-1.25 0.000316696
-1.24 0.000709181
-1.23 1.46256e-05
-1.22 0.000283314
-1.21 0.000683407
-1.2 2.90277e-05
-1.19 0.000285572
-1.18 0.000672506
-1.17 4.06761e-05
-1.16 0.000258264
-1.15 0.00072045
-1.14 5.38107e-05
-1.13 0.000287354
-1.12 0.000733038
-1.11 3.67147e-05
-1.1 0.000305961
-1.09 0.000712114
-1.08 4.81085e-05
-1.07 0.000321959
-1.06 0.000700321
-1.05 1.42579e-05
-1.04 0.00031239
-1.03 0.000719215
-1.02 6.94116e-05
-1.01 0.000357777
-1 0.000712474
-0.99 4.84093e-05
-0.98 0.000344956
-0.97 0.000702786
-0.96 3.337e-05
-0.95 0.000280084
-0.94 0.000691984
-0.93 4.47513e-05
-0.92 0.000297724
-0.91 0.000722652
-0.9 3.56655e-05
-0.89 0.000299218
-0.88 0.000745541
-0.87 1.08012e-05
-0.86 0.000278371
-0.85 0.000768895
-0.84 2.79813e-05
-0.83 0.000252691
-0.82 0.000743746
-0.81 7.76511e-05
-0.8 0.00029679
-0.79 0.000767935
-0.78 4.43742e-05
-0.77 0.000350211
-0.76 0.000770822
-0.75 1.08914e-06
-0.74 0.000353098
-0.73 0.000762002
-0.72 -5.46732e-06
-0.71 0.00035558
-0.7 0.000719659
-0.69 -3.51239e-05
-0.68 0.000380445
-0.67 0.000761547
-0.66 -2.49035e-05
-0.65 0.00037241
-0.64 0.000747814
-0.63 4.74789e-05
-0.62 0.000331754
-0.61 0.000729287
-0.6 2.33498e-05
-0.59 0.000297547
-0.58 0.000689775
-0.57 3.81262e-05
-0.56 0.000252066
-0.55 0.000705456
-0.54 6.66344e-05
-0.53 0.000230557
-0.52 0.000733756
-0.51 0.000102783
-0.5 0.000261676
-0.49 0.00072251
-0.48 5.16789e-05
-0.47 0.000206814
-0.46 0.000694713
-0.45 1.99271e-05
-0.44 0.000199143
-0.43 0.000719954
-0.42 1.22629e-05
-0.41 0.000265088
-0.4 0.000703057
-0.39 1.90071e-05
-0.38 0.00027364
-0.37 0.000733257
-0.36 7.38042e-06
-0.35 0.00033994
-0.34 0.000761257
-0.33 3.96172e-06
-0.32 0.000369896
-0.31 0.000764077
-0.3 1.94041e-05
-0.29 0.000381509
-0.28 0.000810127
-0.27 5.63314e-05
-0.26 0.000376239
-0.25 0.000876487
-0.24 4.41586e-05
-0.23 0.000413336
-0.22 0.000892503
-0.21 8.56603e-05
-0.2 0.000475533
-0.19 0.000842529
-0.18 7.574e-05
-0.17 0.000490926
-0.16 0.000764904
-0.15 1.59567e-05
-0.14 0.000399728
-0.13 0.000784171
-0.12 3.1988e-05
-0.11 -0.00205737
-0.1 -0.0273934
-0.09 -0.115678
-0.08 -0.254048
-0.07 -0.418833
-0.06 -0.57711
-0.05 -0.721448
-0.04 -0.83277
-0.03 -0.919474
-0.02 -0.972841
-0.01 -0.994754
0 -0.991661
0.01 -0.967712
0.02 -0.931359
0.03 -0.890732
0.04 -0.846105
0.05 -0.800085
0.06 -0.755743
0.07 -0.712243
0.08 -0.670287
0.09 -0.631016
0.1 -0.593123
0.11 -0.5557
0.12 -0.521202
0.13 -0.487955
0.14 -0.455488
0.15 -0.426333
0.16 -0.39806
0.17 -0.370615
0.18 -0.345991
0.19 -0.322118
0.2 -0.298626
0.21 -0.277934
0.22 -0.258032
0.23 -0.238755
0.24 -0.22218
0.25 -0.206409
0.26 -0.191372
0.27 -0.17902
0.28 -0.167331
0.29 -0.15615
0.3 -0.147209
0.31 -0.138185
0.32 -0.129293
0.33 -0.121945
0.34 -0.114191
0.35 -0.106287
0.36 -0.0999298
0.37 -0.0934529
0.38 -0.0870322
0.39 -0.0820847
0.4 -0.0774102
0.41 -0.0727446
0.42 -0.0693778
0.43 -0.0659286
0.44 -0.0624664
0.45 -0.0600805
0.46 -0.0570823
0.47 -0.0539608
0.48 -0.0517015
0.49 -0.0488645
0.5 -0.0459795
0.51 -0.0441339
0.52 -0.0415695
0.53 -0.0391927
0.54 -0.0380593
0.55 -0.0362832
0.56 -0.034536
0.57 -0.0339601
0.58 -0.032749
0.59 -0.0311482
0.6 -0.0307726
0.61 -0.0296919
0.62 -0.0280566
0.63 -0.0276211
0.64 -0.0265239
0.65 -0.0251559
0.66 -0.0247846
0.67 -0.0236567
0.68 -0.0223802
0.69 -0.0223662
0.7 -0.021542
0.71 -0.0205088
0.72 -0.0207241
0.73 -0.0200287
0.74 -0.0188872
0.75 -0.0189972
0.76 -0.018169
0.77 -0.0168943
0.78 -0.0169119
0.79 -0.0160112
0.8 -0.0148121
0.81 -0.0148968
0.82 -0.0141126
0.83 -0.0130626
0.84 -0.0133363
0.85 -0.0126965
0.86 -0.0118754
0.87 -0.0121528
0.88 -0.0117115
0.89 -0.0108188
0.9 -0.0110914
0.91 -0.0106715
0.92 -0.00977043
0.93 -0.00999423
0.94 -0.00958071
0.95 -0.00876458
0.96 -0.00909455
0.97 -0.00872528
0.98 -0.00806581
0.99 -0.00836279
1 -0.00793179
1.01 -0.00730175
1.02 -0.00759722
1.03 -0.00708396
1.04 -0.00656096
1.05 -0.00663198
1.06 -0.00604107
1.07 -0.00551027
1.08 -0.00554183
1.09 -0.0049309
1.1 -0.00450856
1.11 -0.00459839
1.12 -0.00414134
1.13 -0.00383841
1.14 -0.00389742
1.15 -0.00343427
1.16 -0.00329352
1.17 -0.0033873
1.18 -0.00288352
1.19 -0.0028247
1.2 -0.00284477
1.21 -0.00244586
1.22 -0.0025766
1.23 -0.00256131
1.24 -0.00229941
1.25 -0.00252947
1.26 -0.0108949
1.27 -0.00249815
1.28 -0.0110041
1.29 -0.00283504
1.3 -0.00259706
1.31 -0.00304119
1.32 -0.00301618
1.33 -0.00266437
1.34 -0.010093
1.35 -0.00303759
1.36 -0.00286592
1.37 -0.00332329
1.38 -0.0033419
1.39 -0.00317894
1.4 -0.00363642
1.41 -0.00378399
1.42 -0.00374963
1.43 -0.0226761
1.44 -0.00414801
1.45 0.0727538
1.46 -0.0453493
1.47 -0.00438572
1.48 -0.00449713
1.49 -0.0270023
1.5 -0.00997891
1.51 -0.00512528
1.52 -0.0306783
1.53 -0.00588569
1.54 -0.00627753
1.55 -0.0390392
1.56 -0.0567221
1.57 -0.0100742
1.58 -0.00999906
1.59 -0.0539056
1.6 -0.0116511
1.61 -0.0341436
1.62 -0.00774554
1.63 -0.00756398
1.64 0
1.65 0
1.66 0
1.67 0
1.68 0
1.69 0
1.7 0
1.71 0
1.72 0
1.73 0
1.74 0
1.75 0
1.76 0
1.77 0
1.78 0
1.79 0
1.8 0
1.81 0
1.82 0
1.83 0
1.84 0
1.85 0
1.86 0
1.87 0
1.88 0
1.89 0
1.9 0
1.91 0
1.92 0
1.93 0
1.94 0
1.95 0
1.96 0
1.97 0
1.98 0
1.99 0
