-1.5  0
-1.499  0
-1.498  0
-1.497  0
-1.496  0
-1.495  0
-1.494  0
-1.493  0
-1.492  0
-1.491  0
-1.49  0
-1.489  0
-1.488  0
-1.487  0
-1.486  0
-1.485  0
-1.484  0
-1.483  0
-1.482  0
-1.481  0
-1.48  0
-1.479  0
-1.478  0
-1.477  0
-1.476  0
-1.475  0
-1.474  0
-1.473  0
-1.472  0
-1.471  0
-1.47  0
-1.469  0
-1.468  0
-1.467  0
-1.466  0
-1.465  0
-1.464  0
-1.463  0
-1.462  0
-1.461  0
-1.46  0
-1.459  0
-1.458  0
-1.457  0
-1.456  0
-1.455  0
-1.454  0
-1.453  0
-1.452  0
-1.451  0
-1.45  0
-1.449  0
-1.448  0
-1.447  0
-1.446  0
-1.445  0
-1.444  0
-1.443  0
-1.442  0
-1.441  0
-1.44  0
-1.439  0
-1.438  0
-1.437  0
-1.436  0
-1.435  0
-1.434  0
-1.433  0
-1.432  0
-1.431  0
-1.43  0
-1.429  0
-1.428  0
-1.427  0
-1.426  0
-1.425  0
-1.424  0
-1.423  0
-1.422  0
-1.421  0
-1.42  0
-1.419  0
-1.418  0
-1.417  0
-1.416  0
-1.415  0
-1.414  0
-1.413  0
-1.412  0
-1.411  0
-1.41  0
-1.409  0
-1.408  0
-1.407  0
-1.406  0
-1.405  0
-1.404  0
-1.403  0
-1.402  0
-1.401  0
-1.4  0
-1.399  0
-1.398  0
-1.397  0
-1.396  0
-1.395  0
-1.394  0
-1.393  0
-1.392  0
-1.391  0
-1.39  0
-1.389  0
-1.388  0
-1.387  0
-1.386  0
-1.385  0
-1.384  0
-1.383  0
-1.382  0
-1.381  0
-1.38  0
-1.379  0
-1.378  0
-1.377  0
-1.376  0
-1.375  0
-1.374  0
-1.373  0
-1.372  0
-1.371  0
-1.37  0
-1.369  0
-1.368  0
-1.367  0
-1.366  0
-1.365  0
-1.364  0
-1.363  0
-1.362  0
-1.361  0
-1.36  0
-1.359  0
-1.358  0
-1.357  0
-1.356  0
-1.355  0
-1.354  0
-1.353  0
-1.352  0
-1.351  0
-1.35  0
-1.349  0
-1.348  0
-1.347  0
-1.346  0
-1.345  0
-1.344  0
-1.343  0
-1.342  0
-1.341  0
-1.34  0
-1.339  0
-1.338  0
-1.337  -7.33614e-06
-1.336  -8.35972e-06
-1.335  -1.38794e-05
-1.334  -1.56921e-05
-1.333  -1.63335e-05
-1.332  -2.20954e-05
-1.331  -2.55733e-05
-1.33  -2.95066e-05
-1.329  -3.14236e-05
-1.328  -3.6e-05
-1.327  -3.51067e-05
-1.326  -3.89778e-05
-1.325  -4.49346e-05
-1.324  -5.53574e-05
-1.323  -6.28606e-05
-1.322  -7.00335e-05
-1.321  -7.63677e-05
-1.32  -8.21462e-05
-1.319  -8.86839e-05
-1.318  -9.02749e-05
-1.317  -8.80758e-05
-1.316  -8.55902e-05
-1.315  -9.08514e-05
-1.314  -9.65503e-05
-1.313  -9.40146e-05
-1.312  -9.80468e-05
-1.311  -9.89732e-05
-1.31  -9.98453e-05
-1.309  -9.73518e-05
-1.308  -0.000103868
-1.307  -9.93181e-05
-1.306  -0.000101263
-1.305  -9.13478e-05
-1.304  -8.92915e-05
-1.303  -8.33509e-05
-1.302  -8.19526e-05
-1.301  -8.46798e-05
-1.3  -8.13658e-05
-1.299  -7.48699e-05
-1.298  -7.85182e-05
-1.297  -8.10125e-05
-1.296  -7.93092e-05
-1.295  -7.75469e-05
-1.294  -8.1918e-05
-1.293  -7.92662e-05
-1.292  -7.98875e-05
-1.291  -8.49775e-05
-1.29  -9.14476e-05
-1.289  -8.93658e-05
-1.288  -9.5603e-05
-1.287  -9.25574e-05
-1.286  -0.000103061
-1.285  -0.000104581
-1.284  -0.00010851
-1.283  -0.000108018
-1.282  -0.000102048
-1.281  -0.000103609
-1.28  -0.000105287
-1.279  -0.000107757
-1.278  -0.000105382
-1.277  -0.000101758
-1.276  -0.00010336
-1.275  -9.86894e-05
-1.274  -9.94416e-05
-1.273  -9.72756e-05
-1.272  -9.52898e-05
-1.271  -9.27298e-05
-1.27  -9.25518e-05
-1.269  -8.82801e-05
-1.268  -8.85018e-05
-1.267  -8.24665e-05
-1.266  -8.23592e-05
-1.265  -8.17135e-05
-1.264  -8.29841e-05
-1.263  -8.30666e-05
-1.262  -8.35092e-05
-1.261  -8.45433e-05
-1.26  -8.61263e-05
-1.259  -9.03723e-05
-1.258  -9.2629e-05
-1.257  -9.112e-05
-1.256  -9.5023e-05
-1.255  -9.39873e-05
-1.254  -9.72597e-05
-1.253  -9.69813e-05
-1.252  -9.5535e-05
-1.251  -9.79672e-05
-1.25  -0.000103364
-1.249  -0.00010427
-1.248  -0.000102253
-1.247  -9.72948e-05
-1.246  -0.000101449
-1.245  -9.91461e-05
-1.244  -0.000104084
-1.243  -0.000102893
-1.242  -0.000107373
-1.241  -0.000104702
-1.24  -0.000100203
-1.239  -0.000100527
-1.238  -9.9655e-05
-1.237  -9.92453e-05
-1.236  -9.91965e-05
-1.235  -9.51333e-05
-1.234  -9.69771e-05
-1.233  -9.63106e-05
-1.232  -9.32207e-05
-1.231  -9.12897e-05
-1.23  -8.87319e-05
-1.229  -9.16154e-05
-1.228  -8.90682e-05
-1.227  -8.5498e-05
-1.226  -8.79849e-05
-1.225  -8.16378e-05
-1.224  -8.32387e-05
-1.223  -7.99588e-05
-1.222  -8.20736e-05
-1.221  -8.33898e-05
-1.22  -8.74965e-05
-1.219  -8.93802e-05
-1.218  -8.69635e-05
-1.217  -8.79718e-05
-1.216  -9.29594e-05
-1.215  -8.88323e-05
-1.214  -9.13866e-05
-1.213  -9.29565e-05
-1.212  -9.75552e-05
-1.211  -9.8893e-05
-1.21  -9.35516e-05
-1.209  -9.92314e-05
-1.208  -9.98094e-05
-1.207  -9.70758e-05
-1.206  -0.0001025
-1.205  -0.000100381
-1.204  -0.000101141
-1.203  -0.000100625
-1.202  -0.000102213
-1.201  -9.86639e-05
-1.2  -9.47687e-05
-1.199  -9.95575e-05
-1.198  -9.61227e-05
-1.197  -9.38326e-05
-1.196  -9.42047e-05
-1.195  -8.82816e-05
-1.194  -9.01172e-05
-1.193  -8.43187e-05
-1.192  -8.39792e-05
-1.191  -8.81216e-05
-1.19  -8.99099e-05
-1.189  -8.57151e-05
-1.188  -8.91074e-05
-1.187  -8.66143e-05
-1.186  -9.12744e-05
-1.185  -8.92093e-05
-1.184  -8.96421e-05
-1.183  -8.50147e-05
-1.182  -8.96694e-05
-1.181  -9.16323e-05
-1.18  -8.57584e-05
-1.179  -8.73641e-05
-1.178  -8.49664e-05
-1.177  -8.59382e-05
-1.176  -8.64971e-05
-1.175  -8.37475e-05
-1.174  -8.98996e-05
-1.173  -8.82669e-05
-1.172  -8.9739e-05
-1.171  -9.04239e-05
-1.17  -9.20266e-05
-1.169  -8.75474e-05
-1.168  -8.40239e-05
-1.167  -8.14372e-05
-1.166  -8.22255e-05
-1.165  -8.1513e-05
-1.164  -8.46907e-05
-1.163  -7.86303e-05
-1.162  -7.95628e-05
-1.161  -7.92127e-05
-1.16  -8.2297e-05
-1.159  -8.37686e-05
-1.158  -8.42623e-05
-1.157  -8.53195e-05
-1.156  -8.9663e-05
-1.155  -8.62329e-05
-1.154  -9.04969e-05
-1.153  -8.80012e-05
-1.152  -8.93662e-05
-1.151  -8.79123e-05
-1.15  -9.12251e-05
-1.149  -9.47167e-05
-1.148  -9.12755e-05
-1.147  -9.29391e-05
-1.146  -8.83852e-05
-1.145  -8.97305e-05
-1.144  -9.75361e-05
-1.143  -9.85971e-05
-1.142  -0.000105418
-1.141  -0.000104129
-1.14  -0.000102973
-1.139  -0.000103192
-1.138  -0.000104905
-1.137  -0.000101865
-1.136  -9.82876e-05
-1.135  -9.92784e-05
-1.134  -0.000100804
-1.133  -9.66311e-05
-1.132  -9.89599e-05
-1.131  -9.75963e-05
-1.13  -9.88646e-05
-1.129  -0.000101294
-1.128  -9.88474e-05
-1.127  -0.000100737
-1.126  -0.000102089
-1.125  -9.38453e-05
-1.124  -9.50667e-05
-1.123  -8.7969e-05
-1.122  -8.79988e-05
-1.121  -8.80631e-05
-1.12  -8.64521e-05
-1.119  -8.79064e-05
-1.118  -8.37768e-05
-1.117  -8.90118e-05
-1.116  -8.40209e-05
-1.115  -8.57796e-05
-1.114  -9.0265e-05
-1.113  -9.2206e-05
-1.112  -9.46579e-05
-1.111  -9.48376e-05
-1.11  -9.54462e-05
-1.109  -9.51936e-05
-1.108  -9.58076e-05
-1.107  -9.19424e-05
-1.106  -9.42754e-05
-1.105  -9.35166e-05
-1.104  -9.60584e-05
-1.103  -9.74396e-05
-1.102  -9.97436e-05
-1.101  -9.96597e-05
-1.1  -0.000101419
-1.099  -0.000107089
-1.098  -0.000101559
-1.097  -0.000101328
-1.096  -0.000102352
-1.095  -9.48304e-05
-1.094  -9.61175e-05
-1.093  -9.35585e-05
-1.092  -9.35993e-05
-1.091  -9.54522e-05
-1.09  -9.0934e-05
-1.089  -9.35911e-05
-1.088  -8.74367e-05
-1.087  -8.91375e-05
-1.086  -8.50166e-05
-1.085  -8.93496e-05
-1.084  -9.15084e-05
-1.083  -9.21822e-05
-1.082  -9.40172e-05
-1.081  -8.86092e-05
-1.08  -8.84494e-05
-1.079  -8.88195e-05
-1.078  -9.15313e-05
-1.077  -8.64146e-05
-1.076  -8.67365e-05
-1.075  -8.43047e-05
-1.074  -8.25472e-05
-1.073  -8.25983e-05
-1.072  -7.94062e-05
-1.071  -8.02852e-05
-1.07  -8.50904e-05
-1.069  -9.57365e-05
-1.068  -8.92517e-05
-1.067  -9.26635e-05
-1.066  -9.44661e-05
-1.065  -8.88796e-05
-1.064  -8.91607e-05
-1.063  -8.49869e-05
-1.062  -9.10292e-05
-1.061  -9.08583e-05
-1.06  -9.34624e-05
-1.059  -9.58249e-05
-1.058  -8.9725e-05
-1.057  -9.3914e-05
-1.056  -9.28036e-05
-1.055  -9.67403e-05
-1.054  -9.72984e-05
-1.053  -0.000100968
-1.052  -0.000103429
-1.051  -9.65245e-05
-1.05  -9.63013e-05
-1.049  -9.69297e-05
-1.048  -9.16117e-05
-1.047  -8.49172e-05
-1.046  -8.55053e-05
-1.045  -8.6773e-05
-1.044  -8.95207e-05
-1.043  -8.91269e-05
-1.042  -8.7061e-05
-1.041  -8.58373e-05
-1.04  -8.75416e-05
-1.039  -9.76855e-05
-1.038  -9.33334e-05
-1.037  -9.81572e-05
-1.036  -9.85458e-05
-1.035  -9.55287e-05
-1.034  -9.24707e-05
-1.033  -9.02977e-05
-1.032  -9.26642e-05
-1.031  -9.264e-05
-1.03  -9.79133e-05
-1.029  -0.000103185
-1.028  -9.67272e-05
-1.027  -9.68321e-05
-1.026  -9.53551e-05
-1.025  -0.000100264
-1.024  -9.73189e-05
-1.023  -9.93788e-05
-1.022  -0.000100188
-1.021  -9.61138e-05
-1.02  -9.55025e-05
-1.019  -9.72687e-05
-1.018  -9.12271e-05
-1.017  -8.74606e-05
-1.016  -8.89635e-05
-1.015  -8.93464e-05
-1.014  -9.35854e-05
-1.013  -9.47563e-05
-1.012  -9.05969e-05
-1.011  -8.59873e-05
-1.01  -9.07877e-05
-1.009  -0.000101963
-1.008  -9.69741e-05
-1.007  -9.96789e-05
-1.006  -9.7551e-05
-1.005  -9.60468e-05
-1.004  -9.33203e-05
-1.003  -9.20472e-05
-1.002  -9.3439e-05
-1.001  -9.39072e-05
-1  -9.47668e-05
-0.999  -9.83046e-05
-0.998  -9.70335e-05
-0.997  -9.43318e-05
-0.996  -9.29289e-05
-0.995  -9.74724e-05
-0.994  -9.41636e-05
-0.993  -9.65667e-05
-0.992  -9.84633e-05
-0.991  -9.46332e-05
-0.99  -9.10422e-05
-0.989  -9.57754e-05
-0.988  -8.93388e-05
-0.987  -8.698e-05
-0.986  -8.8418e-05
-0.985  -8.65023e-05
-0.984  -8.83619e-05
-0.983  -8.73408e-05
-0.982  -8.35828e-05
-0.981  -8.30153e-05
-0.98  -8.4178e-05
-0.979  -8.86844e-05
-0.978  -8.61404e-05
-0.977  -8.85428e-05
-0.976  -8.40204e-05
-0.975  -8.50061e-05
-0.974  -8.09108e-05
-0.973  -7.96923e-05
-0.972  -8.07441e-05
-0.971  -7.95532e-05
-0.97  -7.86857e-05
-0.969  -8.49234e-05
-0.968  -8.19807e-05
-0.967  -7.68005e-05
-0.966  -7.88293e-05
-0.965  -7.99807e-05
-0.964  -7.91516e-05
-0.963  -8.2044e-05
-0.962  -8.37752e-05
-0.961  -8.46833e-05
-0.96  -8.28313e-05
-0.959  -9.00225e-05
-0.958  -8.52849e-05
-0.957  -8.4944e-05
-0.956  -8.50709e-05
-0.955  -8.76293e-05
-0.954  -9.09133e-05
-0.953  -8.91047e-05
-0.952  -8.68442e-05
-0.951  -8.66514e-05
-0.95  -8.52578e-05
-0.949  -9.13764e-05
-0.948  -9.67738e-05
-0.947  -9.69885e-05
-0.946  -9.56362e-05
-0.945  -9.56326e-05
-0.944  -9.31346e-05
-0.943  -9.12145e-05
-0.942  -9.10093e-05
-0.941  -9.15043e-05
-0.94  -8.39715e-05
-0.939  -9.27401e-05
-0.938  -9.00443e-05
-0.937  -8.81623e-05
-0.936  -8.88208e-05
-0.935  -8.83012e-05
-0.934  -8.77064e-05
-0.933  -9.12792e-05
-0.932  -9.59279e-05
-0.931  -9.46794e-05
-0.93  -8.98557e-05
-0.929  -9.36139e-05
-0.928  -9.40093e-05
-0.927  -9.70818e-05
-0.926  -9.81472e-05
-0.925  -9.88505e-05
-0.924  -0.000100518
-0.923  -9.65615e-05
-0.922  -9.68427e-05
-0.921  -9.97341e-05
-0.92  -9.72233e-05
-0.919  -9.82665e-05
-0.918  -9.88817e-05
-0.917  -9.4691e-05
-0.916  -9.37448e-05
-0.915  -9.11101e-05
-0.914  -9.24606e-05
-0.913  -8.81851e-05
-0.912  -9.06839e-05
-0.911  -9.47244e-05
-0.91  -8.54137e-05
-0.909  -8.73825e-05
-0.908  -8.06811e-05
-0.907  -7.9063e-05
-0.906  -7.95131e-05
-0.905  -8.0384e-05
-0.904  -7.93109e-05
-0.903  -7.91782e-05
-0.902  -8.48688e-05
-0.901  -8.3765e-05
-0.9  -8.20892e-05
-0.899  -8.77812e-05
-0.898  -9.0312e-05
-0.897  -9.31757e-05
-0.896  -9.49615e-05
-0.895  -9.27017e-05
-0.894  -9.56139e-05
-0.893  -9.31105e-05
-0.892  -8.83554e-05
-0.891  -9.40833e-05
-0.89  -9.42493e-05
-0.889  -9.82236e-05
-0.888  -9.86337e-05
-0.887  -9.47045e-05
-0.886  -9.51179e-05
-0.885  -9.5275e-05
-0.884  -9.43514e-05
-0.883  -9.25679e-05
-0.882  -9.41052e-05
-0.881  -9.92388e-05
-0.88  -8.95213e-05
-0.879  -9.14342e-05
-0.878  -8.77054e-05
-0.877  -8.48144e-05
-0.876  -8.56493e-05
-0.875  -8.4742e-05
-0.874  -8.28739e-05
-0.873  -8.4978e-05
-0.872  -8.90992e-05
-0.871  -8.87255e-05
-0.87  -8.71454e-05
-0.869  -8.9969e-05
-0.868  -9.49611e-05
-0.867  -9.51744e-05
-0.866  -9.6276e-05
-0.865  -9.72391e-05
-0.864  -9.60528e-05
-0.863  -9.55062e-05
-0.862  -8.86301e-05
-0.861  -8.95643e-05
-0.86  -9.3065e-05
-0.859  -9.61224e-05
-0.858  -9.8789e-05
-0.857  -9.36486e-05
-0.856  -9.52404e-05
-0.855  -9.68842e-05
-0.854  -9.4569e-05
-0.853  -9.41908e-05
-0.852  -9.09794e-05
-0.851  -9.38189e-05
-0.85  -8.75491e-05
-0.849  -8.28556e-05
-0.848  -8.35965e-05
-0.847  -8.03047e-05
-0.846  -8.2204e-05
-0.845  -8.50079e-05
-0.844  -8.2797e-05
-0.843  -8.82051e-05
-0.842  -9.54148e-05
-0.841  -9.11768e-05
-0.84  -8.99277e-05
-0.839  -9.25487e-05
-0.838  -9.66392e-05
-0.837  -9.42434e-05
-0.836  -9.21174e-05
-0.835  -9.67862e-05
-0.834  -9.38793e-05
-0.833  -9.71689e-05
-0.832  -9.2617e-05
-0.831  -9.13872e-05
-0.83  -9.75129e-05
-0.829  -9.37189e-05
-0.828  -9.46995e-05
-0.827  -8.99878e-05
-0.826  -8.77099e-05
-0.825  -9.01098e-05
-0.824  -8.66478e-05
-0.823  -8.73996e-05
-0.822  -8.89147e-05
-0.821  -8.95542e-05
-0.82  -8.8587e-05
-0.819  -8.71389e-05
-0.818  -8.96215e-05
-0.817  -8.53048e-05
-0.816  -8.61987e-05
-0.815  -8.88813e-05
-0.814  -8.90082e-05
-0.813  -8.86262e-05
-0.812  -9.93788e-05
-0.811  -9.59017e-05
-0.81  -9.87331e-05
-0.809  -0.000103553
-0.808  -0.000106523
-0.807  -0.00010461
-0.806  -0.0001034
-0.805  -0.000106481
-0.804  -0.000104606
-0.803  -0.000101411
-0.802  -0.000101297
-0.801  -9.74461e-05
-0.8  -0.000100468
-0.799  -9.88486e-05
-0.798  -0.000102061
-0.797  -9.81738e-05
-0.796  -9.67215e-05
-0.795  -9.76535e-05
-0.794  -0.000102543
-0.793  -0.00010031
-0.792  -9.99949e-05
-0.791  -9.92252e-05
-0.79  -9.81523e-05
-0.789  -9.81504e-05
-0.788  -0.000101592
-0.787  -9.65066e-05
-0.786  -9.93615e-05
-0.785  -9.99889e-05
-0.784  -0.000105103
-0.783  -0.000103963
-0.782  -0.000115605
-0.781  -0.000110183
-0.78  -0.000109001
-0.779  -0.000112091
-0.778  -0.00011407
-0.777  -0.000110581
-0.776  -0.000108724
-0.775  -0.000106044
-0.774  -0.000102434
-0.773  -0.000103396
-0.772  -0.000101338
-0.771  -9.8658e-05
-0.77  -0.000100934
-0.769  -9.69287e-05
-0.768  -9.87115e-05
-0.767  -9.51897e-05
-0.766  -9.10499e-05
-0.765  -8.92562e-05
-0.764  -9.19667e-05
-0.763  -8.63157e-05
-0.762  -8.68902e-05
-0.761  -8.62308e-05
-0.76  -8.91517e-05
-0.759  -8.81113e-05
-0.758  -9.47111e-05
-0.757  -9.08033e-05
-0.756  -9.18825e-05
-0.755  -9.6575e-05
-0.754  -9.85169e-05
-0.753  -9.935e-05
-0.752  -0.000108471
-0.751  -0.000105113
-0.75  -0.000105911
-0.749  -0.000111394
-0.748  -0.000112276
-0.747  -0.000114068
-0.746  -0.000112367
-0.745  -0.000109053
-0.744  -0.000107892
-0.743  -0.000108648
-0.742  -0.000107606
-0.741  -9.99748e-05
-0.74  -0.000103601
-0.739  -9.59877e-05
-0.738  -0.000100196
-0.737  -0.000102965
-0.736  -9.86508e-05
-0.735  -9.82383e-05
-0.734  -0.000101413
-0.733  -9.91345e-05
-0.732  -9.55627e-05
-0.731  -9.2264e-05
-0.73  -9.05631e-05
-0.729  -9.06478e-05
-0.728  -9.19229e-05
-0.727  -8.58936e-05
-0.726  -8.66547e-05
-0.725  -8.55064e-05
-0.724  -9.02185e-05
-0.723  -9.39004e-05
-0.722  -9.99952e-05
-0.721  -9.74514e-05
-0.72  -9.73381e-05
-0.719  -0.000101807
-0.718  -9.57679e-05
-0.717  -9.23776e-05
-0.716  -8.8395e-05
-0.715  -8.22854e-05
-0.714  -7.75222e-05
-0.713  -8.16666e-05
-0.712  -8.3545e-05
-0.711  -7.88215e-05
-0.71  -8.00221e-05
-0.709  -7.50101e-05
-0.708  -7.99066e-05
-0.707  -8.13865e-05
-0.706  -8.19398e-05
-0.705  -8.1396e-05
-0.704  -8.17646e-05
-0.703  -8.20688e-05
-0.702  -7.74197e-05
-0.701  -7.65467e-05
-0.7  -7.15376e-05
-0.699  -7.54115e-05
-0.698  -7.93268e-05
-0.697  -7.5719e-05
-0.696  -7.99496e-05
-0.695  -7.93812e-05
-0.694  -8.1636e-05
-0.693  -8.23932e-05
-0.692  -8.81011e-05
-0.691  -8.63469e-05
-0.69  -8.91812e-05
-0.689  -9.5383e-05
-0.688  -8.99917e-05
-0.687  -8.90561e-05
-0.686  -8.59725e-05
-0.685  -8.17447e-05
-0.684  -7.44093e-05
-0.683  -7.58057e-05
-0.682  -7.75384e-05
-0.681  -7.76454e-05
-0.68  -7.86353e-05
-0.679  -7.46642e-05
-0.678  -8.194e-05
-0.677  -7.80331e-05
-0.676  -7.86264e-05
-0.675  -8.00352e-05
-0.674  -8.42467e-05
-0.673  -8.37436e-05
-0.672  -7.94422e-05
-0.671  -7.88596e-05
-0.67  -7.33438e-05
-0.669  -7.92029e-05
-0.668  -7.96304e-05
-0.667  -7.40966e-05
-0.666  -7.90068e-05
-0.665  -8.24447e-05
-0.664  -8.52037e-05
-0.663  -8.50306e-05
-0.662  -8.56316e-05
-0.661  -8.43533e-05
-0.66  -8.59002e-05
-0.659  -8.81171e-05
-0.658  -8.50814e-05
-0.657  -8.71111e-05
-0.656  -7.77981e-05
-0.655  -7.23944e-05
-0.654  -6.38863e-05
-0.653  -6.50387e-05
-0.652  -6.51899e-05
-0.651  -6.63235e-05
-0.65  -6.43964e-05
-0.649  -6.13561e-05
-0.648  -6.86446e-05
-0.647  -6.51003e-05
-0.646  -6.51411e-05
-0.645  -6.69158e-05
-0.644  -6.8262e-05
-0.643  -6.7006e-05
-0.642  -6.34734e-05
-0.641  -6.37043e-05
-0.64  -5.83038e-05
-0.639  -6.33336e-05
-0.638  -5.88509e-05
-0.637  -5.79519e-05
-0.636  -6.54672e-05
-0.635  -6.76875e-05
-0.634  -6.69892e-05
-0.633  -6.58998e-05
-0.632  -6.67325e-05
-0.631  -6.8748e-05
-0.63  -6.82251e-05
-0.629  -7.21218e-05
-0.628  -6.86973e-05
-0.627  -7.36626e-05
-0.626  -6.71548e-05
-0.625  -6.71933e-05
-0.624  -6.3489e-05
-0.623  -6.39746e-05
-0.622  -6.55839e-05
-0.621  -6.5894e-05
-0.62  -6.97853e-05
-0.619  -6.71628e-05
-0.618  -7.45392e-05
-0.617  -6.52997e-05
-0.616  -7.03011e-05
-0.615  -7.70663e-05
-0.614  -7.81942e-05
-0.613  -7.59402e-05
-0.612  -7.31477e-05
-0.611  -7.68047e-05
-0.61  -7.1328e-05
-0.609  -7.71258e-05
-0.608  -7.16175e-05
-0.607  -6.99466e-05
-0.606  -7.48096e-05
-0.605  -7.69359e-05
-0.604  -7.77199e-05
-0.603  -7.31035e-05
-0.602  -7.68497e-05
-0.601  -7.6645e-05
-0.6  -7.85771e-05
-0.599  -8.04496e-05
-0.598  -8.48425e-05
-0.597  -8.76475e-05
-0.596  -8.26225e-05
-0.595  -8.03066e-05
-0.594  -7.69351e-05
-0.593  -7.73285e-05
-0.592  -7.52938e-05
-0.591  -7.57248e-05
-0.59  -7.70496e-05
-0.589  -7.78245e-05
-0.588  -8.50724e-05
-0.587  -7.87957e-05
-0.586  -8.12853e-05
-0.585  -8.52564e-05
-0.584  -8.94542e-05
-0.583  -8.91322e-05
-0.582  -8.74498e-05
-0.581  -9.3356e-05
-0.58  -8.75793e-05
-0.579  -8.57311e-05
-0.578  -7.88768e-05
-0.577  -8.05397e-05
-0.576  -8.41602e-05
-0.575  -8.56806e-05
-0.574  -8.31251e-05
-0.573  -8.08108e-05
-0.572  -8.28598e-05
-0.571  -8.20161e-05
-0.57  -8.08724e-05
-0.569  -8.0394e-05
-0.568  -8.10325e-05
-0.567  -8.39476e-05
-0.566  -8.13139e-05
-0.565  -7.44536e-05
-0.564  -6.65159e-05
-0.563  -7.08385e-05
-0.562  -6.8373e-05
-0.561  -7.28789e-05
-0.56  -7.84801e-05
-0.559  -8.54781e-05
-0.558  -8.82418e-05
-0.557  -8.73848e-05
-0.556  -8.87111e-05
-0.555  -9.34393e-05
-0.554  -9.43506e-05
-0.553  -9.10317e-05
-0.552  -9.26536e-05
-0.551  -9.69254e-05
-0.55  -9.34427e-05
-0.549  -9.17515e-05
-0.548  -8.65123e-05
-0.547  -8.58294e-05
-0.546  -9.35853e-05
-0.545  -9.73849e-05
-0.544  -9.07833e-05
-0.543  -8.60202e-05
-0.542  -8.75271e-05
-0.541  -8.41326e-05
-0.54  -7.87394e-05
-0.539  -7.86919e-05
-0.538  -7.7525e-05
-0.537  -8.1553e-05
-0.536  -7.6216e-05
-0.535  -7.5353e-05
-0.534  -7.39083e-05
-0.533  -7.25366e-05
-0.532  -6.97434e-05
-0.531  -7.75756e-05
-0.53  -8.26725e-05
-0.529  -8.55915e-05
-0.528  -8.79233e-05
-0.527  -8.56389e-05
-0.526  -8.93931e-05
-0.525  -9.37887e-05
-0.524  -9.64965e-05
-0.523  -9.20739e-05
-0.522  -9.5945e-05
-0.521  -9.87585e-05
-0.52  -9.3409e-05
-0.519  -9.05394e-05
-0.518  -8.82083e-05
-0.517  -9.17829e-05
-0.516  -9.66769e-05
-0.515  -9.77516e-05
-0.514  -9.82615e-05
-0.513  -9.39335e-05
-0.512  -8.85812e-05
-0.511  -8.64097e-05
-0.51  -8.51352e-05
-0.509  -8.54136e-05
-0.508  -8.31095e-05
-0.507  -8.13688e-05
-0.506  -7.43254e-05
-0.505  -7.4526e-05
-0.504  -7.28108e-05
-0.503  -6.92276e-05
-0.502  -6.81607e-05
-0.501  -7.69329e-05
-0.5  -8.10565e-05
-0.499  -8.33943e-05
-0.498  -8.28718e-05
-0.497  -8.22147e-05
-0.496  -8.63444e-05
-0.495  -8.71144e-05
-0.494  -8.83892e-05
-0.493  -8.79196e-05
-0.492  -8.92463e-05
-0.491  -8.81185e-05
-0.49  -8.24252e-05
-0.489  -8.36866e-05
-0.488  -8.70788e-05
-0.487  -9.01315e-05
-0.486  -9.26647e-05
-0.485  -9.3388e-05
-0.484  -9.68433e-05
-0.483  -9.41497e-05
-0.482  -8.57966e-05
-0.481  -8.62946e-05
-0.48  -8.49508e-05
-0.479  -9.16924e-05
-0.478  -9.01332e-05
-0.477  -8.41782e-05
-0.476  -7.98484e-05
-0.475  -8.33254e-05
-0.474  -8.43202e-05
-0.473  -8.5674e-05
-0.472  -8.98843e-05
-0.471  -0.00010071
-0.47  -0.00010409
-0.469  -0.000103734
-0.468  -0.000103177
-0.467  -0.000101223
-0.466  -0.000105235
-0.465  -0.000102637
-0.464  -9.96322e-05
-0.463  -0.000101388
-0.462  -9.75172e-05
-0.461  -9.24566e-05
-0.46  -8.24159e-05
-0.459  -8.40907e-05
-0.458  -9.17199e-05
-0.457  -9.15013e-05
-0.456  -9.12871e-05
-0.455  -8.59373e-05
-0.454  -8.74707e-05
-0.453  -8.49346e-05
-0.452  -7.71772e-05
-0.451  -7.63509e-05
-0.45  -7.22631e-05
-0.449  -7.61126e-05
-0.448  -7.53604e-05
-0.447  -7.11818e-05
-0.446  -7.03744e-05
-0.445  -7.58904e-05
-0.444  -7.42105e-05
-0.443  -8.0758e-05
-0.442  -8.58991e-05
-0.441  -9.22115e-05
-0.44  -9.38295e-05
-0.439  -9.22884e-05
-0.438  -9.10841e-05
-0.437  -9.13948e-05
-0.436  -9.55502e-05
-0.435  -9.25129e-05
-0.434  -8.87628e-05
-0.433  -8.75994e-05
-0.432  -8.30586e-05
-0.431  -8.45804e-05
-0.43  -8.04274e-05
-0.429  -8.43239e-05
-0.428  -8.81217e-05
-0.427  -8.83587e-05
-0.426  -9.08509e-05
-0.425  -9.17907e-05
-0.424  -9.20954e-05
-0.423  -8.94906e-05
-0.422  -8.61981e-05
-0.421  -8.41731e-05
-0.42  -8.15305e-05
-0.419  -8.59448e-05
-0.418  -8.40211e-05
-0.417  -8.11623e-05
-0.416  -7.98098e-05
-0.415  -8.64332e-05
-0.414  -9.03022e-05
-0.413  -9.62718e-05
-0.412  -9.60812e-05
-0.411  -9.56935e-05
-0.41  -9.5901e-05
-0.409  -9.74801e-05
-0.408  -9.41419e-05
-0.407  -8.96506e-05
-0.406  -9.10377e-05
-0.405  -9.12078e-05
-0.404  -9.06073e-05
-0.403  -8.98222e-05
-0.402  -8.50262e-05
-0.401  -8.52574e-05
-0.4  -8.42983e-05
-0.399  -8.8219e-05
-0.398  -9.53196e-05
-0.397  -9.65042e-05
-0.396  -9.51102e-05
-0.395  -8.97665e-05
-0.394  -8.81959e-05
-0.393  -8.86595e-05
-0.392  -9.04936e-05
-0.391  -8.8105e-05
-0.39  -8.69704e-05
-0.389  -9.45493e-05
-0.388  -9.5781e-05
-0.387  -9.48666e-05
-0.386  -9.2223e-05
-0.385  -9.75413e-05
-0.384  -9.95197e-05
-0.383  -0.000106721
-0.382  -0.000106025
-0.381  -0.000104413
-0.38  -0.000106996
-0.379  -0.000106668
-0.378  -0.000102962
-0.377  -9.95815e-05
-0.376  -0.000103029
-0.375  -0.000104298
-0.374  -0.000103615
-0.373  -0.000101507
-0.372  -9.90019e-05
-0.371  -9.54872e-05
-0.37  -9.22095e-05
-0.369  -9.21311e-05
-0.368  -9.56093e-05
-0.367  -9.61814e-05
-0.366  -9.35937e-05
-0.365  -8.95917e-05
-0.364  -8.63475e-05
-0.363  -8.95223e-05
-0.362  -9.09295e-05
-0.361  -8.57844e-05
-0.36  -8.41199e-05
-0.359  -9.04739e-05
-0.358  -9.1899e-05
-0.357  -9.04071e-05
-0.356  -9.05617e-05
-0.355  -9.34779e-05
-0.354  -9.57726e-05
-0.353  -9.7443e-05
-0.352  -9.90876e-05
-0.351  -0.000102263
-0.35  -0.000105122
-0.349  -0.000105665
-0.348  -0.000105815
-0.347  -0.000102138
-0.346  -0.000101903
-0.345  -0.00010433
-0.344  -0.000101607
-0.343  -9.9859e-05
-0.342  -0.000101414
-0.341  -9.98649e-05
-0.34  -9.62107e-05
-0.339  -9.57567e-05
-0.338  -9.73018e-05
-0.337  -9.69326e-05
-0.336  -9.43969e-05
-0.335  -9.31107e-05
-0.334  -9.33977e-05
-0.333  -9.42443e-05
-0.332  -9.0979e-05
-0.331  -8.90454e-05
-0.33  -8.65967e-05
-0.329  -8.86609e-05
-0.328  -9.27281e-05
-0.327  -9.59082e-05
-0.326  -9.38455e-05
-0.325  -9.57644e-05
-0.324  -9.71506e-05
-0.323  -9.36127e-05
-0.322  -9.13285e-05
-0.321  -9.78152e-05
-0.32  -9.66285e-05
-0.319  -9.80158e-05
-0.318  -9.81368e-05
-0.317  -9.72422e-05
-0.316  -9.75505e-05
-0.315  -0.000100616
-0.314  -0.000102006
-0.313  -9.41811e-05
-0.312  -9.60439e-05
-0.311  -9.62283e-05
-0.31  -9.10133e-05
-0.309  -8.9891e-05
-0.308  -9.01052e-05
-0.307  -9.29422e-05
-0.306  -8.99525e-05
-0.305  -8.87441e-05
-0.304  -8.78891e-05
-0.303  -9.20317e-05
-0.302  -8.80791e-05
-0.301  -8.9947e-05
-0.3  -9.119e-05
-0.299  -9.34535e-05
-0.298  -9.66561e-05
-0.297  -9.90587e-05
-0.296  -9.83846e-05
-0.295  -9.65382e-05
-0.294  -0.000101017
-0.293  -9.7997e-05
-0.292  -9.7407e-05
-0.291  -0.000104356
-0.29  -0.000102294
-0.289  -9.9713e-05
-0.288  -9.68979e-05
-0.287  -9.58772e-05
-0.286  -9.65775e-05
-0.285  -0.000102255
-0.284  -0.000101153
-0.283  -9.6432e-05
-0.282  -9.90959e-05
-0.281  -9.37892e-05
-0.28  -8.80246e-05
-0.279  -8.38763e-05
-0.278  -8.03874e-05
-0.277  -7.93262e-05
-0.276  -7.94754e-05
-0.275  -8.23882e-05
-0.274  -8.23537e-05
-0.273  -8.27142e-05
-0.272  -7.79503e-05
-0.271  -7.85002e-05
-0.27  -7.93479e-05
-0.269  -7.72481e-05
-0.268  -8.26913e-05
-0.267  -8.20684e-05
-0.266  -7.93604e-05
-0.265  -8.04375e-05
-0.264  -8.31895e-05
-0.263  -8.27991e-05
-0.262  -8.56857e-05
-0.261  -9.24768e-05
-0.26  -9.68682e-05
-0.259  -9.51872e-05
-0.258  -9.38594e-05
-0.257  -8.94555e-05
-0.256  -8.54399e-05
-0.255  -8.71064e-05
-0.254  -8.76955e-05
-0.253  -8.57468e-05
-0.252  -8.85795e-05
-0.251  -8.99533e-05
-0.25  -9.10076e-05
-0.249  -8.73793e-05
-0.248  -8.47828e-05
-0.247  -8.46266e-05
-0.246  -8.45337e-05
-0.245  -8.57454e-05
-0.244  -8.47028e-05
-0.243  -8.63124e-05
-0.242  -8.00647e-05
-0.241  -7.75219e-05
-0.24  -7.95167e-05
-0.239  -7.59086e-05
-0.238  -8.00334e-05
-0.237  -8.05606e-05
-0.236  -8.07999e-05
-0.235  -8.40064e-05
-0.234  -8.5337e-05
-0.233  -8.52054e-05
-0.232  -8.70918e-05
-0.231  -9.15034e-05
-0.23  -9.25943e-05
-0.229  -9.31102e-05
-0.228  -9.2539e-05
-0.227  -8.86166e-05
-0.226  -8.57454e-05
-0.225  -8.3892e-05
-0.224  -8.32137e-05
-0.223  -8.58568e-05
-0.222  -8.55846e-05
-0.221  -8.88832e-05
-0.22  -9.30038e-05
-0.219  -9.29792e-05
-0.218  -9.42345e-05
-0.217  -9.53791e-05
-0.216  -9.28523e-05
-0.215  -9.61941e-05
-0.214  -9.54455e-05
-0.213  -9.32466e-05
-0.212  -9.0384e-05
-0.211  -8.8768e-05
-0.21  -9.01312e-05
-0.209  -8.79952e-05
-0.208  -9.06962e-05
-0.207  -8.94031e-05
-0.206  -8.96671e-05
-0.205  -9.18983e-05
-0.204  -8.85279e-05
-0.203  -9.16585e-05
-0.202  -8.95262e-05
-0.201  -9.28284e-05
-0.2  -9.29328e-05
-0.199  -9.27811e-05
-0.198  -9.05803e-05
-0.197  -8.81099e-05
-0.196  -8.53982e-05
-0.195  -8.36852e-05
-0.194  -8.68436e-05
-0.193  -8.61594e-05
-0.192  -8.76394e-05
-0.191  -9.16238e-05
-0.19  -9.45883e-05
-0.189  -9.53733e-05
-0.188  -9.99373e-05
-0.187  -0.000100006
-0.186  -9.58997e-05
-0.185  -0.000103907
-0.184  -0.000102497
-0.183  -0.000101638
-0.182  -9.836e-05
-0.181  -9.51025e-05
-0.18  -9.42353e-05
-0.179  -9.04866e-05
-0.178  -8.94598e-05
-0.177  -9.08635e-05
-0.176  -9.02618e-05
-0.175  -8.85395e-05
-0.174  -8.61437e-05
-0.173  -8.77046e-05
-0.172  -8.37761e-05
-0.171  -8.31565e-05
-0.17  -8.5024e-05
-0.169  -8.008e-05
-0.168  -7.95365e-05
-0.167  -8.10222e-05
-0.166  -7.44529e-05
-0.165  -7.44591e-05
-0.164  -7.86533e-05
-0.163  -7.74839e-05
-0.162  -8.08397e-05
-0.161  -8.40717e-05
-0.16  -8.6356e-05
-0.159  -8.69304e-05
-0.158  -8.69854e-05
-0.157  -8.61404e-05
-0.156  -8.67161e-05
-0.155  -9.45078e-05
-0.154  -9.30911e-05
-0.153  -9.17101e-05
-0.152  -9.06351e-05
-0.151  -8.49442e-05
-0.15  -8.5282e-05
-0.149  -8.32392e-05
-0.148  -8.1222e-05
-0.147  -8.3256e-05
-0.146  -8.35477e-05
-0.145  -8.00185e-05
-0.144  -8.06782e-05
-0.143  -7.9588e-05
-0.142  -7.65259e-05
-0.141  -7.68238e-05
-0.14  -7.99936e-05
-0.139  -7.5553e-05
-0.138  -7.79869e-05
-0.137  -7.65806e-05
-0.136  -7.14245e-05
-0.135  -7.29909e-05
-0.134  -7.87923e-05
-0.133  -8.16377e-05
-0.132  -8.23884e-05
-0.131  -8.41435e-05
-0.13  -8.60619e-05
-0.129  -8.34299e-05
-0.128  -8.38556e-05
-0.127  -7.88276e-05
-0.126  -7.70311e-05
-0.125  -8.05463e-05
-0.124  -8.08614e-05
-0.123  -7.73608e-05
-0.122  -7.48956e-05
-0.121  -6.94179e-05
-0.12  -6.95959e-05
-0.119  -6.84548e-05
-0.118  -7.50378e-05
-0.117  -9.32451e-05
-0.116  -0.000129887
-0.115  -0.0001858
-0.114  -0.00027347
-0.113  -0.000408556
-0.112  -0.000601953
-0.111  -0.000879671
-0.11  -0.00125878
-0.109  -0.00175085
-0.108  -0.00239441
-0.107  -0.00322053
-0.106  -0.00424065
-0.105  -0.00550121
-0.104  -0.00704625
-0.103  -0.00889084
-0.102  -0.0110686
-0.101  -0.0136352
-0.1  -0.0166013
-0.099  -0.0200058
-0.098  -0.0238928
-0.097  -0.0282797
-0.096  -0.0332019
-0.095  -0.0386706
-0.094  -0.044708
-0.093  -0.0513065
-0.092  -0.0584719
-0.091  -0.0662279
-0.09  -0.074592
-0.089  -0.0835367
-0.088  -0.0930577
-0.087  -0.103126
-0.086  -0.113757
-0.085  -0.124908
-0.084  -0.136586
-0.083  -0.148755
-0.082  -0.161363
-0.081  -0.174439
-0.08  -0.187924
-0.079  -0.201762
-0.078  -0.21597
-0.077  -0.230522
-0.076  -0.245364
-0.075  -0.260477
-0.074  -0.275867
-0.073  -0.29148
-0.072  -0.307285
-0.071  -0.323257
-0.07  -0.339363
-0.069  -0.355576
-0.068  -0.37191
-0.067  -0.388295
-0.066  -0.404725
-0.065  -0.421144
-0.064  -0.437576
-0.063  -0.453982
-0.062  -0.470305
-0.061  -0.486549
-0.06  -0.502714
-0.059  -0.518748
-0.058  -0.53463
-0.057  -0.55036
-0.056  -0.565914
-0.055  -0.581261
-0.054  -0.596423
-0.053  -0.611365
-0.052  -0.626068
-0.051  -0.640547
-0.05  -0.654786
-0.049  -0.668763
-0.048  -0.682495
-0.047  -0.695951
-0.046  -0.709155
-0.045  -0.722097
-0.044  -0.734761
-0.043  -0.747162
-0.042  -0.759315
-0.041  -0.771181
-0.04  -0.782765
-0.039  -0.794073
-0.038  -0.805106
-0.037  -0.815848
-0.036  -0.826306
-0.035  -0.836491
-0.034  -0.846387
-0.033  -0.856002
-0.032  -0.865334
-0.031  -0.874369
-0.03  -0.883109
-0.029  -0.891563
-0.028  -0.899728
-0.027  -0.907607
-0.026  -0.91516
-0.025  -0.922419
-0.024  -0.929388
-0.023  -0.936041
-0.022  -0.9424
-0.021  -0.948469
-0.02  -0.954224
-0.019  -0.959706
-0.018  -0.964896
-0.017  -0.969788
-0.016  -0.974396
-0.015  -0.978734
-0.014  -0.982749
-0.013  -0.986493
-0.012  -0.989964
-0.011  -0.993149
-0.01  -0.996049
-0.009  -0.998664
-0.008  -1.001
-0.007  -1.00306
-0.006  -1.00487
-0.005  -1.0064
-0.004  -1.00766
-0.003  -1.00868
-0.002  -1.00944
-0.001  -1.00996
0  -1.01021
0.001  -1.01023
0.002  -1.01001
0.003  -1.00954
0.004  -1.00883
0.005  -1.00794
0.006  -1.00678
0.007  -1.00542
0.008  -1.00386
0.009  -1.0021
0.01  -1.00016
0.011  -0.998026
0.012  -0.99571
0.013  -0.993237
0.014  -0.990598
0.015  -0.987807
0.016  -0.98487
0.017  -0.981767
0.018  -0.978531
0.019  -0.97517
0.02  -0.971691
0.021  -0.968103
0.022  -0.964407
0.023  -0.960618
0.024  -0.95674
0.025  -0.952782
0.026  -0.948724
0.027  -0.944621
0.028  -0.940448
0.029  -0.936202
0.03  -0.931917
0.031  -0.927588
0.032  -0.923193
0.033  -0.918744
0.034  -0.91426
0.035  -0.909729
0.036  -0.905161
0.037  -0.900567
0.038  -0.895939
0.039  -0.891305
0.04  -0.886648
0.041  -0.881961
0.042  -0.877226
0.043  -0.87248
0.044  -0.86773
0.045  -0.862955
0.046  -0.858158
0.047  -0.853328
0.048  -0.848495
0.049  -0.843628
0.05  -0.838758
0.051  -0.833891
0.052  -0.829039
0.053  -0.824184
0.054  -0.819326
0.055  -0.814474
0.056  -0.809628
0.057  -0.8048
0.058  -0.799965
0.059  -0.79511
0.06  -0.790286
0.061  -0.785494
0.062  -0.780715
0.063  -0.775918
0.064  -0.771171
0.065  -0.766426
0.066  -0.761701
0.067  -0.757019
0.068  -0.752351
0.069  -0.747698
0.07  -0.743055
0.071  -0.738428
0.072  -0.733801
0.073  -0.729196
0.074  -0.724628
0.075  -0.720044
0.076  -0.715486
0.077  -0.710959
0.078  -0.706461
0.079  -0.701971
0.08  -0.697485
0.081  -0.693004
0.082  -0.6886
0.083  -0.684206
0.084  -0.679827
0.085  -0.675459
0.086  -0.671133
0.087  -0.666854
0.088  -0.662585
0.089  -0.658354
0.09  -0.654152
0.091  -0.649978
0.092  -0.645854
0.093  -0.641748
0.094  -0.637702
0.095  -0.633673
0.096  -0.629657
0.097  -0.625684
0.098  -0.621744
0.099  -0.617819
0.1  -0.613934
0.101  -0.610052
0.102  -0.606205
0.103  -0.602378
0.104  -0.598593
0.105  -0.594806
0.106  -0.591018
0.107  -0.587287
0.108  -0.583558
0.109  -0.579862
0.11  -0.576191
0.111  -0.572501
0.112  -0.568841
0.113  -0.565189
0.114  -0.561555
0.115  -0.557935
0.116  -0.55437
0.117  -0.550803
0.118  -0.547276
0.119  -0.543797
0.12  -0.540322
0.121  -0.536848
0.122  -0.533415
0.123  -0.530011
0.124  -0.52663
0.125  -0.523279
0.126  -0.519951
0.127  -0.516616
0.128  -0.513305
0.129  -0.51
0.13  -0.506745
0.131  -0.503498
0.132  -0.500299
0.133  -0.497108
0.134  -0.493929
0.135  -0.490738
0.136  -0.487566
0.137  -0.484427
0.138  -0.481252
0.139  -0.478136
0.14  -0.475026
0.141  -0.471928
0.142  -0.468808
0.143  -0.465699
0.144  -0.462616
0.145  -0.459542
0.146  -0.456541
0.147  -0.453517
0.148  -0.450527
0.149  -0.447561
0.15  -0.444606
0.151  -0.441657
0.152  -0.438726
0.153  -0.435817
0.154  -0.432936
0.155  -0.430071
0.156  -0.427229
0.157  -0.424392
0.158  -0.421557
0.159  -0.418735
0.16  -0.415944
0.161  -0.413189
0.162  -0.410454
0.163  -0.407725
0.164  -0.404978
0.165  -0.402224
0.166  -0.399491
0.167  -0.396766
0.168  -0.394022
0.169  -0.391315
0.17  -0.388608
0.171  -0.38592
0.172  -0.383209
0.173  -0.380509
0.174  -0.377845
0.175  -0.375174
0.176  -0.372547
0.177  -0.369902
0.178  -0.367283
0.179  -0.36469
0.18  -0.362087
0.181  -0.359514
0.182  -0.356936
0.183  -0.354394
0.184  -0.351873
0.185  -0.349362
0.186  -0.346851
0.187  -0.344365
0.188  -0.341874
0.189  -0.33939
0.19  -0.336947
0.191  -0.334524
0.192  -0.33213
0.193  -0.329717
0.194  -0.32731
0.195  -0.324892
0.196  -0.322506
0.197  -0.320141
0.198  -0.317734
0.199  -0.315372
0.2  -0.313002
0.201  -0.310656
0.202  -0.308305
0.203  -0.305951
0.204  -0.303637
0.205  -0.301348
0.206  -0.299074
0.207  -0.296807
0.208  -0.294556
0.209  -0.292308
0.21  -0.290087
0.211  -0.28786
0.212  -0.285652
0.213  -0.283481
0.214  -0.281332
0.215  -0.2792
0.216  -0.277056
0.217  -0.274967
0.218  -0.272876
0.219  -0.270794
0.22  -0.268731
0.221  -0.266696
0.222  -0.264694
0.223  -0.262682
0.224  -0.260701
0.225  -0.258703
0.226  -0.256741
0.227  -0.254771
0.228  -0.252809
0.229  -0.25088
0.23  -0.248959
0.231  -0.247062
0.232  -0.245154
0.233  -0.243272
0.234  -0.241423
0.235  -0.239589
0.236  -0.237771
0.237  -0.235954
0.238  -0.234166
0.239  -0.232405
0.24  -0.230642
0.241  -0.228895
0.242  -0.227171
0.243  -0.225459
0.244  -0.2238
0.245  -0.22214
0.246  -0.220527
0.247  -0.218919
0.248  -0.217325
0.249  -0.215739
0.25  -0.214171
0.251  -0.212641
0.252  -0.211119
0.253  -0.209589
0.254  -0.208104
0.255  -0.206609
0.256  -0.205165
0.257  -0.203712
0.258  -0.202262
0.259  -0.20085
0.26  -0.199447
0.261  -0.198043
0.262  -0.19664
0.263  -0.195248
0.264  -0.193904
0.265  -0.192539
0.266  -0.191218
0.267  -0.189889
0.268  -0.188587
0.269  -0.187309
0.27  -0.186018
0.271  -0.184751
0.272  -0.183498
0.273  -0.182255
0.274  -0.18103
0.275  -0.179803
0.276  -0.17862
0.277  -0.177448
0.278  -0.176273
0.279  -0.175102
0.28  -0.173951
0.281  -0.172849
0.282  -0.171732
0.283  -0.170602
0.284  -0.169511
0.285  -0.1684
0.286  -0.167323
0.287  -0.166257
0.288  -0.165187
0.289  -0.164132
0.29  -0.163085
0.291  -0.162046
0.292  -0.160983
0.293  -0.159942
0.294  -0.158945
0.295  -0.1579
0.296  -0.156887
0.297  -0.155873
0.298  -0.154863
0.299  -0.153881
0.3  -0.152872
0.301  -0.15188
0.302  -0.150893
0.303  -0.149924
0.304  -0.148955
0.305  -0.147974
0.306  -0.147019
0.307  -0.146062
0.308  -0.145119
0.309  -0.144179
0.31  -0.143237
0.311  -0.142329
0.312  -0.141414
0.313  -0.140479
0.314  -0.13959
0.315  -0.138683
0.316  -0.137795
0.317  -0.136909
0.318  -0.136011
0.319  -0.135125
0.32  -0.13423
0.321  -0.133351
0.322  -0.132442
0.323  -0.131558
0.324  -0.130716
0.325  -0.129813
0.326  -0.128964
0.327  -0.128104
0.328  -0.127226
0.329  -0.126364
0.33  -0.125512
0.331  -0.12465
0.332  -0.123797
0.333  -0.122948
0.334  -0.122092
0.335  -0.121236
0.336  -0.1204
0.337  -0.119573
0.338  -0.11875
0.339  -0.117959
0.34  -0.117147
0.341  -0.116351
0.342  -0.115556
0.343  -0.11475
0.344  -0.11398
0.345  -0.113177
0.346  -0.112406
0.347  -0.111621
0.348  -0.110848
0.349  -0.110073
0.35  -0.109316
0.351  -0.108559
0.352  -0.107777
0.353  -0.107031
0.354  -0.106309
0.355  -0.105571
0.356  -0.10486
0.357  -0.104132
0.358  -0.10338
0.359  -0.102646
0.36  -0.101945
0.361  -0.101238
0.362  -0.100528
0.363  -0.099844
0.364  -0.0991535
0.365  -0.0984701
0.366  -0.097814
0.367  -0.0971509
0.368  -0.0964949
0.369  -0.095853
0.37  -0.0952084
0.371  -0.0945805
0.372  -0.0939536
0.373  -0.0933266
0.374  -0.092709
0.375  -0.0920628
0.376  -0.0914674
0.377  -0.0908678
0.378  -0.0902897
0.379  -0.0896939
0.38  -0.0891205
0.381  -0.0885536
0.382  -0.0879722
0.383  -0.0873991
0.384  -0.0868368
0.385  -0.0862999
0.386  -0.0857756
0.387  -0.085242
0.388  -0.0847034
0.389  -0.084162
0.39  -0.0836566
0.391  -0.083156
0.392  -0.0826396
0.393  -0.0821622
0.394  -0.0816913
0.395  -0.0812051
0.396  -0.0807428
0.397  -0.0802725
0.398  -0.0798075
0.399  -0.0793531
0.4  -0.078906
0.401  -0.0784515
0.402  -0.0780223
0.403  -0.077595
0.404  -0.077157
0.405  -0.076709
0.406  -0.0762937
0.407  -0.0758751
0.408  -0.0754756
0.409  -0.0750575
0.41  -0.0746492
0.411  -0.0742599
0.412  -0.0738469
0.413  -0.0734329
0.414  -0.07303
0.415  -0.0726492
0.416  -0.0722715
0.417  -0.0718977
0.418  -0.0715181
0.419  -0.0711338
0.42  -0.070781
0.421  -0.0704255
0.422  -0.0700612
0.423  -0.0697109
0.424  -0.0693781
0.425  -0.069021
0.426  -0.0686794
0.427  -0.068326
0.428  -0.0679836
0.429  -0.0676376
0.43  -0.0673049
0.431  -0.0669608
0.432  -0.0666381
0.433  -0.0663138
0.434  -0.0659883
0.435  -0.0656525
0.436  -0.0653357
0.437  -0.065008
0.438  -0.0646889
0.439  -0.0643588
0.44  -0.0640411
0.441  -0.0637152
0.442  -0.0633855
0.443  -0.0630504
0.444  -0.0627289
0.445  -0.0624041
0.446  -0.0620949
0.447  -0.0617881
0.448  -0.0614692
0.449  -0.061144
0.45  -0.0608591
0.451  -0.0605548
0.452  -0.0602598
0.453  -0.0599522
0.454  -0.0596531
0.455  -0.0593351
0.456  -0.0590247
0.457  -0.058717
0.458  -0.0584132
0.459  -0.0581035
0.46  -0.0578019
0.461  -0.057498
0.462  -0.0571951
0.463  -0.0568989
0.464  -0.0566084
0.465  -0.0563052
0.466  -0.0560061
0.467  -0.0557008
0.468  -0.0554001
0.469  -0.0550812
0.47  -0.054786
0.471  -0.0544688
0.472  -0.0541594
0.473  -0.053853
0.474  -0.0535576
0.475  -0.0532636
0.476  -0.0529737
0.477  -0.0526832
0.478  -0.0523835
0.479  -0.0520785
0.48  -0.0518013
0.481  -0.0515202
0.482  -0.0512388
0.483  -0.0509485
0.484  -0.0506622
0.485  -0.0503734
0.486  -0.0500967
0.487  -0.0498313
0.488  -0.0495491
0.489  -0.0492777
0.49  -0.049016
0.491  -0.0487462
0.492  -0.0484826
0.493  -0.0482227
0.494  -0.047967
0.495  -0.0477049
0.496  -0.0474469
0.497  -0.0471883
0.498  -0.0469425
0.499  -0.0466757
0.5  -0.0464212
0.501  -0.0461726
0.502  -0.0459275
0.503  -0.0456954
0.504  -0.0454585
0.505  -0.045234
0.506  -0.0449953
0.507  -0.0447734
0.508  -0.0445402
0.509  -0.0443055
0.51  -0.0440898
0.511  -0.0438825
0.512  -0.0436677
0.513  -0.0434613
0.514  -0.043251
0.515  -0.0430463
0.516  -0.0428432
0.517  -0.0426519
0.518  -0.0424615
0.519  -0.042284
0.52  -0.0421016
0.521  -0.0419115
0.522  -0.0417257
0.523  -0.0415506
0.524  -0.0413633
0.525  -0.0411871
0.526  -0.0410121
0.527  -0.0408446
0.528  -0.0406867
0.529  -0.0405213
0.53  -0.040345
0.531  -0.0401845
0.532  -0.0400263
0.533  -0.0398729
0.534  -0.0397236
0.535  -0.0395861
0.536  -0.0394308
0.537  -0.0392824
0.538  -0.0391311
0.539  -0.0389742
0.54  -0.0388433
0.541  -0.0387088
0.542  -0.0385756
0.543  -0.0384563
0.544  -0.0383261
0.545  -0.0381965
0.546  -0.0380559
0.547  -0.0379199
0.548  -0.0377903
0.549  -0.0376745
0.55  -0.0375524
0.551  -0.0374169
0.552  -0.0372963
0.553  -0.0371724
0.554  -0.0370456
0.555  -0.0369314
0.556  -0.0368123
0.557  -0.0367025
0.558  -0.0365954
0.559  -0.036491
0.56  -0.0363709
0.561  -0.036244
0.562  -0.0361251
0.563  -0.0360121
0.564  -0.0359028
0.565  -0.0358016
0.566  -0.0356898
0.567  -0.0355728
0.568  -0.0354593
0.569  -0.0353356
0.57  -0.0352293
0.571  -0.0351083
0.572  -0.0350022
0.573  -0.0348955
0.574  -0.0347805
0.575  -0.0346632
0.576  -0.0345305
0.577  -0.0343963
0.578  -0.0342705
0.579  -0.0341574
0.58  -0.034042
0.581  -0.0339158
0.582  -0.0337922
0.583  -0.033671
0.584  -0.0335442
0.585  -0.0334296
0.586  -0.0333093
0.587  -0.0331974
0.588  -0.0330888
0.589  -0.0329727
0.59  -0.032858
0.591  -0.032723
0.592  -0.0325992
0.593  -0.0324705
0.594  -0.0323606
0.595  -0.0322447
0.596  -0.0321335
0.597  -0.0320026
0.598  -0.0318729
0.599  -0.0317481
0.6  -0.0316283
0.601  -0.0314958
0.602  -0.0313755
0.603  -0.0312514
0.604  -0.0311273
0.605  -0.0310101
0.606  -0.0308674
0.607  -0.0307316
0.608  -0.0305974
0.609  -0.0304723
0.61  -0.0303501
0.611  -0.0302176
0.612  -0.030097
0.613  -0.0299669
0.614  -0.0298398
0.615  -0.0297202
0.616  -0.0295988
0.617  -0.029492
0.618  -0.0293811
0.619  -0.0292568
0.62  -0.0291443
0.621  -0.029013
0.622  -0.0288881
0.623  -0.0287662
0.624  -0.0286583
0.625  -0.0285491
0.626  -0.0284422
0.627  -0.0283269
0.628  -0.0282081
0.629  -0.0280943
0.63  -0.0279859
0.631  -0.0278713
0.632  -0.0277622
0.633  -0.0276541
0.634  -0.0275465
0.635  -0.0274543
0.636  -0.0273302
0.637  -0.0272214
0.638  -0.0271079
0.639  -0.0270179
0.64  -0.0269322
0.641  -0.0268414
0.642  -0.026741
0.643  -0.02664
0.644  -0.0265447
0.645  -0.0264557
0.646  -0.0263713
0.647  -0.0262922
0.648  -0.026202
0.649  -0.0261126
0.65  -0.0260276
0.651  -0.0259411
0.652  -0.0258573
0.653  -0.0257774
0.654  -0.0256969
0.655  -0.0256249
0.656  -0.0255552
0.657  -0.0254879
0.658  -0.0254003
0.659  -0.0253231
0.66  -0.0252452
0.661  -0.025182
0.662  -0.0251085
0.663  -0.025037
0.664  -0.024965
0.665  -0.0249053
0.666  -0.0248173
0.667  -0.0247519
0.668  -0.0246764
0.669  -0.0246275
0.67  -0.0245716
0.671  -0.0245122
0.672  -0.0244444
0.673  -0.0243827
0.674  -0.0243253
0.675  -0.024257
0.676  -0.0242046
0.677  -0.0241545
0.678  -0.0240911
0.679  -0.0240318
0.68  -0.0239651
0.681  -0.0239109
0.682  -0.0238616
0.683  -0.0238159
0.684  -0.0237537
0.685  -0.0237086
0.686  -0.0236645
0.687  -0.0236233
0.688  -0.0235554
0.689  -0.0234982
0.69  -0.0234444
0.691  -0.0234049
0.692  -0.0233428
0.693  -0.0232857
0.694  -0.0232394
0.695  -0.0231873
0.696  -0.0231162
0.697  -0.0230557
0.698  -0.0230069
0.699  -0.0229648
0.7  -0.0229081
0.701  -0.0228573
0.702  -0.0227926
0.703  -0.0227361
0.704  -0.022685
0.705  -0.0226204
0.706  -0.0225681
0.707  -0.0225226
0.708  -0.0224638
0.709  -0.0224007
0.71  -0.0223346
0.711  -0.022286
0.712  -0.0222292
0.713  -0.0221759
0.714  -0.0221158
0.715  -0.0220698
0.716  -0.022024
0.717  -0.0219676
0.718  -0.0219064
0.719  -0.0218454
0.72  -0.0217817
0.721  -0.0217239
0.722  -0.0216631
0.723  -0.021603
0.724  -0.0215522
0.725  -0.0214854
0.726  -0.0214109
0.727  -0.0213439
0.728  -0.0212862
0.729  -0.0212183
0.73  -0.0211427
0.731  -0.0210868
0.732  -0.0210091
0.733  -0.0209336
0.734  -0.0208616
0.735  -0.0207808
0.736  -0.0207168
0.737  -0.0206472
0.738  -0.0205765
0.739  -0.0205008
0.74  -0.0204285
0.741  -0.0203568
0.742  -0.0202843
0.743  -0.0202097
0.744  -0.0201378
0.745  -0.0200703
0.746  -0.0200028
0.747  -0.0199368
0.748  -0.0198733
0.749  -0.0198068
0.75  -0.0197336
0.751  -0.0196651
0.752  -0.0195983
0.753  -0.0195344
0.754  -0.0194774
0.755  -0.0194056
0.756  -0.0193382
0.757  -0.0192651
0.758  -0.0192059
0.759  -0.0191309
0.76  -0.0190678
0.761  -0.0190024
0.762  -0.0189287
0.763  -0.0188596
0.764  -0.0187972
0.765  -0.0187139
0.766  -0.0186465
0.767  -0.0185809
0.768  -0.0185159
0.769  -0.018445
0.77  -0.0183836
0.771  -0.0183189
0.772  -0.018242
0.773  -0.018178
0.774  -0.0181107
0.775  -0.0180436
0.776  -0.0179792
0.777  -0.0179142
0.778  -0.017852
0.779  -0.017787
0.78  -0.0177244
0.781  -0.017666
0.782  -0.0176083
0.783  -0.0175491
0.784  -0.0175127
0.785  -0.0174563
0.786  -0.0174016
0.787  -0.0173413
0.788  -0.0172889
0.789  -0.0172254
0.79  -0.0171725
0.791  -0.0171303
0.792  -0.0170739
0.793  -0.0170144
0.794  -0.0169582
0.795  -0.0168943
0.796  -0.0168461
0.797  -0.0167983
0.798  -0.0167463
0.799  -0.0166927
0.8  -0.0166427
0.801  -0.0165865
0.802  -0.0165282
0.803  -0.0164734
0.804  -0.0164163
0.805  -0.016353
0.806  -0.0162966
0.807  -0.0162452
0.808  -0.0161888
0.809  -0.0161401
0.81  -0.016082
0.811  -0.0160283
0.812  -0.0159881
0.813  -0.0159397
0.814  -0.0159066
0.815  -0.0158503
0.816  -0.0158092
0.817  -0.0157556
0.818  -0.0157121
0.819  -0.015662
0.82  -0.0156168
0.821  -0.0155791
0.822  -0.0155353
0.823  -0.0154821
0.824  -0.0154324
0.825  -0.0153805
0.826  -0.0153348
0.827  -0.0152898
0.828  -0.0152429
0.829  -0.015198
0.83  -0.0151489
0.831  -0.0150847
0.832  -0.0150332
0.833  -0.0149859
0.834  -0.0149327
0.835  -0.0148729
0.836  -0.0148229
0.837  -0.0147705
0.838  -0.0147105
0.839  -0.0146578
0.84  -0.014594
0.841  -0.0145364
0.842  -0.014489
0.843  -0.0144364
0.844  -0.0143847
0.845  -0.0143207
0.846  -0.0142785
0.847  -0.014218
0.848  -0.0141658
0.849  -0.0141105
0.85  -0.014064
0.851  -0.0140104
0.852  -0.0139577
0.853  -0.0138926
0.854  -0.0138311
0.855  -0.0137662
0.856  -0.0137067
0.857  -0.0136508
0.858  -0.0135919
0.859  -0.0135288
0.86  -0.0134623
0.861  -0.0133884
0.862  -0.01333
0.863  -0.0132752
0.864  -0.0132168
0.865  -0.0131383
0.866  -0.0130751
0.867  -0.0130162
0.868  -0.0129556
0.869  -0.0128928
0.87  -0.0128297
0.871  -0.0127625
0.872  -0.012708
0.873  -0.0126446
0.874  -0.0125886
0.875  -0.0125238
0.876  -0.0124721
0.877  -0.012413
0.878  -0.0123647
0.879  -0.0123092
0.88  -0.0122585
0.881  -0.012199
0.882  -0.0121429
0.883  -0.0120762
0.884  -0.0120185
0.885  -0.0119591
0.886  -0.01189
0.887  -0.0118221
0.888  -0.0117625
0.889  -0.0116937
0.89  -0.0116263
0.891  -0.0115569
0.892  -0.0115052
0.893  -0.0114484
0.894  -0.0113857
0.895  -0.0113106
0.896  -0.0112505
0.897  -0.0111898
0.898  -0.0111311
0.899  -0.0110768
0.9  -0.0110182
0.901  -0.0109552
0.902  -0.0108976
0.903  -0.0108421
0.904  -0.010793
0.905  -0.0107415
0.906  -0.0106908
0.907  -0.0106397
0.908  -0.010596
0.909  -0.0105467
0.91  -0.0104985
0.911  -0.0104436
0.912  -0.0103924
0.913  -0.0103377
0.914  -0.0102861
0.915  -0.0102314
0.916  -0.0101725
0.917  -0.0101153
0.918  -0.0100651
0.919  -0.0100113
0.92  -0.00995547
0.921  -0.00990828
0.922  -0.00985927
0.923  -0.00980621
0.924  -0.00975568
0.925  -0.00970265
0.926  -0.00965049
0.927  -0.00959875
0.928  -0.00955361
0.929  -0.00950818
0.93  -0.00945322
0.931  -0.00940256
0.932  -0.00934815
0.933  -0.00930779
0.934  -0.00926696
0.935  -0.00922446
0.936  -0.00917724
0.937  -0.0091314
0.938  -0.00908646
0.939  -0.00904848
0.94  -0.00900153
0.941  -0.00895966
0.942  -0.00890902
0.943  -0.00885172
0.944  -0.00879658
0.945  -0.00874578
0.946  -0.00869597
0.947  -0.008646
0.948  -0.00860274
0.949  -0.00856676
0.95  -0.00851236
0.951  -0.00847532
0.952  -0.00842453
0.953  -0.00837285
0.954  -0.00832693
0.955  -0.00828596
0.956  -0.00823645
0.957  -0.00818662
0.958  -0.00813936
0.959  -0.00809668
0.96  -0.00804924
0.961  -0.0079996
0.962  -0.00795431
0.963  -0.0079198
0.964  -0.00787787
0.965  -0.00783753
0.966  -0.00778921
0.967  -0.00774868
0.968  -0.00769613
0.969  -0.00766281
0.97  -0.00762163
0.971  -0.00758075
0.972  -0.00753206
0.973  -0.0074771
0.974  -0.0074216
0.975  -0.00737431
0.976  -0.00732864
0.977  -0.00727987
0.978  -0.00723759
0.979  -0.00719912
0.98  -0.00715316
0.981  -0.00711543
0.982  -0.00707203
0.983  -0.00702365
0.984  -0.00697613
0.985  -0.00693679
0.986  -0.00688
0.987  -0.00683393
0.988  -0.00679047
0.989  -0.00674117
0.99  -0.00670048
0.991  -0.00665454
0.992  -0.00661022
0.993  -0.00657212
0.994  -0.00652629
0.995  -0.00648444
0.996  -0.0064373
0.997  -0.00639111
0.998  -0.00633485
0.999  -0.00629219
1  -0.00624297
1.001  -0.00618935
1.002  -0.00614065
1.003  -0.00609143
1.004  -0.0060382
1.005  -0.00599396
1.006  -0.00594311
1.007  -0.00588512
1.008  -0.00584359
1.009  -0.00579418
1.01  -0.00574898
1.011  -0.00570694
1.012  -0.00566038
1.013  -0.00561348
1.014  -0.00556544
1.015  -0.00552122
1.016  -0.00547136
1.017  -0.00542933
1.018  -0.00539004
1.019  -0.00534736
1.02  -0.00531187
1.021  -0.00526995
1.022  -0.00522173
1.023  -0.00518345
1.024  -0.00514337
1.025  -0.00511147
1.026  -0.0050773
1.027  -0.00502924
1.028  -0.00498546
1.029  -0.00495149
1.03  -0.00490831
1.031  -0.00486268
1.032  -0.00482105
1.033  -0.00478422
1.034  -0.00473869
1.035  -0.00470059
1.036  -0.00465148
1.037  -0.00460818
1.038  -0.00456724
1.039  -0.00452207
1.04  -0.00448362
1.041  -0.00445711
1.042  -0.0044165
1.043  -0.004372
1.044  -0.00432925
1.045  -0.00428424
1.046  -0.00424496
1.047  -0.00421148
1.048  -0.00417176
1.049  -0.00413977
1.05  -0.00411287
1.051  -0.00407967
1.052  -0.0040437
1.053  -0.00402029
1.054  -0.00398761
1.055  -0.00396692
1.056  -0.00393452
1.057  -0.00390254
1.058  -0.00387251
1.059  -0.00384953
1.06  -0.00381905
1.061  -0.00378711
1.062  -0.00376229
1.063  -0.00374107
1.064  -0.00370909
1.065  -0.00368482
1.066  -0.00364757
1.067  -0.00361555
1.068  -0.00358264
1.069  -0.00354953
1.07  -0.00351818
1.071  -0.00349458
1.072  -0.00346484
1.073  -0.00343183
1.074  -0.00340162
1.075  -0.00337173
1.076  -0.00334951
1.077  -0.00332988
1.078  -0.00329305
1.079  -0.00326059
1.08  -0.00324159
1.081  -0.00322107
1.082  -0.00319403
1.083  -0.00317683
1.084  -0.00315672
1.085  -0.00314438
1.086  -0.00312159
1.087  -0.00310195
1.088  -0.00307859
1.089  -0.00306411
1.09  -0.00304084
1.091  -0.00301664
1.092  -0.00300201
1.093  -0.0029869
1.094  -0.00296531
1.095  -0.00294321
1.096  -0.00291035
1.097  -0.00289635
1.098  -0.00287167
1.099  -0.00285139
1.1  -0.00282768
1.101  -0.00280498
1.102  -0.00278754
1.103  -0.00276379
1.104  -0.00274491
1.105  -0.00272999
1.106  -0.00271194
1.107  -0.00269692
1.108  -0.00266953
1.109  -0.00264988
1.11  -0.00263317
1.111  -0.0026153
1.112  -0.00259263
1.113  -0.00258036
1.114  -0.00256349
1.115  -0.00255529
1.116  -0.00253372
1.117  -0.00252719
1.118  -0.00250006
1.119  -0.00247653
1.12  -0.00245289
1.121  -0.0024347
1.122  -0.00241635
1.123  -0.00239278
1.124  -0.00237143
1.125  -0.00235387
1.126  -0.00232965
1.127  -0.00230757
1.128  -0.00228431
1.129  -0.00226961
1.13  -0.00224886
1.131  -0.00222647
1.132  -0.00220935
1.133  -0.00218649
1.134  -0.00216584
1.135  -0.00214471
1.136  -0.00212406
1.137  -0.00210813
1.138  -0.00209172
1.139  -0.0020759
1.14  -0.00205444
1.141  -0.00203562
1.142  -0.00201841
1.143  -0.00200387
1.144  -0.00198116
1.145  -0.00196309
1.146  -0.00195195
1.147  -0.00194091
1.148  -0.00191755
1.149  -0.00189892
1.15  -0.00188026
1.151  -0.00185857
1.152  -0.00183868
1.153  -0.00181702
1.154  -0.0018052
1.155  -0.00178599
1.156  -0.00177276
1.157  -0.00176056
1.158  -0.00174278
1.159  -0.0017358
1.16  -0.00172099
1.161  -0.00170186
1.162  -0.00168479
1.163  -0.00166989
1.164  -0.00165565
1.165  -0.00164027
1.166  -0.00162313
1.167  -0.00161205
1.168  -0.0015994
1.169  -0.00158923
1.17  -0.0015769
1.171  -0.00156998
1.172  -0.00156082
1.173  -0.00155562
1.174  -0.00154588
1.175  -0.00153102
1.176  -0.00152453
1.177  -0.00151916
1.178  -0.00150052
1.179  -0.00149462
1.18  -0.00149002
1.181  -0.0014825
1.182  -0.00147373
1.183  -0.00146355
1.184  -0.00145604
1.185  -0.0014445
1.186  -0.00143481
1.187  -0.00143217
1.188  -0.00141675
1.189  -0.00141795
1.19  -0.0014089
1.191  -0.00140047
1.192  -0.00138502
1.193  -0.00138051
1.194  -0.00137682
1.195  -0.0013663
1.196  -0.00136232
1.197  -0.00136715
1.198  -0.00135699
1.199  -0.00135103
1.2  -0.00134142
1.201  -0.00134085
1.202  -0.00134142
1.203  -0.00134077
1.204  -0.0013453
1.205  -0.00133935
1.206  -0.00133591
1.207  -0.0013483
1.208  -0.00133519
1.209  -0.0013401
1.21  -0.00134252
1.211  -0.00134229
1.212  -0.00133181
1.213  -0.00132017
1.214  -0.00131703
1.215  -0.00130727
1.216  -0.00130062
1.217  -0.00131145
1.218  -0.00130264
1.219  -0.00130721
1.22  -0.00130707
1.221  -0.00130973
1.222  -0.00131155
1.223  -0.00131118
1.224  -0.00131462
1.225  -0.00131083
1.226  -0.00130348
1.227  -0.00131423
1.228  -0.00130817
1.229  -0.00130626
1.23  -0.0013089
1.231  -0.00131394
1.232  -0.00132664
1.233  -0.00132052
1.234  -0.001327
1.235  -0.00132075
1.236  -0.00131352
1.237  -0.00132273
1.238  -0.00131418
1.239  -0.00130946
1.24  -0.0013033
1.241  -0.00129595
1.242  -0.00128621
1.243  -0.00127309
1.244  -0.00126923
1.245  -0.00126264
1.246  -0.00125524
1.247  -0.00125566
1.248  -0.00124974
1.249  -0.00124791
1.25  -0.00124723
1.251  -0.00124201
1.252  -0.00125161
1.253  -0.001253
1.254  -0.00125178
1.255  -0.0012422
1.256  -0.00123345
1.257  -0.00124098
1.258  -0.00124264
1.259  -0.00124059
1.26  -0.00124786
1.261  -0.00125143
1.262  -0.00125863
1.263  -0.00125517
1.264  -0.0012587
1.265  -0.00125515
1.266  -0.00124933
1.267  -0.00125315
1.268  -0.00124519
1.269  -0.00124062
1.27  -0.00123641
1.271  -0.00123077
1.272  -0.00122204
1.273  -0.00121921
1.274  -0.00122103
1.275  -0.00121411
1.276  -0.00120811
1.277  -0.00120761
1.278  -0.00120968
1.279  -0.00120709
1.28  -0.00120326
1.281  -0.00120147
1.282  -0.00120884
1.283  -0.00120832
1.284  -0.00120351
1.285  -0.0011976
1.286  -0.00119103
1.287  -0.00119446
1.288  -0.00119667
1.289  -0.00119788
1.29  -0.00119883
1.291  -0.00120004
1.292  -0.00120156
1.293  -0.00120256
1.294  -0.00121304
1.295  -0.00121295
1.296  -0.00120977
1.297  -0.0012116
1.298  -0.00120286
1.299  -0.00120442
1.3  -0.00120613
1.301  -0.00120231
1.302  -0.00120033
1.303  -0.00120126
1.304  -0.00120416
1.305  -0.00120229
1.306  -0.00119415
1.307  -0.00119439
1.308  -0.001195
1.309  -0.00119517
1.31  -0.00119393
1.311  -0.00119155
1.312  -0.00119875
1.313  -0.00119509
1.314  -0.00119231
1.315  -0.0011864
1.316  -0.00118375
1.317  -0.00119262
1.318  -0.00119345
1.319  -0.00119469
1.32  -0.00119342
1.321  -0.00119035
1.322  -0.00119277
1.323  -0.00120172
1.324  -0.00121323
1.325  -0.00122428
1.326  -0.00122919
1.327  -0.00123636
1.328  -0.00123897
1.329  -0.00124299
1.33  -0.00124418
1.331  -0.00123583
1.332  -0.0012434
1.333  -0.00124099
1.334  -0.00125197
1.335  -0.0012549
1.336  -0.00125093
1.337  -0.00125991
1.338  -0.00126363
1.339  -0.00126905
1.34  -0.00127829
1.341  -0.00128071
1.342  -0.00128801
1.343  -0.00128659
1.344  -0.00128638
1.345  -0.00129223
1.346  -0.00128673
1.347  -0.00129655
1.348  -0.0012982
1.349  -0.00130818
1.35  -0.00131518
1.351  -0.0013132
1.352  -0.00132717
1.353  -0.00133022
1.354  -0.00133808
1.355  -0.00134878
1.356  -0.00135046
1.357  -0.00135907
1.358  -0.0013586
1.359  -0.00136265
1.36  -0.0013665
1.361  -0.00136856
1.362  -0.00137417
1.363  -0.00137318
1.364  -0.00137302
1.365  -0.00138565
1.366  -0.00138274
1.367  -0.00138938
1.368  -0.00138938
1.369  -0.00139361
1.37  -0.0013999
1.371  -0.00139513
1.372  -0.00140603
1.373  -0.0013998
1.374  -0.001397
1.375  -0.00139817
1.376  -0.00139638
1.377  -0.00141139
1.378  -0.00141844
1.379  -0.0014235
1.38  -0.00141836
1.381  -0.00141967
1.382  -0.00143237
1.383  -0.00143694
1.384  -0.0014455
1.385  -0.00145305
1.386  -0.0014545
1.387  -0.00146386
1.388  -0.00147006
1.389  -0.00147663
1.39  -0.00149173
1.391  -0.00149492
1.392  -0.00150106
1.393  -0.00149779
1.394  -0.00150085
1.395  -0.00150859
1.396  -0.00151285
1.397  -0.00151178
1.398  -0.00152285
1.399  -0.00153298
1.4  -0.00153912
1.401  -0.00153682
1.402  -0.00153869
1.403  -0.00152773
1.404  -0.00152548
1.405  -0.00153314
1.406  -0.00153506
1.407  -0.00153571
1.408  -0.00154165
1.409  -0.00154463
1.41  -0.00153191
1.411  -0.00153831
1.412  -0.00156334
1.413  -0.00156577
1.414  -0.00156744
1.415  -0.00157441
1.416  -0.00157737
1.417  -0.00158404
1.418  -0.00158512
1.419  -0.00158849
1.42  -0.00160352
1.421  -0.00160581
1.422  -0.00161693
1.423  -0.0016166
1.424  -0.00161744
1.425  -0.0016164
1.426  -0.00162995
1.427  -0.00162738
1.428  -0.00163738
1.429  -0.00165354
1.43  -0.00165711
1.431  -0.00165072
1.432  -0.00165493
1.433  -0.00165738
1.434  -0.00164604
1.435  -0.00165893
1.436  -0.00165807
1.437  -0.00166579
1.438  -0.00167691
1.439  -0.00168345
1.44  -0.00168989
1.441  -0.00169495
1.442  -0.00171331
1.443  -0.00171826
1.444  -0.00172143
1.445  -0.00173042
1.446  -0.00173974
1.447  -0.00173769
1.448  -0.0017395
1.449  -0.00174395
1.45  -0.00175791
1.451  -0.0017691
1.452  -0.00177511
1.453  -0.00178898
1.454  -0.00178467
1.455  -0.00178736
1.456  -0.00179898
1.457  -0.00180645
1.458  -0.00181813
1.459  -0.0018304
1.46  -0.00184054
1.461  -0.00183312
1.462  -0.00184541
1.463  -0.0018508
1.464  -0.00184269
1.465  -0.00184612
1.466  -0.00185707
1.467  -0.00187318
1.468  -0.00190016
1.469  -0.00190881
1.47  -0.00191481
1.471  -0.00191869
1.472  -0.00192859
1.473  -0.00193344
1.474  -0.00193056
1.475  -0.00194648
1.476  -0.00195623
1.477  -0.00194861
1.478  -0.00195011
1.479  -0.00195017
1.48  -0.00195678
1.481  -0.00194918
1.482  -0.00195553
1.483  -0.00195812
1.484  -0.00195671
1.485  -0.00195816
1.486  -0.00195163
1.487  -0.00194577
1.488  -0.00194022
1.489  -0.00194933
1.49  -0.00194317
1.491  -0.00194655
1.492  -0.00196245
1.493  -0.00195477
1.494  -0.00194486
1.495  -0.00193273
1.496  -0.00193845
1.497  -0.00194867
1.498  -0.00196552
1.499  -0.00197762
1.5  -0.00198266
1.501  -0.00199651
1.502  -0.00202099
1.503  -0.00201722
1.504  -0.00201843
1.505  -0.00204017
1.506  -0.00205615
1.507  -0.00205861
1.508  -0.00205328
1.509  -0.0020893
1.51  -0.00207174
1.511  -0.00205777
1.512  -0.00207506
1.513  -0.00207299
1.514  -0.00207251
1.515  -0.00206958
1.516  -0.00204341
1.517  -0.00203805
1.518  -0.00204052
1.519  -0.00205283
1.52  -0.00206688
1.521  -0.00207025
1.522  -0.00210367
1.523  -0.00212127
1.524  -0.00212436
1.525  -0.00212339
1.526  -0.00214082
1.527  -0.0021095
1.528  -0.00205931
1.529  -0.00204421
1.53  -0.00202423
1.531  -0.00200047
1.532  -0.00197001
1.533  -0.00194623
1.534  -0.00191789
1.535  -0.00190477
1.536  -0.00186976
1.537  -0.00183475
1.538  -0.00179975
1.539  -0.00175143
1.54  -0.0017031
1.541  -0.00165478
1.542  -0.00160646
1.543  -0.00155814
1.544  -0.00150981
1.545  -0.00146149
1.546  -0.00146149
1.547  -0.00146149
1.548  -0.00146149
1.549  -0.00146149
1.55  -0.00146149
1.551  -0.00146149
1.552  -0.00146149
1.553  -0.00146149
1.554  -0.00146149
1.555  -0.00146149
1.556  -0.00146149
1.557  -0.00146149
1.558  -0.00146149
1.559  -0.00146149
1.56  -0.00146149
1.561  -0.00146149
1.562  -0.00146149
1.563  -0.00146149
1.564  -0.00146149
1.565  -0.00146149
1.566  -0.00146149
1.567  -0.00146149
1.568  -0.00146149
1.569  -0.00146149
1.57  -0.00146149
1.571  -0.00146149
1.572  -0.00146149
1.573  -0.00146149
1.574  -0.00146149
1.575  -0.00146149
1.576  -0.00146149
1.577  -0.00146149
1.578  -0.00146149
1.579  -0.00146149
1.58  -0.00146149
1.581  -0.00146149
1.582  -0.00146149
1.583  -0.00146149
1.584  -0.00146149
1.585  -0.00146149
1.586  -0.00146149
1.587  -0.00146149
1.588  -0.00146149
1.589  -0.00146149
1.59  -0.00146149
1.591  -0.00146149
1.592  -0.00146149
1.593  -0.00146149
1.594  -0.00146149
1.595  -0.00146149
1.596  -0.00146149
1.597  -0.00146149
1.598  -0.00146149
1.599  -0.00146149
1.6  -0.00146149
1.601  -0.00146149
1.602  -0.00146149
1.603  -0.00146149
1.604  -0.00146149
1.605  -0.00146149
1.606  -0.00146149
1.607  -0.00146149
1.608  -0.00146149
1.609  -0.00146149
1.61  -0.00146149
1.611  -0.00146149
1.612  -0.00146149
1.613  -0.00146149
1.614  -0.00146149
1.615  -0.00146149
1.616  -0.00146149
1.617  -0.00146149
1.618  -0.00146149
1.619  -0.00146149
1.62  -0.00146149
1.621  -0.00146149
1.622  -0.00146149
1.623  -0.00146149
1.624  -0.00146149
1.625  -0.00146149
1.626  -0.00146149
1.627  -0.00146149
1.628  -0.00146149
1.629  -0.00146149
1.63  -0.00146149
1.631  -0.00146149
1.632  -0.00146149
1.633  -0.00146149
1.634  -0.00146149
1.635  -0.00146149
1.636  -0.00146149
1.637  -0.00146149
1.638  -0.00146149
1.639  -0.00146149
1.64  -0.00146149
1.641  -0.00146149
1.642  -0.00146149
1.643  -0.00146149
1.644  -0.00146149
1.645  -0.00146149
1.646  -0.00146149
1.647  -0.00146149
1.648  -0.00146149
1.649  -0.00146149
1.65  -0.00146149
1.651  -0.00146149
1.652  -0.00146149
1.653  -0.00146149
1.654  -0.00146149
1.655  -0.00146149
1.656  -0.00146149
1.657  -0.00146149
1.658  -0.00146149
1.659  -0.00146149
1.66  -0.00146149
1.661  -0.00146149
1.662  -0.00146149
1.663  -0.00146149
1.664  -0.00146149
1.665  -0.00146149
1.666  -0.00146149
1.667  -0.00146149
1.668  -0.00146149
1.669  -0.00146149
1.67  -0.00146149
1.671  -0.00146149
1.672  -0.00146149
1.673  -0.00146149
1.674  -0.00146149
1.675  -0.00146149
1.676  -0.00146149
1.677  -0.00146149
1.678  -0.00146149
1.679  -0.00146149
1.68  -0.00146149
1.681  -0.00146149
1.682  -0.00146149
1.683  -0.00146149
1.684  -0.00146149
1.685  -0.00146149
1.686  -0.00146149
1.687  -0.00146149
1.688  -0.00146149
1.689  -0.00146149
1.69  -0.00146149
1.691  -0.00146149
1.692  -0.00146149
1.693  -0.00146149
1.694  -0.00146149
1.695  -0.00146149
1.696  -0.00146149
1.697  -0.00146149
1.698  -0.00146149
1.699  -0.00146149
1.7  -0.00146149
1.701  -0.00146149
1.702  -0.00146149
1.703  -0.00146149
1.704  -0.00146149
1.705  -0.00146149
1.706  -0.00146149
1.707  -0.00146149
1.708  -0.00146149
1.709  -0.00146149
1.71  -0.00146149
1.711  -0.00146149
1.712  -0.00146149
1.713  -0.00146149
1.714  -0.00146149
1.715  -0.00146149
1.716  -0.00146149
1.717  -0.00146149
1.718  -0.00146149
1.719  -0.00146149
1.72  -0.00146149
1.721  -0.00146149
1.722  -0.00146149
1.723  -0.00146149
1.724  -0.00146149
1.725  -0.00146149
1.726  -0.00146149
1.727  -0.00146149
1.728  -0.00146149
1.729  -0.00146149
1.73  -0.00146149
1.731  -0.00146149
1.732  -0.00146149
1.733  -0.00146149
1.734  -0.00146149
1.735  -0.00146149
1.736  -0.00146149
1.737  -0.00146149
1.738  -0.00146149
1.739  -0.00146149
1.74  -0.00146149
1.741  -0.00146149
1.742  -0.00146149
1.743  -0.00146149
1.744  -0.00146149
1.745  -0.00146149
1.746  -0.00146149
1.747  -0.00146149
1.748  -0.00146149
1.749  -0.00146149
1.75  -0.00146149
1.751  -0.00146149
1.752  -0.00146149
1.753  -0.00146149
1.754  -0.00146149
1.755  -0.00146149
1.756  -0.00146149
1.757  -0.00146149
1.758  -0.00146149
1.759  -0.00146149
1.76  -0.00146149
1.761  -0.00146149
1.762  -0.00146149
1.763  -0.00146149
1.764  -0.00146149
1.765  -0.00146149
1.766  -0.00146149
1.767  -0.00146149
1.768  -0.00146149
1.769  -0.00146149
1.77  -0.00146149
1.771  -0.00146149
1.772  -0.00146149
1.773  -0.00146149
1.774  -0.00146149
1.775  -0.00146149
1.776  -0.00146149
1.777  -0.00146149
1.778  -0.00146149
1.779  -0.00146149
1.78  -0.00146149
1.781  -0.00146149
1.782  -0.00146149
1.783  -0.00146149
1.784  -0.00146149
1.785  -0.00146149
1.786  -0.00146149
1.787  -0.00146149
1.788  -0.00146149
1.789  -0.00146149
1.79  -0.00146149
1.791  -0.00146149
1.792  -0.00146149
1.793  -0.00146149
1.794  -0.00146149
1.795  -0.00146149
1.796  -0.00146149
1.797  -0.00146149
1.798  -0.00146149
1.799  -0.00146149
1.8  -0.00146149
1.801  -0.00146149
1.802  -0.00146149
1.803  -0.00146149
1.804  -0.00146149
1.805  -0.00146149
1.806  -0.00146149
1.807  -0.00146149
1.808  -0.00146149
1.809  -0.00146149
1.81  -0.00146149
1.811  -0.00146149
1.812  -0.00146149
1.813  -0.00146149
1.814  -0.00146149
1.815  -0.00146149
1.816  -0.00146149
1.817  -0.00146149
1.818  -0.00146149
1.819  -0.00146149
1.82  -0.00146149
1.821  -0.00146149
1.822  -0.00146149
1.823  -0.00146149
1.824  -0.00146149
1.825  -0.00146149
1.826  -0.00146149
1.827  -0.00146149
1.828  -0.00146149
1.829  -0.00146149
1.83  -0.00146149
1.831  -0.00146149
1.832  -0.00146149
1.833  -0.00146149
1.834  -0.00146149
1.835  -0.00146149
1.836  -0.00146149
1.837  -0.00146149
1.838  -0.00146149
1.839  -0.00146149
1.84  -0.00146149
1.841  -0.00146149
1.842  -0.00146149
1.843  -0.00146149
1.844  -0.00146149
1.845  -0.00146149
1.846  -0.00146149
1.847  -0.00146149
1.848  -0.00146149
1.849  -0.00146149
1.85  -0.00146149
1.851  -0.00146149
1.852  -0.00146149
1.853  -0.00146149
1.854  -0.00146149
1.855  -0.00146149
1.856  -0.00146149
1.857  -0.00146149
1.858  -0.00146149
1.859  -0.00146149
1.86  -0.00146149
1.861  -0.00146149
1.862  -0.00146149
1.863  -0.00146149
1.864  -0.00146149
1.865  -0.00146149
1.866  -0.00146149
1.867  -0.00146149
1.868  -0.00146149
1.869  -0.00146149
1.87  -0.00146149
1.871  -0.00146149
1.872  -0.00146149
1.873  -0.00146149
1.874  -0.00146149
1.875  -0.00146149
1.876  -0.00146149
1.877  -0.00146149
1.878  -0.00146149
1.879  -0.00146149
1.88  -0.00146149
1.881  -0.00146149
1.882  -0.00146149
1.883  -0.00146149
1.884  -0.00146149
1.885  -0.00146149
1.886  -0.00146149
1.887  -0.00146149
1.888  -0.00146149
1.889  -0.00146149
1.89  -0.00146149
1.891  -0.00146149
1.892  -0.00146149
1.893  -0.00146149
1.894  -0.00146149
1.895  -0.00146149
1.896  -0.00146149
1.897  -0.00146149
1.898  -0.00146149
1.899  -0.00146149
1.9  -0.00146149
1.901  -0.00146149
1.902  -0.00146149
1.903  -0.00146149
1.904  -0.00146149
1.905  -0.00146149
1.906  -0.00146149
1.907  -0.00146149
1.908  -0.00146149
1.909  -0.00146149
1.91  -0.00146149
1.911  -0.00146149
1.912  -0.00146149
1.913  -0.00146149
1.914  -0.00146149
1.915  -0.00146149
1.916  -0.00146149
1.917  -0.00146149
1.918  -0.00146149
1.919  -0.00146149
1.92  -0.00146149
1.921  -0.00146149
1.922  -0.00146149
1.923  -0.00146149
1.924  -0.00146149
1.925  -0.00146149
1.926  -0.00146149
1.927  -0.00146149
1.928  -0.00146149
1.929  -0.00146149
1.93  -0.00146149
1.931  -0.00146149
1.932  -0.00146149
1.933  -0.00146149
1.934  -0.00146149
1.935  -0.00146149
1.936  -0.00146149
1.937  -0.00146149
1.938  -0.00146149
1.939  -0.00146149
1.94  -0.00146149
1.941  -0.00146149
1.942  -0.00146149
1.943  -0.00146149
1.944  -0.00146149
1.945  -0.00146149
1.946  -0.00146149
1.947  -0.00146149
1.948  -0.00146149
1.949  -0.00146149
1.95  -0.00146149
1.951  -0.00146149
1.952  -0.00146149
1.953  -0.00146149
1.954  -0.00146149
1.955  -0.00146149
1.956  -0.00146149
1.957  -0.00146149
1.958  -0.00146149
1.959  -0.00146149
1.96  -0.00146149
1.961  -0.00146149
1.962  -0.00146149
1.963  -0.00146149
1.964  -0.00146149
1.965  -0.00146149
1.966  -0.00146149
1.967  -0.00146149
1.968  -0.00146149
1.969  -0.00146149
1.97  -0.00146149
1.971  -0.00146149
1.972  -0.00146149
1.973  -0.00146149
1.974  -0.00146149
1.975  -0.00146149
1.976  -0.00146149
1.977  -0.00146149
1.978  -0.00146149
1.979  -0.00146149
1.98  -0.00146149
1.981  -0.00146149
1.982  -0.00146149
1.983  -0.00146149
1.984  -0.00146149
1.985  -0.00146149
1.986  -0.00146149
1.987  -0.00146149
1.988  -0.00146149
1.989  -0.00146149
1.99  -0.00146149
1.991  -0.00146149
1.992  -0.00146149
1.993  -0.00146149
1.994  -0.00146149
1.995  -0.00146149
1.996  -0.00146149
1.997  -0.00146149
1.998  -0.00146149
1.999  -0.00146149
2  -0.00146149
2.001  -0.00146149
2.002  -0.00146149
2.003  -0.00146149
2.004  -0.00146149
2.005  -0.00146149
2.006  -0.00146149
2.007  -0.00146149
2.008  -0.00146149
2.009  -0.00146149
2.01  -0.00146149
2.011  -0.00146149
2.012  -0.00146149
2.013  -0.00146149
2.014  -0.00146149
2.015  -0.00146149
2.016  -0.00146149
2.017  -0.00146149
2.018  -0.00146149
2.019  -0.00146149
2.02  -0.00146149
2.021  -0.00146149
2.022  -0.00146149
2.023  -0.00146149
2.024  -0.00146149
2.025  -0.00146149
2.026  -0.00146149
2.027  -0.00146149
2.028  -0.00146149
2.029  -0.00146149
2.03  -0.00146149
2.031  -0.00146149
2.032  -0.00146149
2.033  -0.00146149
2.034  -0.00146149
2.035  -0.00146149
2.036  -0.00146149
2.037  -0.00146149
2.038  -0.00146149
2.039  -0.00146149
2.04  -0.00146149
2.041  -0.00146149
2.042  -0.00146149
2.043  -0.00146149
2.044  -0.00146149
2.045  -0.00146149
2.046  -0.00146149
2.047  -0.00146149
2.048  -0.00146149
2.049  -0.00146149
2.05  -0.00146149
2.051  -0.00146149
2.052  -0.00146149
2.053  -0.00146149
2.054  -0.00146149
2.055  -0.00146149
2.056  -0.00146149
2.057  -0.00146149
2.058  -0.00146149
2.059  -0.00146149
2.06  -0.00146149
2.061  -0.00146149
2.062  -0.00146149
2.063  -0.00146149
2.064  -0.00146149
2.065  -0.00146149
2.066  -0.00146149
2.067  -0.00146149
2.068  -0.00146149
2.069  -0.00146149
2.07  -0.00146149
2.071  -0.00146149
2.072  -0.00146149
2.073  -0.00146149
2.074  -0.00146149
2.075  -0.00146149
2.076  -0.00146149
2.077  -0.00146149
2.078  -0.00146149
2.079  -0.00146149
2.08  -0.00146149
2.081  -0.00146149
2.082  -0.00146149
2.083  -0.00146149
2.084  -0.00146149
2.085  -0.00146149
2.086  -0.00146149
2.087  -0.00146149
2.088  -0.00146149
2.089  -0.00146149
2.09  -0.00146149
2.091  -0.00146149
2.092  -0.00146149
2.093  -0.00146149
2.094  -0.00146149
2.095  -0.00146149
2.096  -0.00146149
2.097  -0.00146149
2.098  -0.00146149
2.099  -0.00146149
2.1  -0.00146149
2.101  -0.00146149
2.102  -0.00146149
2.103  -0.00146149
2.104  -0.00146149
2.105  -0.00146149
2.106  -0.00146149
2.107  -0.00146149
2.108  -0.00146149
2.109  -0.00146149
2.11  -0.00146149
2.111  -0.00146149
2.112  -0.00146149
2.113  -0.00146149
2.114  -0.00146149
2.115  -0.00146149
2.116  -0.00146149
2.117  -0.00146149
2.118  -0.00146149
2.119  -0.00146149
2.12  -0.00146149
2.121  -0.00146149
2.122  -0.00146149
2.123  -0.00146149
2.124  -0.00146149
2.125  -0.00146149
2.126  -0.00146149
2.127  -0.00146149
2.128  -0.00146149
2.129  -0.00146149
2.13  -0.00146149
2.131  -0.00146149
2.132  -0.00146149
2.133  -0.00146149
2.134  -0.00146149
2.135  -0.00146149
2.136  -0.00146149
2.137  -0.00146149
2.138  -0.00146149
2.139  -0.00146149
2.14  -0.00146149
2.141  -0.00146149
2.142  -0.00146149
2.143  -0.00146149
2.144  -0.00146149
2.145  -0.00146149
2.146  -0.00146149
2.147  -0.00146149
2.148  -0.00146149
2.149  -0.00146149
2.15  -0.00146149
2.151  -0.00146149
2.152  -0.00146149
2.153  -0.00146149
2.154  -0.00146149
2.155  -0.00146149
2.156  -0.00146149
2.157  -0.00146149
2.158  -0.00146149
2.159  -0.00146149
2.16  -0.00146149
2.161  -0.00146149
2.162  -0.00146149
2.163  -0.00146149
2.164  -0.00146149
2.165  -0.00146149
2.166  -0.00146149
2.167  -0.00146149
2.168  -0.00146149
2.169  -0.00146149
2.17  -0.00146149
2.171  -0.00146149
2.172  -0.00146149
2.173  -0.00146149
2.174  -0.00146149
2.175  -0.00146149
2.176  -0.00146149
2.177  -0.00146149
2.178  -0.00146149
2.179  -0.00146149
2.18  -0.00146149
2.181  -0.00146149
2.182  -0.00146149
2.183  -0.00146149
2.184  -0.00146149
2.185  -0.00146149
2.186  -0.00146149
2.187  -0.00146149
2.188  -0.00146149
2.189  -0.00146149
2.19  -0.00146149
2.191  -0.00146149
2.192  -0.00146149
2.193  -0.00146149
2.194  -0.00146149
2.195  -0.00146149
2.196  -0.00146149
2.197  -0.00146149
2.198  -0.00146149
2.199  -0.00146149
2.2  -0.00146149
2.201  -0.00146149
2.202  -0.00146149
2.203  -0.00146149
2.204  -0.00146149
2.205  -0.00146149
2.206  -0.00146149
2.207  -0.00146149
2.208  -0.00146149
2.209  -0.00146149
2.21  -0.00146149
2.211  -0.00146149
2.212  -0.00146149
2.213  -0.00146149
2.214  -0.00146149
2.215  -0.00146149
2.216  -0.00146149
2.217  -0.00146149
2.218  -0.00146149
2.219  -0.00146149
2.22  -0.00146149
2.221  -0.00146149
2.222  -0.00146149
2.223  -0.00146149
2.224  -0.00146149
2.225  -0.00146149
2.226  -0.00146149
2.227  -0.00146149
2.228  -0.00146149
2.229  -0.00146149
2.23  -0.00146149
2.231  -0.00146149
2.232  -0.00146149
2.233  -0.00146149
2.234  -0.00146149
2.235  -0.00146149
2.236  -0.00146149
2.237  -0.00146149
2.238  -0.00146149
2.239  -0.00146149
2.24  -0.00146149
2.241  -0.00146149
2.242  -0.00146149
2.243  -0.00146149
2.244  -0.00146149
2.245  -0.00146149
2.246  -0.00146149
2.247  -0.00146149
2.248  -0.00146149
2.249  -0.00146149
2.25  -0.00146149
2.251  -0.00146149
2.252  -0.00146149
2.253  -0.00146149
2.254  -0.00146149
2.255  -0.00146149
2.256  -0.00146149
2.257  -0.00146149
2.258  -0.00146149
2.259  -0.00146149
2.26  -0.00146149
2.261  -0.00146149
2.262  -0.00146149
2.263  -0.00146149
2.264  -0.00146149
2.265  -0.00146149
2.266  -0.00146149
2.267  -0.00146149
2.268  -0.00146149
2.269  -0.00146149
2.27  -0.00146149
2.271  -0.00146149
2.272  -0.00146149
2.273  -0.00146149
2.274  -0.00146149
2.275  -0.00146149
2.276  -0.00146149
2.277  -0.00146149
2.278  -0.00146149
2.279  -0.00146149
2.28  -0.00146149
2.281  -0.00146149
2.282  -0.00146149
2.283  -0.00146149
2.284  -0.00146149
2.285  -0.00146149
2.286  -0.00146149
2.287  -0.00146149
2.288  -0.00146149
2.289  -0.00146149
2.29  -0.00146149
2.291  -0.00146149
2.292  -0.00146149
2.293  -0.00146149
2.294  -0.00146149
2.295  -0.00146149
2.296  -0.00146149
2.297  -0.00146149
2.298  -0.00146149
2.299  -0.00146149
2.3  -0.00146149
2.301  -0.00146149
2.302  -0.00146149
2.303  -0.00146149
2.304  -0.00146149
2.305  -0.00146149
2.306  -0.00146149
2.307  -0.00146149
2.308  -0.00146149
2.309  -0.00146149
2.31  -0.00146149
2.311  -0.00146149
2.312  -0.00146149
2.313  -0.00146149
2.314  -0.00146149
2.315  -0.00146149
2.316  -0.00146149
2.317  -0.00146149
2.318  -0.00146149
2.319  -0.00146149
2.32  -0.00146149
2.321  -0.00146149
2.322  -0.00146149
2.323  -0.00146149
2.324  -0.00146149
2.325  -0.00146149
2.326  -0.00146149
2.327  -0.00146149
2.328  -0.00146149
2.329  -0.00146149
2.33  -0.00146149
2.331  -0.00146149
2.332  -0.00146149
2.333  -0.00146149
2.334  -0.00146149
2.335  -0.00146149
2.336  -0.00146149
2.337  -0.00146149
2.338  -0.00146149
2.339  -0.00146149
2.34  -0.00146149
2.341  -0.00146149
2.342  -0.00146149
2.343  -0.00146149
2.344  -0.00146149
2.345  -0.00146149
2.346  -0.00146149
2.347  -0.00146149
2.348  -0.00146149
2.349  -0.00146149
2.35  -0.00146149
2.351  -0.00146149
2.352  -0.00146149
2.353  -0.00146149
2.354  -0.00146149
2.355  -0.00146149
2.356  -0.00146149
2.357  -0.00146149
2.358  -0.00146149
2.359  -0.00146149
2.36  -0.00146149
2.361  -0.00146149
2.362  -0.00146149
2.363  -0.00146149
2.364  -0.00146149
2.365  -0.00146149
2.366  -0.00146149
2.367  -0.00146149
2.368  -0.00146149
2.369  -0.00146149
2.37  -0.00146149
2.371  -0.00146149
2.372  -0.00146149
2.373  -0.00146149
2.374  -0.00146149
2.375  -0.00146149
2.376  -0.00146149
2.377  -0.00146149
2.378  -0.00146149
2.379  -0.00146149
2.38  -0.00146149
2.381  -0.00146149
2.382  -0.00146149
2.383  -0.00146149
2.384  -0.00146149
2.385  -0.00146149
2.386  -0.00146149
2.387  -0.00146149
2.388  -0.00146149
2.389  -0.00146149
2.39  -0.00146149
2.391  -0.00146149
2.392  -0.00146149
2.393  -0.00146149
2.394  -0.00146149
2.395  -0.00146149
2.396  -0.00146149
2.397  -0.00146149
2.398  -0.00146149
2.399  -0.00146149
2.4  -0.00146149
2.401  -0.00146149
2.402  -0.00146149
2.403  -0.00146149
2.404  -0.00146149
2.405  -0.00146149
2.406  -0.00146149
2.407  -0.00146149
2.408  -0.00146149
2.409  -0.00146149
2.41  -0.00146149
2.411  -0.00146149
2.412  -0.00146149
2.413  -0.00146149
2.414  -0.00146149
2.415  -0.00146149
2.416  -0.00146149
2.417  -0.00146149
2.418  -0.00146149
2.419  -0.00146149
2.42  -0.00146149
2.421  -0.00146149
2.422  -0.00146149
2.423  -0.00146149
2.424  -0.00146149
2.425  -0.00146149
2.426  -0.00146149
2.427  -0.00146149
2.428  -0.00146149
2.429  -0.00146149
2.43  -0.00146149
2.431  -0.00146149
2.432  -0.00146149
2.433  -0.00146149
2.434  -0.00146149
2.435  -0.00146149
2.436  -0.00146149
2.437  -0.00146149
2.438  -0.00146149
2.439  -0.00146149
2.44  -0.00146149
2.441  -0.00146149
2.442  -0.00146149
2.443  -0.00146149
2.444  -0.00146149
2.445  -0.00146149
2.446  -0.00146149
2.447  -0.00146149
2.448  -0.00146149
2.449  -0.00146149
2.45  -0.00146149
2.451  -0.00146149
2.452  -0.00146149
2.453  -0.00146149
2.454  -0.00146149
2.455  -0.00146149
2.456  -0.00146149
2.457  -0.00146149
2.458  -0.00146149
2.459  -0.00146149
2.46  -0.00146149
2.461  -0.00146149
2.462  -0.00146149
2.463  -0.00146149
2.464  -0.00146149
2.465  -0.00146149
2.466  -0.00146149
2.467  -0.00146149
2.468  -0.00146149
2.469  -0.00146149
2.47  -0.00146149
2.471  -0.00146149
2.472  -0.00146149
2.473  -0.00146149
2.474  -0.00146149
2.475  -0.00146149
2.476  -0.00146149
2.477  -0.00146149
2.478  -0.00146149
2.479  -0.00146149
2.48  -0.00146149
2.481  -0.00146149
2.482  -0.00146149
2.483  -0.00146149
2.484  -0.00146149
2.485  -0.00146149
2.486  -0.00146149
2.487  -0.00146149
2.488  -0.00146149
2.489  -0.00146149
2.49  -0.00146149
2.491  -0.00146149
2.492  -0.00146149
2.493  -0.00146149
2.494  -0.00146149
2.495  -0.00146149
2.496  -0.00146149
2.497  -0.00146149
2.498  -0.00146149
2.499  -0.00146149
