138
2411
8195
9678
9993
25996
29140
44999
45288
66110
66978
69985
76455
80629
81314
82489
86441
94003
94980
96478
99171
99552
102760
107802
109920
122179
122951
128534
136574
137370
141611
157483
158034
160137
164436
165638
166121
176824
178515
183016
188515
194243
194550
204762
206724
207450
207955
209358
210931
212942
213235
223856
224973
227014
234615
240830
249491
251323
251556
253784
259255
260209
260362
260805
261976
267789
268587
271476
274751
276546
277390
281251
283731
290934
294962
302630
315988
322312
324266
326747
330867
335756
341776
345014
348166
351458
353834
354788
355756
359320
360479
363191
366360
375291
376438
381360
385349
391210
393773
395585
397249
399651
402750
404801
414977
418911
419938
423232
424484
424657
433684
434111
434192
435370
436404
439374
447125
451545
455805
465961
468855
471527
471551
474866
476604
477406
481402
481431
481703
484519
491189
494076
494556
506065
506896
507491
516827
518829
527704
532606
533047
537163
541790
542986
543275
552980
555818
560160
561176
561620
561798
563472
575663
578101
579036
591642
596651
596683
600393
604815
605592
608540
610062
613839
616740
625292
625782
627232
628453
629947
634051
642064
643187
645574
647897
650714
650729
651278
651573
653820
654805
656976
659785
663730
664917
666853
667484
668700
672011
678300
683346
688721
692158
692504
693997
694452
700499
700841
701608
704333
715585
722814
726006
728248
728843
731329
735792
740737
748645
751109
751507
752607
761872
764576
771150
771882
775801
777736
779212
781277
784389
796548
797930
798372
798734
805597
808111
808573
809839
809986
810962
813678
814372
818904
822386
825378
830685
833728
835073
841322
842489
843715
849239
850056
862370
862530
868485
869797
870846
873367
878734
884139
885291
897321
903078
907911
926412
929522
935688
936196
938375
945529
946390
950184
960103
961247
965013
966094
972835
975670
980002
980211
986630
999735
1004678
1012458
1014161
1022502
1027123
1028030
1029911
1035000
1056662
1056753
1059845
1060398
1061159
1062914
1063947
1072381
1072748
1073935
1084785
1089242
1089614
1090071
1091212
1102243
1110219
1112649
1114203
1118581
1122450
1128013
1134511
1148115
1153142
1153900
1155042
1155782
1160700
1161993
1162322
1164234
1167493
1169311
1175672
1176159
1177846
1183026
1188227
1189944
1190240
1195536
1200019
1202213
1203297
1213765
1214854
1221712
1223988
1234970
1237984
1242378
1248701
1249296
1254640
1264404
1269478
1271705
1271811
1276770
1280591
1281814
1283349
1286795
1289630
1290573
1299376
1301813
1305096
1308131
1321263
1327286
1329071
1329970
1330972
1334852
1337484
1337807
1337970
1338056
1343297
1343354
1350899
1353840
1359569
1367474
1369467
1377449
1377984
1381016
1383401
1384530
1388642
1394465
1408681
1409635
1411297
1424705
1427338
1433459
1433593
1437757
1439478
1440112
1448319
1450731
1451044
1459959
1460296
1460697
1463691
1464164
1470739
1474432
1477791
1478336
1478519
1484037
1485609
1497821
1516739
1517467
1519008
1522423
1524086
1529935
1529936
1534042
1541794
1545199
1545275
1550247
1553585
1556138
1556207
1559396
1559578
1560437
1567764
1568953
1577831
1585670
1586383
1589588
1590421
1594727
1600164
1600736
1604226
1611437
1613359
1614261
1615120
1615126
1621450
1626030
1626786
1628029
1630085
1636313
1644881
1644891
1646210
1647402
1648717
1650123
1654958
1655683
1663227
1670565
1675691
1677585
1678957
1682164
1682241
1683409
1684364
1684514
1684715
1690120
1691630
1694995
1698246
1699120
1699902
1700807
1701427
1709693
1720084
1728124
1734782
1734797
1734830
1736353
1736981
1738012
1744566
1749594
1753882
1754599
1759512
1761077
1763185
1766866
1771361
1771730
1772536
1777166
1777556
1797323
1800238
1800357
1804601
1807082
1808981
1809647
1812612
1820874
1823569
1835565
1839051
1841243
1841489
1847664
1848379
1849672
1849709
1851882
1861486
1869363
1871074
1878676
1880041
1891539
1896303
1899639
1900246
1900457
1903459
1907605
1919353
1919459
1920944
1925348
1938884
1947540
1949027
1951445
1953121
1957214
1958686
1960229
1960548
1962699
1965257
1966427
1967488
1970290
1970546
1971394
1979782
1986359
1993860
1994845
1998062
1998236
2005289
2006819
2008635
2014071
2015471
2015528
2015644
2016545
2020443
2026074
2035443
2037974
2044000
2044072
2050571
2056334
2057486
2064105
2065182
2066093
2067140
2072069
2075358
2079077
2080375
2081195
2084226
2084409
2085461
2089461
2109191
2110974
2118949
2121524
2122864
2125682
2130038
2141679
2146122
2161688
2166769
2167664
2169084
2169810
2176924
2180102
2180813
2184927
2185977
2188946
2190267
2192048
2194934
2199250
2202019
2203358
2217119
2218087
2219162
2219256
2222714
2228839
2228848
2232571
2234558
2235448
2238889
2241862
2241882
2243361
2244796
2251962
2252533
2255302
2256436
2260576
2262425
2265142
2266305
2268469
2275979
2279927
2281546
2285754
2287015
2288998
2293612
2294010
2294492
2295565
2299363
2300924
2302174
2302993
2305381
2307875
2308634
2311967
2313742
2316364
2319889
2331904
2340622
2344819
2350261
2351095
2358124
2358303
2360119
2369063
2373105
2377366
2381361
2386910
2392446
2392592
2410234
2413783
2416411
2418242
2418442
2422396
2423934
2425097
2434107
2441490
2442155
2445623
2449639
2454668
2464941
2470473
2472069
2475427
2477553
2477622
2477723
2479279
2479389
2479543
2480336
2483290
2487250
2495494
2497079
2503363
2511499
2518722
2523604
2525770
2534918
2540412
2541505
2544611
2547868
2556422
2558240
2558246
2558864
2562578
2572382
2582590
2583244
2588227
2591804
2592118
2594116
2595200
2604228
2608775
2616627
2620069
2628947
2638014
2639743
2658624
2669982
2670941
2676075
2676179
2684856
2700641
2700930
2718240
2718685
2721697
2738630
2741569
2745013
2749076
2760397
2765132
2767538
2768176
2771636
2772649
2776430
2779220
2780720
2781945
2793707
2798727
2802594
2804758
2804991
2805020
2806514
2808069
2809325
2811211
2818545
2829779
2832409
2833812
2834146
2836602
2843210
2843923
2845738
2847436
2847478
2850068
2853280
2855057
2855486
2862137
2864364
2866476
2885188
2886849
2890804
2899653
2904102
2905803
2906762
2908134
2920823
2926353
2936431
2938516
2946288
2953962
2955237
2979543
2983692
2983916
2988509
2988717
2989517
3006619
3007078
3007637
3008391
3010054
3014658
3016597
3019851
3027665
3028008
3031878
3035134
3037525
3037683
3054525
3056954
3057497
3058172
3058415
3070781
3097135
3101618
3109997
3117098
3119143
3121276
3122102
3122483
3131235
3133549
3133583
3151268
3172033
3177874
3179316
3181428
3183012
3184448
3186369
3194404
3195029
3204576
3210257
3211712
3215311
3223730
3223936
3232177
3245912
3246936
3258410
3269591
3270580
3276220
3288088
3291784
3293585
3296171
3299029
3302164
3302843
3312214
3316410
3320189
3350728
3364558
3365312
3366532
3371818
3376612
3381291
3384406
3385172
3392176
3410346
3410364
3419249
3421889
3424343
3434849
3438156
3450502
3461203
3463094
3473769
3483102
3486657
3493361
3495506
3507739
3514910
3516551
3518749
3522108
3528991
3538738
3549984
3551860
3554583
3556302
3556726
3558168
3563972
3568554
3577310
3584940
3587826
3594040
3596016
3596740
3597801
3602631
3605167
3623585
3629362
3631264
3634681
3635636
3639219
3643915
3652460
3654111
3655825
3663544
3677086
3687074
3688862
3698423
3701402
3713779
3716767
3720883
3726410
3726678
3731840
3731966
3740045
3749707
3753334
3754217
3774166
3774346
3775438
3775472
3782248
3788467
3794376
3821046
3823689
3825560
3826527
3830801
3832559
3837209
3843097
3843830
3845456
3845813
3848603
3850744
3858195
3866243
3873414
3880259
3884555
3896079
3896841
3899414
3900488
3900829
3909443
3914864
3927121
3932729
3938958
3958123
3962743
3971442
3973817
3984603
3988574
3990788
3999837
4011075
4011173
4016935
4018164
4018493
4033225
4036242
4042149
4048145
4049886
4059381
4062449
4071237
4082825
4084046
4090293
4095666
4106388
4108452
4116557
4128236
4129461
4135269
4137290
4137939
4140372
4141082
4141736
4144119
4145379
4147964
4158979
4169077
4171545
4173431
4175433
4179238
4179898
4194777
4195177
4199893
4203851
4204358
4213350
4214739
4216419
4229757
4232376
4241428
4246567
4251329
4275934
4277353
4282557
4283889
4292193
4292806
4305923
4308057
4316653
4323178
4323718
4329526
4332605
4339150
4344576
4349745
4363795
4365835
4367594
4372319
4373592
4375497
4381622
4382958
4390301
4392643
4398954
4399315
4401044
4405958
4419277
4420718
4420747
4430683
4430701
4431814
4431868
4444348
4449123
4451178
4457845
4468398
4473700
4490254
4496705
4503684
4513354
4519675
4525518
4533378
4538363
4544438
4544970
4548410
4549653
4551627
4553519
4574110
4575122
4600260
4600718
4601496
4601601
4605197
4606432
4634797
4635106
4640570
4661984
4669994
4677630
4692577
4704725
4708595
4709303
4713921
4740981
4745140
4749135
4754000
4759151
4759684
4767194
4768518
4772297
4773247
4782713
4789303
4803536
4805917
4813448
4825223
4831001
4837340
4841721
4846275
4851604
4858334
4865190
4865257
4876951
4894541
4897238
4904290
4907512
4913457
4925313
4929436
4933762
4936368
4936567
4937993
4943776
4947044
4953209
4960160
4962402
4963187
4968492
4969124
4969928
4979186
4979951
4980918
4992977
5005567
5011932
5014603
5014980
5015669
5033109
5038526
5039107
5041282
5049803
5050813
5055190
5071794
5086029
5090902
5118512
5125117
5131730
5139925
5140323
5143082
5145630
5154775
5161755
5163490
5167187
5172825
5186696
5186778
5186987
5193763
5207591
5217112
5219204
5219866
5230358
5254194
5263677
5280988
5287958
5294128
5295204
5297177
5312455
5321690
5325795
5328877
5339408
5340700
5348484
5365954
5384612
5384812
5388172
5391800
5392070
5392895
5403135
5417241
5432612
5438130
5440489
5441859
5443379
5444309
5449951
5452153
5458344
5458483
5467088
5471793
5472529
5476175
5479760
5484391
5486191
5493009
5498392
5511237
5512028
5519242
5527508
5531342
5541237
5541607
5545758
5550553
5554546
5566938
5568773
5574948
5576150
5577505
5580706
5589444
5593139
5593239
5595305
5598560
5598622
5598982
5606661
5610331
5631630
5632739
5634526
5640939
5654245
5664547
5668830
5674960
5675253
5677762
5680401
5680807
5681311
5683388
5683491
5697785
5699232
5701690
5703446
5706562
5711391
5711497
5724217
5726379
5733760
5736702
5746319
5747072
5750441
