## phi layer
# PHIorU layer angle par0 ....
## phi layer 0 ##
0 0 0 -0.857273 -0.016673 0.000231847 -1.18826e-06 3.11802e-09 -3.31401e-12
0 0 1 -0.477495 -0.034315 0.000432272 -2.37486e-06 6.34194e-09 -6.4378e-12
0 0 2 -0.426711 -0.032462 0.000426046 -2.45555e-06 6.73044e-09 -6.88125e-12
0 0 3 -0.768785 -0.014562 0.000225544 -1.61835e-06 5.28168e-09 -6.03981e-12
0 0 4 -0.832091 -0.001816 -7.8454e-06 -9.1245e-08 1.20006e-09 -2.21412e-12
0 0 5 -0.681876 -0.01066 0.000113791 -5.78386e-07 1.66001e-09 -1.84796e-12
0 0 6 -0.706638 -0.01514 0.000204635 -1.07415e-06 2.67686e-09 -2.5465e-12
0 0 7 -0.58102 -0.023306 0.000341082 -1.80876e-06 4.19961e-09 -3.58204e-12
0 0 8 -0.380765 -0.031422 0.000483299 -2.76887e-06 6.81093e-09 -6.03224e-12
0 0 9 -0.561288 -0.024355 0.000438648 -2.85239e-06 7.78038e-09 -7.51108e-12
0 0 10 -0.591893 -0.021103 0.000356274 -2.15906e-06 5.55486e-09 -5.10996e-12
0 0 11 -0.514869 -0.024133 0.000395721 -2.36501e-06 6.06884e-09 -5.61839e-12
0 0 12 -0.513785 -0.024687 0.000394334 -2.30756e-06 5.87258e-09 -5.47698e-12
0 0 13 -0.663048 -0.02181 0.000372426 -2.31941e-06 6.26639e-09 -6.13603e-12
0 0 14 -0.664156 -0.01328 0.000140906 -6.19071e-07 1.41845e-09 -1.35289e-12
0 0 15 -0.827015 0.000191 -0.000102844 9.77935e-07 -2.87765e-09 2.69529e-12
0 0 16 -0.682605 -0.013075 9.4371e-05 -1.79215e-07 1.94968e-10 -3.59885e-13
0 0 17 -0.357277 -0.037482 0.000466384 -2.3179e-06 5.50009e-09 -5.15548e-12
0 0 18 -0.533597 -0.040048 0.000568938 -3.00422e-06 7.03805e-09 -6.14209e-12
0 0 19 -0.513909 -0.04602 0.00068898 -3.82224e-06 9.31605e-09 -8.37384e-12
0 0 20 -0.499689 -0.040089 0.000579735 -3.07122e-06 7.1998e-09 -6.31806e-12
0 0 21 -0.146109 -0.055059 0.000773451 -3.98822e-06 8.91192e-09 -7.29918e-12
0 0 22 -0.605015 -0.030053 0.00046549 -2.45092e-06 5.58675e-09 -4.73101e-12
0 0 23 -0.728488 -0.026502 0.000426891 -2.30538e-06 5.42264e-09 -4.77244e-12
0 0 24 -0.580912 -0.034995 0.000539584 -2.9283e-06 6.90915e-09 -6.0255e-12
0 0 25 -0.36737 -0.048673 0.000757494 -4.29748e-06 1.06237e-08 -9.64513e-12
0 0 26 -0.436693 -0.045362 0.000706195 -3.99275e-06 9.89581e-09 -9.06374e-12
0 0 27 -0.611198 -0.038319 0.000637606 -3.70975e-06 9.43306e-09 -8.88322e-12
0 0 28 -0.696168 -0.032414 0.000568132 -3.3142e-06 8.35952e-09 -7.79887e-12
0 0 29 -0.772427 -0.020427 0.000381993 -2.12179e-06 5.06037e-09 -4.54977e-12
0 0 30 -1.04832 -0.006351 0.000241799 -1.53999e-06 4.02123e-09 -3.941e-12
0 0 31 -0.978473 -0.009734 0.000358535 -2.53279e-06 7.13178e-09 -7.19097e-12
0 0 32 -1.27695 0.011835 6.12782e-05 -9.05232e-07 3.27504e-09 -3.88652e-12
0 0 33 -1.15315 0.015626 -2.32615e-05 -2.63381e-07 1.35362e-09 -1.93275e-12
0 0 34 -1.22518 0.018264 -2.36152e-05 -3.60337e-07 1.83665e-09 -2.64207e-12
0 0 35 -1.12473 -0.004592 0.000367192 -2.58644e-06 7.16002e-09 -7.22168e-12
## phi layer 1 ##
0 1 0 -0.110398 -0.021115 0.00050521 -2.26044e-06 2.9831e-09 -3.76228e-13
0 1 1 -0.015665 -0.01767 0.000470773 -2.44606e-06 4.67129e-09 -3.0751e-12
0 1 2 -0.038531 -0.005001 0.00021154 -7.96816e-07 4.00585e-10 8.72075e-13
0 1 3 -0.031457 0.00146 0.000103857 -2.65426e-07 -6.67085e-10 1.66147e-12
0 1 4 0.014289 0.004155 3.94149e-06 5.35681e-07 -3.13606e-09 4.28812e-12
0 1 5 -0.157529 0.006518 -1.56217e-05 5.11779e-07 -2.70843e-09 3.58286e-12
0 1 6 -0.060228 0.000913 7.14914e-05 -1.0562e-07 -8.54205e-10 1.65568e-12
0 1 7 -0.024622 0.000898 4.61221e-05 8.91509e-08 -1.38504e-09 2.15714e-12
0 1 8 0.199186 -0.008711 0.000157186 -5.53788e-07 3.37316e-10 4.89926e-13
0 1 9 -0.129976 0.000776 4.27649e-05 -5.19358e-08 -5.34129e-10 9.78484e-13
0 1 10 -0.016775 -0.004969 9.85498e-05 -3.72679e-07 3.7501e-10 4.94559e-14
0 1 11 0.081873 -0.007094 7.0341e-05 -1.21855e-07 -2.55269e-10 5.72918e-13
0 1 12 0.047974 -0.010991 0.00011799 -5.31113e-07 1.24109e-09 -1.21351e-12
0 1 13 0.143459 -0.012904 0.000129426 -6.44904e-07 1.72215e-09 -1.81009e-12
0 1 14 0.134693 -0.012503 7.45353e-05 -1.50686e-07 9.5259e-11 2.9744e-14
0 1 15 0.146667 -0.012099 5.474e-05 -1.49171e-07 4.9163e-10 -6.83645e-13
0 1 16 0.131071 -0.012418 8.57641e-05 -5.82931e-07 2.13181e-09 -2.56149e-12
0 1 17 0.151933 -0.010225 8.09734e-05 -6.05461e-07 2.09081e-09 -2.30492e-12
0 1 18 -0.008557 -0.00823 0.000146085 -1.19225e-06 3.81543e-09 -4.05341e-12
0 1 19 0.077539 -0.006632 0.000100036 -7.58659e-07 2.31533e-09 -2.35271e-12
0 1 20 -0.073861 0.001948 -6.28315e-05 3.86275e-07 -8.76676e-10 6.78987e-13
0 1 21 0.028162 -0.002244 -2.66888e-05 2.15639e-07 -3.60726e-10 3.7325e-14
0 1 22 0.05233 -0.003485 -9.43184e-05 1.0431e-06 -3.29445e-09 3.31794e-12
0 1 23 -0.057131 0.001218 -0.000207347 1.9153e-06 -5.87677e-09 5.91627e-12
0 1 24 0.072966 -0.007888 -3.32224e-05 7.82112e-07 -2.90416e-09 3.19863e-12
0 1 25 0.045102 -0.003378 -9.66117e-05 1.27843e-06 -4.56454e-09 5.06324e-12
0 1 26 0.032637 0.001451 -0.000165175 1.73711e-06 -5.94371e-09 6.54181e-12
0 1 27 -0.161384 0.00567 -0.00016092 1.51858e-06 -5.07282e-09 5.50723e-12
0 1 28 -0.145071 0.00405 -0.00010844 1.18217e-06 -4.21373e-09 4.70179e-12
0 1 29 -0.065779 -0.000359 -3.63527e-05 8.43522e-07 -3.60089e-09 4.3237e-12
0 1 30 0.030019 -0.004246 3.67447e-05 4.31667e-07 -2.64994e-09 3.51812e-12
0 1 31 -0.101096 0.001351 -1.69844e-05 7.46472e-07 -3.55414e-09 4.44741e-12
0 1 32 -0.208272 0.005471 -2.85419e-05 6.59148e-07 -3.12037e-09 3.92963e-12
0 1 33 -0.015331 -0.004142 0.000150411 -3.81011e-07 -7.2419e-10 2.00991e-12
0 1 34 0.003517 -0.007396 0.000300042 -1.45659e-06 2.14354e-09 -6.74357e-13
0 1 35 0.254845 -0.022133 0.000501983 -2.32795e-06 3.33202e-09 -7.23791e-13
## phi layer 2 ##
0 2 0 0.110389 -0.000524 -7.95007e-05 3.50508e-07 -4.50014e-10 1.91165e-13
0 2 1 0.177903 0.001457 -8.25382e-05 2.542e-07 2.8812e-11 -4.68073e-13
0 2 2 0.062608 0.003522 -6.33194e-05 2.18501e-08 7.84408e-10 -1.26837e-12
0 2 3 0.074912 0.001599 -5.38423e-05 1.11331e-07 2.31661e-10 -5.17105e-13
0 2 4 0.033466 0.003268 -6.34456e-05 9.3996e-08 4.35298e-10 -8.34506e-13
0 2 5 -0.068466 0.005595 -2.55394e-05 -3.80418e-07 2.04667e-09 -2.57513e-12
0 2 6 -0.035137 0.004457 9.91439e-06 -6.74007e-07 2.97762e-09 -3.57457e-12
0 2 7 -0.008503 0.005308 -1.22115e-05 -5.37631e-07 2.7144e-09 -3.47024e-12
0 2 8 0.056204 0.004279 -1.24205e-05 -4.49487e-07 2.31719e-09 -2.98024e-12
0 2 9 0.122047 0.000586 2.51379e-05 -5.98685e-07 2.56481e-09 -3.10364e-12
0 2 10 0.154218 -0.001153 3.01436e-05 -5.36245e-07 2.26482e-09 -2.75356e-12
0 2 11 0.085304 0.003232 -5.86314e-05 1.02245e-07 4.20283e-10 -9.13577e-13
0 2 12 0.11026 0.001602 -3.09422e-05 -4.25802e-08 7.12157e-10 -1.10726e-12
0 2 13 0.065088 0.006222 -9.34469e-05 2.57337e-07 1.13404e-10 -6.8198e-13
0 2 14 0.133551 0.002673 -4.40072e-05 2.18196e-08 5.08494e-10 -8.35038e-13
0 2 15 0.137662 0.001286 -2.06355e-05 -8.49265e-08 6.4835e-10 -8.23712e-13
0 2 16 0.024359 0.003754 -6.49072e-05 2.80933e-07 -5.84211e-10 5.63391e-13
0 2 17 -0.153196 0.015915 -0.000291783 1.75218e-06 -4.48979e-09 4.23219e-12
0 2 18 -0.00102 0.011047 -0.000299509 1.83674e-06 -4.28597e-09 3.47682e-12
0 2 19 -0.087302 0.015901 -0.00034583 1.88061e-06 -3.84394e-09 2.62467e-12
0 2 20 0.007882 0.016457 -0.000388107 2.19328e-06 -4.74029e-09 3.55312e-12
0 2 21 0.03855 0.01206 -0.000286889 1.40396e-06 -2.29625e-09 9.54883e-13
0 2 22 0.001404 0.015486 -0.00032038 1.57656e-06 -2.7848e-09 1.49993e-12
0 2 23 -0.041693 0.018627 -0.000328969 1.509e-06 -2.46417e-09 1.13847e-12
0 2 24 -0.077484 0.019964 -0.000292424 1.04249e-06 -7.26909e-10 -9.22529e-13
0 2 25 -0.036028 0.018928 -0.000276744 1.02684e-06 -9.09995e-10 -5.76947e-13
0 2 26 -0.015699 0.018047 -0.000283529 1.32122e-06 -2.33782e-09 1.29176e-12
0 2 27 0.019442 0.010787 -0.00015397 6.07175e-07 -8.1987e-10 2.28629e-13
0 2 28 0.067249 0.010749 -0.000184964 9.39087e-07 -1.97813e-09 1.53378e-12
0 2 29 0.174388 0.001378 -4.86175e-05 2.02908e-07 -3.24921e-10 2.316e-13
0 2 30 0.151878 0.000944 -1.80285e-05 -1.17318e-07 7.75517e-10 -9.90282e-13
0 2 31 0.040882 0.006109 -9.91635e-05 3.25003e-07 -2.12012e-10 -2.10607e-13
0 2 32 -0.061116 0.010198 -0.000193259 1.01151e-06 -2.17946e-09 1.73819e-12
0 2 33 0.00664 0.006545 -0.000124423 4.21762e-07 -1.68985e-10 -5.54121e-13
0 2 34 0.116375 -6.3e-05 -3.08402e-05 -1.33612e-07 1.20544e-09 -1.71229e-12
0 2 35 0.021046 0.005156 -0.000121371 4.3197e-07 -2.97716e-10 -2.65911e-13
## phi layer 3 ##
0 3 0 0.245442 -0.012064 6.61727e-05 -6.01279e-07 2.42625e-09 -2.9287e-12
0 3 1 0.289449 -0.007207 -1.76105e-05 5.16502e-08 2.77622e-10 -4.90546e-13
0 3 2 0.106961 0.001166 -0.000116848 6.76959e-07 -1.46609e-09 1.18718e-12
0 3 3 0.157175 -0.004853 -2.52998e-05 2.64129e-07 -7.5132e-10 7.93446e-13
0 3 4 0.139308 -0.005253 4.512e-08 7.95419e-08 -2.14717e-10 2.29577e-13
0 3 5 0.159973 -0.006344 2.38015e-05 -5.37058e-08 1.06206e-10 -6.93622e-14
0 3 6 0.127512 -0.001728 -4.02822e-05 3.37633e-07 -9.08175e-10 8.33774e-13
0 3 7 0.138034 0.001834 -0.000105281 8.19582e-07 -2.36651e-09 2.34956e-12
0 3 8 0.170393 0.002967 -0.000115939 8.88938e-07 -2.53296e-09 2.45237e-12
0 3 9 0.136301 0.005937 -0.000152419 1.15387e-06 -3.3733e-09 3.3605e-12
0 3 10 0.160321 0.005899 -0.000114577 8.66522e-07 -2.59794e-09 2.62493e-12
0 3 11 0.174396 0.008245 -0.000120897 8.89939e-07 -2.78011e-09 2.94087e-12
0 3 12 0.233253 0.005202 -3.29201e-05 3.18468e-07 -1.37743e-09 1.74428e-12
0 3 13 0.246624 0.00488 -2.39148e-05 2.90408e-07 -1.32348e-09 1.65184e-12
0 3 14 0.292628 0.000732 6.48547e-05 -2.92485e-07 2.08457e-10 2.532e-13
0 3 15 0.344708 0.000205 8.99516e-05 -5.26191e-07 9.78795e-10 -5.85047e-13
0 3 16 0.129191 0.014529 -9.68391e-05 5.11965e-07 -1.65733e-09 1.89206e-12
0 3 17 0.219237 0.004142 0.000120689 -1.06859e-06 3.07908e-09 -3.08057e-12
0 3 18 0.179417 0.004124 7.27507e-05 -6.56541e-07 1.90669e-09 -1.98404e-12
0 3 19 0.177444 0.002726 0.000100551 -8.35792e-07 2.3377e-09 -2.31812e-12
0 3 20 0.196513 0.004284 6.46225e-05 -5.25221e-07 1.29951e-09 -1.16884e-12
0 3 21 0.30599 -0.000833 0.000147256 -9.74236e-07 2.20802e-09 -1.72783e-12
0 3 22 0.333239 -0.002889 0.000167883 -1.1517e-06 2.81646e-09 -2.36345e-12
0 3 23 0.253595 0.002605 7.84946e-05 -6.31662e-07 1.53625e-09 -1.22975e-12
0 3 24 0.33936 -0.003498 0.000149637 -9.76525e-07 2.2621e-09 -1.77135e-12
0 3 25 0.357364 -2.7e-05 3.4698e-05 -7.3568e-08 -4.38498e-10 1.00032e-12
0 3 26 0.280027 0.00059 3.52138e-05 -2.83267e-07 6.58546e-10 -4.61718e-13
0 3 27 0.24582 0.000656 2.42897e-05 -3.26596e-07 1.11304e-09 -1.165e-12
0 3 28 0.387864 -0.012582 0.000190484 -1.30278e-06 3.64252e-09 -3.4649e-12
0 3 29 0.220861 -0.003096 -1.87399e-05 5.25085e-08 1.6474e-10 -3.49021e-13
0 3 30 0.189042 -0.002867 -4.1635e-05 2.05032e-07 -2.21998e-10 1.5705e-14
0 3 31 0.231735 -0.008872 1.45963e-05 2.41608e-08 -1.34499e-10 2.94209e-13
0 3 32 0.36822 -0.02071 0.000189833 -9.58071e-07 2.19455e-09 -1.67541e-12
0 3 33 0.226395 -0.007913 -7.63481e-06 7.81195e-08 -9.64e-13 -8.3989e-14
0 3 34 0.139105 0.005663 -0.000262172 1.76688e-06 -4.77711e-09 4.84594e-12
0 3 35 0.053778 0.011831 -0.000314343 1.77769e-06 -3.98543e-09 3.28738e-12
## U layer
# PHIorU layer angle par0 ....
## U layer 0 ##
## U layer 1 ##
## U layer 2 ##
## U layer 3 ##
#typeId layer  seg  angle0
# Theta dependence is considered
#typeId layer  seg  theta phi0
